0 0.3341145833333333 0.649074074074074 0.013020833333333334 0.05
0 0.01171875 0.6291666666666667 0.018229166666666668 0.06759259259259259
0 0.64140625 0.6513888888888889 0.011979166666666667 0.05092592592592592
0 0.25026041666666665 0.6662037037037037 0.0359375 0.08981481481481482
0 0.67890625 0.649537037037037 0.016145833333333335 0.05648148148148148
0 0.11536458333333334 0.6472222222222223 0.0171875 0.07592592592592592
0 0.13177083333333334 0.6523148148148148 0.017708333333333333 0.07314814814814814
0 0.8247395833333333 0.6518518518518519 0.019270833333333334 0.08888888888888889
0 0.6575520833333334 0.6481481481481481 0.0140625 0.05555555555555555
0 0.6940104166666666 0.6481481481481481 0.015104166666666667 0.053703703703703705
