0 0.3234375 0.6574074074074074 0.014583333333333334 0.06481481481481481
0 0.7166666666666667 0.6550925925925926 0.016666666666666666 0.06388888888888888
0 0.6372395833333333 0.6574074074074074 0.0140625 0.05740740740740741
0 0.23828125 0.6703703703703704 0.04114583333333333 0.09444444444444444
0 0.6875 0.6564814814814814 0.015625 0.05925925925925926
0 0.09791666666666667 0.6518518518518519 0.017708333333333333 0.08148148148148149
0 0.1109375 0.6550925925925926 0.017708333333333333 0.07314814814814814
0 0.8440104166666667 0.6504629629629629 0.019270833333333334 0.08425925925925926
0 0.6544270833333333 0.6537037037037037 0.0140625 0.05555555555555555
0 0.703125 0.6564814814814814 0.016666666666666666 0.05740740740740741
