0 0.32265625 0.6587962962962963 0.015104166666666667 0.06574074074074074
0 0.7177083333333333 0.6550925925925926 0.016666666666666666 0.06388888888888888
0 0.63671875 0.6583333333333333 0.0140625 0.05740740740740741
0 0.23723958333333334 0.6722222222222223 0.04010416666666667 0.0962962962962963
0 0.6880208333333333 0.6578703703703703 0.015625 0.06018518518518518
0 0.09635416666666667 0.6527777777777778 0.017708333333333333 0.08148148148148149
0 0.10885416666666667 0.6560185185185186 0.017708333333333333 0.07314814814814814
0 0.8455729166666667 0.6509259259259259 0.019270833333333334 0.08518518518518518
0 0.6541666666666667 0.6541666666666667 0.014583333333333334 0.05648148148148148
0 0.7044270833333334 0.6578703703703703 0.0171875 0.058333333333333334
