0 0.3216145833333333 0.6592592592592592 0.015104166666666667 0.06666666666666667
0 0.71875 0.6560185185185186 0.016666666666666666 0.06388888888888888
0 0.6364583333333333 0.6597222222222222 0.014583333333333334 0.058333333333333334
0 0.23645833333333333 0.6731481481481482 0.03958333333333333 0.09814814814814815
0 0.6880208333333333 0.6592592592592592 0.015625 0.06111111111111111
0 0.09479166666666666 0.6537037037037037 0.017708333333333333 0.08148148148148149
0 0.10677083333333333 0.6560185185185186 0.017708333333333333 0.07314814814814814
0 0.84765625 0.6527777777777778 0.019270833333333334 0.08703703703703704
0 0.6536458333333334 0.6541666666666667 0.014583333333333334 0.05648148148148148
0 0.7049479166666667 0.6606481481481481 0.018229166666666668 0.06018518518518518
