0 0.31484375 0.6611111111111111 0.015104166666666667 0.06666666666666667
0 0.7244791666666667 0.6606481481481481 0.016666666666666666 0.06574074074074074
0 0.634375 0.6638888888888889 0.015625 0.05925925925925926
0 0.22890625 0.6773148148148148 0.03697916666666667 0.10462962962962963
0 0.6924479166666667 0.6620370370370371 0.0171875 0.06111111111111111
0 0.08463541666666667 0.6541666666666667 0.0171875 0.08055555555555556
0 0.09375 0.6578703703703703 0.017708333333333333 0.07314814814814814
0 0.6622395833333333 0.6574074074074074 0.015104166666666667 0.06111111111111111
0 0.86171875 0.6615740740740741 0.0203125 0.09907407407407408
0 0.6528645833333333 0.6560185185185186 0.016145833333333335 0.06018518518518518
0 0.7104166666666667 0.6648148148148149 0.01875 0.06111111111111111
