0 0.31692708333333336 0.6601851851851852 0.015104166666666667 0.06666666666666667
0 0.7223958333333333 0.6587962962962963 0.016666666666666666 0.06388888888888888
0 0.6346354166666667 0.6625 0.015104166666666667 0.058333333333333334
0 0.23177083333333334 0.6754629629629629 0.0375 0.10277777777777777
0 0.690625 0.6615740740740741 0.016666666666666666 0.062037037037037036
0 0.08776041666666666 0.6541666666666667 0.0171875 0.08055555555555556
0 0.0984375 0.6578703703703703 0.017708333333333333 0.07314814814814814
0 0.6622395833333333 0.6564814814814814 0.015104166666666667 0.06111111111111111
0 0.8567708333333334 0.6583333333333333 0.019791666666666666 0.09444444444444444
0 0.653125 0.6555555555555556 0.015625 0.05925925925925926
0 0.7088541666666667 0.6638888888888889 0.01875 0.06111111111111111
