0 0.2825520833333333 0.6564814814814814 0.015104166666666667 0.06666666666666667
0 0.7765625 0.6638888888888889 0.023958333333333335 0.09074074074074075
0 0.6299479166666667 0.6648148148148149 0.0203125 0.06851851851851852
0 0.1890625 0.6814814814814815 0.05625 0.12777777777777777
0 0.7322916666666667 0.6689814814814815 0.020833333333333332 0.07314814814814814
0 0.6606770833333333 0.6611111111111111 0.016145833333333335 0.07222222222222222
0 0.96953125 0.6703703703703704 0.028645833333333332 0.1388888888888889
0 0.6520833333333333 0.6587962962962963 0.016666666666666666 0.06388888888888888
0 0.11145833333333334 0.6513888888888889 0.016666666666666666 0.06759259259259259
0 0.7536458333333333 0.6703703703703704 0.023958333333333335 0.07037037037037037
