0 0.28151041666666665 0.6555555555555556 0.015104166666666667 0.06666666666666667
0 0.7833333333333333 0.6638888888888889 0.023958333333333335 0.09074074074074075
0 0.6291666666666667 0.6652777777777777 0.01875 0.06944444444444445
0 0.18515625 0.6810185185185185 0.05572916666666667 0.12685185185185185
0 0.7359375 0.6694444444444444 0.020833333333333332 0.07222222222222222
0 0.6609375 0.6615740740740741 0.016666666666666666 0.07314814814814814
0 0.9783854166666667 0.6722222222222223 0.025520833333333333 0.14074074074074075
0 0.6520833333333333 0.6601851851851852 0.016666666666666666 0.06666666666666667
0 0.10729166666666666 0.6513888888888889 0.016666666666666666 0.06759259259259259
0 0.7575520833333333 0.6736111111111112 0.024479166666666666 0.0712962962962963
