0 0.24635416666666668 0.6722222222222223 0.020833333333333332 0.08888888888888889
0 0.9145833333333333 0.6601851851851852 0.03125 0.12962962962962962
0 0.1390625 0.6337962962962963 0.011458333333333333 0.04722222222222222
0 0.11588541666666667 0.7134259259259259 0.06197916666666667 0.20092592592592592
0 0.82734375 0.6805555555555556 0.028645833333333332 0.10185185185185185
0 0.6713541666666667 0.6694444444444444 0.019791666666666666 0.08148148148148149
0 0.6583333333333333 0.6666666666666666 0.017708333333333333 0.08333333333333333
0 0.0453125 0.6666666666666666 0.016666666666666666 0.07592592592592592
0 0.9020833333333333 0.6592592592592592 0.025 0.11296296296296296
0 0.8580729166666666 0.6810185185185185 0.03177083333333333 0.10277777777777777
