0 0.246875 0.6731481481481482 0.020833333333333332 0.08888888888888889
0 0.9075520833333334 0.6611111111111111 0.03177083333333333 0.1259259259259259
0 0.13932291666666666 0.6328703703703704 0.0109375 0.04537037037037037
0 0.11953125 0.7143518518518519 0.06197916666666667 0.20277777777777778
0 0.82109375 0.6805555555555556 0.028645833333333332 0.1
0 0.6703125 0.6694444444444444 0.019791666666666666 0.08148148148148149
0 0.6583333333333333 0.6666666666666666 0.017708333333333333 0.08333333333333333
0 0.04791666666666667 0.6675925925925926 0.016666666666666666 0.07592592592592592
0 0.9026041666666667 0.6592592592592592 0.025 0.11296296296296296
0 0.8502604166666666 0.6800925925925926 0.03177083333333333 0.10277777777777777
