0 0.240625 0.674074074074074 0.020833333333333332 0.08888888888888889
0 0.9669270833333333 0.6638888888888889 0.0296875 0.15
0 0.9708333333333333 0.6574074074074074 0.025 0.11851851851851852
0 0.13515625 0.6388888888888888 0.013020833333333334 0.05555555555555555
0 0.9111979166666667 0.6685185185185185 0.027604166666666666 0.10555555555555556
0 0.09947916666666666 0.7226851851851852 0.07395833333333333 0.22870370370370371
0 0.8638020833333333 0.6833333333333333 0.028645833333333332 0.10740740740740741
0 0.029166666666666667 0.6694444444444444 0.016666666666666666 0.07777777777777778
0 0.9 0.663425925925926 0.025 0.11574074074074074
0 0.8924479166666667 0.6791666666666667 0.03177083333333333 0.10277777777777777
