0 0.24114583333333334 0.674074074074074 0.020833333333333332 0.08888888888888889
0 0.9653645833333333 0.6657407407407407 0.030729166666666665 0.15
0 0.9708333333333333 0.6574074074074074 0.025 0.11851851851851852
0 0.13567708333333334 0.6388888888888888 0.013020833333333334 0.05555555555555555
0 0.9122395833333333 0.6685185185185185 0.027604166666666666 0.10555555555555556
0 0.10052083333333334 0.7236111111111111 0.07395833333333333 0.22870370370370371
0 0.86171875 0.6833333333333333 0.028645833333333332 0.10740740740740741
0 0.0296875 0.6680555555555555 0.016666666666666666 0.07685185185185185
0 0.9005208333333333 0.6643518518518519 0.025 0.11574074074074074
0 0.8903645833333333 0.6791666666666667 0.03177083333333333 0.10277777777777777
