0 0.23854166666666668 0.6731481481481482 0.020833333333333332 0.08888888888888889
0 0.9861979166666667 0.6652777777777777 0.0265625 0.15092592592592594
0 0.9708333333333333 0.6546296296296297 0.025 0.11851851851851852
0 0.13411458333333334 0.6351851851851852 0.013020833333333334 0.05555555555555555
0 0.90859375 0.6675925925925926 0.027604166666666666 0.10555555555555556
0 0.09453125 0.7203703703703703 0.07447916666666667 0.24074074074074073
0 0.88125 0.6768518518518518 0.030208333333333334 0.10925925925925926
0 0.9567708333333333 0.6625 0.020833333333333332 0.12314814814814815
0 0.021875 0.6680555555555555 0.016666666666666666 0.0787037037037037
0 0.8973958333333333 0.6657407407407407 0.026041666666666668 0.12037037037037036
0 0.91015625 0.6768518518518518 0.03177083333333333 0.1037037037037037
