0 0.23802083333333332 0.6712962962962963 0.020833333333333332 0.08888888888888889
0 0.9885416666666667 0.6652777777777777 0.021875 0.15092592592592594
0 0.9703125 0.6537037037037037 0.025 0.11851851851851852
0 0.13411458333333334 0.6342592592592593 0.013020833333333334 0.05555555555555555
0 0.90859375 0.6666666666666666 0.027604166666666666 0.10555555555555556
0 0.09453125 0.7157407407407408 0.07447916666666667 0.24074074074074073
0 0.8846354166666667 0.6754629629629629 0.030729166666666665 0.11018518518518519
0 0.9567708333333333 0.6615740740740741 0.020833333333333332 0.12314814814814815
0 0.0203125 0.6671296296296296 0.016666666666666666 0.0787037037037037
0 0.8963541666666667 0.6671296296296296 0.026041666666666668 0.12314814814814815
0 0.9138020833333333 0.6759259259259259 0.03177083333333333 0.10555555555555556
