0 0.23229166666666667 0.6601851851851852 0.020833333333333332 0.08888888888888889
0 0.9666666666666667 0.649074074074074 0.025 0.11851851851851852
0 0.13463541666666667 0.6291666666666667 0.0140625 0.058333333333333334
0 0.9028645833333333 0.6611111111111111 0.027604166666666666 0.10555555555555556
0 0.0859375 0.7226851851851852 0.08645833333333333 0.2490740740740741
0 0.9169270833333333 0.6657407407407407 0.030729166666666665 0.12407407407407407
0 0.9567708333333333 0.6550925925925926 0.020833333333333332 0.12314814814814815
0 0.6893229166666667 0.6486111111111111 0.015104166666666667 0.04351851851851852
0 0.008854166666666666 0.6680555555555555 0.017708333333333333 0.09351851851851851
0 0.8856770833333333 0.662962962962963 0.025520833333333333 0.13148148148148148
0 0.9434895833333333 0.663425925925926 0.0296875 0.11574074074074074
