0 0.23229166666666667 0.6601851851851852 0.020833333333333332 0.08888888888888889
0 0.9661458333333334 0.6481481481481481 0.025 0.11851851851851852
0 0.13463541666666667 0.6291666666666667 0.0140625 0.058333333333333334
0 0.9018229166666667 0.6601851851851852 0.027604166666666666 0.10555555555555556
0 0.08854166666666667 0.7240740740740741 0.08854166666666667 0.2518518518518518
0 0.92109375 0.6657407407407407 0.030729166666666665 0.12407407407407407
0 0.6908854166666667 0.6476851851851851 0.015104166666666667 0.04351851851851852
0 0.008072916666666667 0.6694444444444444 0.016145833333333335 0.0962962962962963
0 0.8833333333333333 0.6625 0.025 0.13240740740740742
0 0.94765625 0.6625 0.0296875 0.11574074074074074
