0 0.22239583333333332 0.6601851851851852 0.020833333333333332 0.08888888888888889
0 0.017708333333333333 0.6546296296296297 0.01875 0.09444444444444444
0 0.9653645833333333 0.6541666666666667 0.0359375 0.1287037037037037
0 0.9098958333333333 0.6560185185185186 0.025 0.10648148148148148
0 0.14114583333333333 0.6365740740740741 0.014583333333333334 0.06018518518518518
0 0.8598958333333333 0.6467592592592593 0.021875 0.09907407407407408
0 0.9255208333333333 0.6537037037037037 0.021875 0.11296296296296296
0 0.19817708333333334 0.7444444444444445 0.12760416666666666 0.3388888888888889
0 0.9796875 0.65 0.022916666666666665 0.10925925925925926
0 0.70703125 0.6430555555555556 0.015104166666666667 0.04351851851851852
0 0.8369791666666667 0.6472222222222223 0.023958333333333335 0.11666666666666667
