0 0.22239583333333332 0.6601851851851852 0.020833333333333332 0.08888888888888889
0 0.018229166666666668 0.6541666666666667 0.01875 0.09351851851851851
0 0.9638020833333333 0.6560185185185186 0.0359375 0.1287037037037037
0 0.9083333333333333 0.6560185185185186 0.026041666666666668 0.10833333333333334
0 0.14192708333333334 0.637962962962963 0.015104166666666667 0.06111111111111111
0 0.859375 0.649537037037037 0.021875 0.09907407407407408
0 0.9244791666666666 0.6564814814814814 0.021875 0.11296296296296296
0 0.20833333333333334 0.7425925925925926 0.12395833333333334 0.34814814814814815
0 0.9776041666666667 0.6518518518518519 0.022916666666666665 0.10925925925925926
0 0.7080729166666667 0.6430555555555556 0.015104166666666667 0.04351851851851852
0 0.8359375 0.6481481481481481 0.023958333333333335 0.11666666666666667
