0 0.22239583333333332 0.6601851851851852 0.020833333333333332 0.08888888888888889
0 0.017708333333333333 0.6546296296296297 0.01875 0.09444444444444444
0 0.9643229166666667 0.6550925925925926 0.0359375 0.1287037037037037
0 0.9091145833333333 0.6564814814814814 0.025520833333333333 0.10740740740740741
0 0.14114583333333333 0.637962962962963 0.014583333333333334 0.06111111111111111
0 0.859375 0.6486111111111111 0.021875 0.09907407407407408
0 0.9255208333333333 0.6537037037037037 0.021875 0.11296296296296296
0 0.203125 0.7435185185185185 0.125 0.34444444444444444
0 0.9786458333333333 0.6509259259259259 0.022916666666666665 0.10925925925925926
0 0.7075520833333333 0.6430555555555556 0.015104166666666667 0.04351851851851852
0 0.8364583333333333 0.6472222222222223 0.023958333333333335 0.11666666666666667
