0 0.22239583333333332 0.6611111111111111 0.020833333333333332 0.08888888888888889
0 0.018489583333333334 0.6527777777777778 0.018229166666666668 0.09074074074074075
0 0.9520833333333333 0.6592592592592592 0.027083333333333334 0.12962962962962962
0 0.89765625 0.6611111111111111 0.0296875 0.11666666666666667
0 0.14505208333333333 0.6435185185185185 0.015104166666666667 0.06296296296296296
0 0.8541666666666666 0.6504629629629629 0.021875 0.09907407407407408
0 0.9208333333333333 0.6574074074074074 0.025 0.10925925925925926
0 0.23828125 0.749537037037037 0.1359375 0.3527777777777778
0 0.9716145833333333 0.6564814814814814 0.028645833333333332 0.10925925925925926
0 0.71171875 0.6430555555555556 0.015104166666666667 0.04351851851851852
0 0.83125 0.6509259259259259 0.023958333333333335 0.11666666666666667
