0 0.8854166666666666 0.6606481481481481 0.020833333333333332 0.10833333333333334
0 0.9838541666666667 0.6583333333333333 0.028125 0.14444444444444443
0 0.8458333333333333 0.6569444444444444 0.016666666666666666 0.08611111111111111
0 0.91640625 0.6689814814814815 0.0296875 0.12314814814814815
0 0.87265625 0.6615740740740741 0.0296875 0.10833333333333334
0 0.15520833333333334 0.6643518518518519 0.016666666666666666 0.07314814814814814
0 0.8325520833333333 0.6583333333333333 0.0171875 0.09814814814814815
0 0.8984375 0.6574074074074074 0.020833333333333332 0.10925925925925926
0 0.38125 0.7625 0.12708333333333333 0.3712962962962963
0 0.9359375 0.6671296296296296 0.022916666666666665 0.09722222222222222
0 0.72421875 0.6467592592592593 0.015104166666666667 0.04351851851851852
0 0.8088541666666667 0.6546296296296297 0.022916666666666665 0.1037037037037037
0 0.009635416666666667 0.6638888888888889 0.0171875 0.0962962962962963
