0 0.8880208333333334 0.6606481481481481 0.020833333333333332 0.10833333333333334
0 0.22135416666666666 0.6648148148148149 0.020833333333333332 0.08888888888888889
0 0.9875 0.6555555555555556 0.023958333333333335 0.14444444444444443
0 0.014322916666666666 0.6555555555555556 0.016145833333333335 0.09074074074074075
0 0.846875 0.6560185185185186 0.016666666666666666 0.08611111111111111
0 0.9216145833333333 0.6671296296296296 0.0296875 0.12314814814814815
0 0.8776041666666666 0.6578703703703703 0.023958333333333335 0.11203703703703703
0 0.15416666666666667 0.6606481481481481 0.016666666666666666 0.07314814814814814
0 0.8356770833333333 0.6574074074074074 0.0203125 0.09814814814814815
0 0.9010416666666666 0.6583333333333333 0.020833333333333332 0.10925925925925926
0 0.3533854166666667 0.7574074074074074 0.13802083333333334 0.36666666666666664
0 0.9395833333333333 0.6666666666666666 0.023958333333333335 0.09814814814814815
0 0.7216145833333333 0.6449074074074074 0.015104166666666667 0.04351851851851852
0 0.8125 0.6527777777777778 0.022916666666666665 0.1037037037037037
0 0.00859375 0.6620370370370371 0.0171875 0.0962962962962963
