0 0.8791666666666667 0.6578703703703703 0.020833333333333332 0.10833333333333334
0 0.9768229166666667 0.6560185185185186 0.0359375 0.15092592592592594
0 0.8453125 0.663425925925926 0.016666666666666666 0.08611111111111111
0 0.9075520833333334 0.6773148148148148 0.0296875 0.12314814814814815
0 0.8653645833333333 0.6615740740740741 0.0265625 0.10648148148148148
0 0.15572916666666667 0.6652777777777777 0.016666666666666666 0.07314814814814814
0 0.8942708333333333 0.6620370370370371 0.020833333333333332 0.10925925925925926
0 0.4044270833333333 0.7726851851851851 0.15885416666666666 0.3768518518518518
0 0.9302083333333333 0.6689814814814815 0.021875 0.09537037037037037
0 0.7278645833333334 0.6513888888888889 0.015104166666666667 0.04351851851851852
0 0.8036458333333333 0.6592592592592592 0.022916666666666665 0.1037037037037037
0 0.009635416666666667 0.6638888888888889 0.0171875 0.0962962962962963
