0 0.41328125 0.6527777777777778 0.0203125 0.08888888888888889
0 0.49505208333333334 0.6467592592592593 0.013020833333333334 0.05092592592592592
0 0.5385416666666667 0.6421296296296296 0.010416666666666666 0.03611111111111111
0 0.28151041666666665 0.6421296296296296 0.0140625 0.058333333333333334
0 0.25416666666666665 0.6421296296296296 0.016666666666666666 0.06388888888888888
0 0.31145833333333334 0.637962962962963 0.0125 0.04814814814814815
0 0.32447916666666665 0.6393518518518518 0.010416666666666666 0.03981481481481482
0 0.53125 0.638425925925926 0.010416666666666666 0.03981481481481482
0 0.47213541666666664 0.6453703703703704 0.011979166666666667 0.05185185185185185
0 0.26796875 0.6416666666666667 0.013020833333333334 0.05925925925925926
0 0.96328125 0.6550925925925926 0.034895833333333334 0.16574074074074074
