0 0.41432291666666665 0.6597222222222222 0.0203125 0.09166666666666666
0 0.49895833333333334 0.6527777777777778 0.013541666666666667 0.05185185185185185
0 0.5401041666666667 0.6467592592592593 0.010416666666666666 0.03611111111111111
0 0.27786458333333336 0.649537037037037 0.0140625 0.06018518518518518
0 0.2484375 0.6541666666666667 0.017708333333333333 0.06759259259259259
0 0.309375 0.6449074074074074 0.0125 0.049074074074074076
0 0.3229166666666667 0.649537037037037 0.010416666666666666 0.03981481481481482
0 0.5333333333333333 0.6430555555555556 0.010416666666666666 0.03981481481481482
0 0.4765625 0.6513888888888889 0.0125 0.05277777777777778
0 0.2643229166666667 0.649537037037037 0.013020833333333334 0.06018518518518518
0 0.9833333333333333 0.6564814814814814 0.03229166666666667 0.17037037037037037
