0 0.41328125 0.6541666666666667 0.019270833333333334 0.08981481481481482
0 0.49609375 0.6476851851851851 0.013020833333333334 0.05092592592592592
0 0.5390625 0.6430555555555556 0.010416666666666666 0.03611111111111111
0 0.28046875 0.6430555555555556 0.0140625 0.058333333333333334
0 0.2526041666666667 0.6453703703703704 0.016666666666666666 0.06481481481481481
0 0.3109375 0.6398148148148148 0.0125 0.04814814814814815
0 0.32447916666666665 0.6412037037037037 0.010416666666666666 0.03981481481481482
0 0.5317708333333333 0.6393518518518518 0.010416666666666666 0.03981481481481482
0 0.47317708333333336 0.6462962962962963 0.011979166666666667 0.05185185185185185
0 0.2669270833333333 0.6435185185185185 0.013020833333333334 0.05925925925925926
0 0.9682291666666667 0.6550925925925926 0.035416666666666666 0.16574074074074074
