0 0.42239583333333336 0.6671296296296296 0.03125 0.10277777777777777
0 0.5088541666666667 0.6569444444444444 0.015625 0.05277777777777778
0 0.54375 0.649537037037037 0.010416666666666666 0.03611111111111111
0 0.27005208333333336 0.6611111111111111 0.0140625 0.06111111111111111
0 0.2359375 0.6643518518518519 0.020833333333333332 0.075
0 0.30546875 0.6546296296296297 0.013020833333333334 0.05185185185185185
0 0.3203125 0.6569444444444444 0.010416666666666666 0.04351851851851852
0 0.5380208333333333 0.6458333333333334 0.010416666666666666 0.03981481481481482
0 0.4861979166666667 0.6541666666666667 0.013020833333333334 0.05277777777777778
0 0.25546875 0.6592592592592592 0.013020833333333334 0.06111111111111111
