0 0.4203125 0.6680555555555555 0.028125 0.09907407407407408
0 0.5052083333333334 0.6597222222222222 0.014583333333333334 0.05277777777777778
0 0.5427083333333333 0.6513888888888889 0.010416666666666666 0.03611111111111111
0 0.27265625 0.6620370370370371 0.0140625 0.06111111111111111
0 0.24010416666666667 0.6638888888888889 0.019791666666666666 0.07222222222222222
0 0.3065104166666667 0.6587962962962963 0.013020833333333334 0.05092592592592592
0 0.32083333333333336 0.6578703703703703 0.010416666666666666 0.041666666666666664
0 0.5354166666666667 0.649537037037037 0.010416666666666666 0.03981481481481482
0 0.4830729166666667 0.6541666666666667 0.013020833333333334 0.05277777777777778
0 0.25859375 0.6592592592592592 0.013020833333333334 0.06111111111111111
