0 0.4236979166666667 0.6625 0.03177083333333333 0.10462962962962963
0 0.51171875 0.6527777777777778 0.016145833333333335 0.053703703703703705
0 0.5458333333333333 0.6430555555555556 0.010416666666666666 0.03611111111111111
0 0.2677083333333333 0.6541666666666667 0.013541666666666667 0.062037037037037036
0 0.23177083333333334 0.6564814814814814 0.021875 0.07777777777777778
0 0.3046875 0.6467592592592593 0.013541666666666667 0.05277777777777778
0 0.31979166666666664 0.6513888888888889 0.010416666666666666 0.04537037037037037
0 0.540625 0.6393518518518518 0.010416666666666666 0.03981481481481482
0 0.4895833333333333 0.6504629629629629 0.013541666666666667 0.05277777777777778
0 0.2526041666666667 0.6546296296296297 0.013541666666666667 0.06111111111111111
