0 0.4192708333333333 0.6685185185185185 0.027083333333333334 0.09814814814814815
0 0.5046875 0.6597222222222222 0.014583333333333334 0.05277777777777778
0 0.5421875 0.6504629629629629 0.010416666666666666 0.03611111111111111
0 0.27317708333333335 0.6615740740740741 0.0140625 0.062037037037037036
0 0.24166666666666667 0.6625 0.019791666666666666 0.0712962962962963
0 0.30703125 0.6560185185185186 0.013020833333333334 0.05092592592592592
0 0.32083333333333336 0.6578703703703703 0.010416666666666666 0.041666666666666664
0 0.5348958333333333 0.649537037037037 0.010416666666666666 0.03981481481481482
0 0.4817708333333333 0.6541666666666667 0.0125 0.05277777777777778
0 0.2596354166666667 0.6574074074074074 0.013020833333333334 0.06111111111111111
