0 0.43020833333333336 0.6407407407407407 0.027083333333333334 0.11296296296296296
0 0.3065104166666667 0.6310185185185185 0.0140625 0.04722222222222222
0 0.5231770833333333 0.6305555555555555 0.016145833333333335 0.053703703703703705
0 0.5520833333333334 0.6171296296296296 0.010416666666666666 0.03611111111111111
0 0.26223958333333336 0.6310185185185185 0.013020833333333334 0.06759259259259259
0 0.21640625 0.6393518518518518 0.024479166666666666 0.08425925925925926
0 0.30182291666666666 0.624537037037037 0.0140625 0.05648148148148148
0 0.31875 0.6282407407407408 0.010416666666666666 0.04722222222222222
0 0.546875 0.6171296296296296 0.010416666666666666 0.03981481481481482
0 0.5018229166666667 0.6291666666666667 0.015104166666666667 0.05277777777777778
0 0.24635416666666668 0.6305555555555555 0.015625 0.06481481481481481
