0 0.434375 0.6393518518518518 0.029166666666666667 0.1175925925925926
0 0.30546875 0.6300925925925925 0.0140625 0.04722222222222222
0 0.5268229166666667 0.6287037037037037 0.016145833333333335 0.053703703703703705
0 0.5546875 0.6189814814814815 0.010416666666666666 0.03611111111111111
0 0.2609375 0.6305555555555555 0.013541666666666667 0.06851851851851852
0 0.21119791666666668 0.6356481481481482 0.025520833333333333 0.08611111111111111
0 0.68984375 0.6171296296296296 0.015104166666666667 0.058333333333333334
0 0.30052083333333335 0.625462962962963 0.014583333333333334 0.058333333333333334
0 0.3182291666666667 0.6273148148148148 0.010416666666666666 0.04722222222222222
0 0.5473958333333333 0.611574074074074 0.010416666666666666 0.03981481481481482
0 0.50625 0.6300925925925925 0.015625 0.05277777777777778
0 0.24401041666666667 0.6314814814814815 0.015104166666666667 0.06666666666666667
