0 0.4278645833333333 0.6444444444444445 0.0265625 0.10925925925925926
0 0.30703125 0.6337962962962963 0.0140625 0.04722222222222222
0 0.52109375 0.6342592592592593 0.016145833333333335 0.053703703703703705
0 0.5505208333333333 0.6208333333333333 0.010416666666666666 0.03611111111111111
0 0.26328125 0.6351851851851852 0.013020833333333334 0.06666666666666667
0 0.21979166666666666 0.6439814814814815 0.023958333333333335 0.0824074074074074
0 0.30234375 0.6277777777777778 0.0140625 0.05555555555555555
0 0.31927083333333334 0.6310185185185185 0.010416666666666666 0.04722222222222222
0 0.5463541666666667 0.6217592592592592 0.010416666666666666 0.03981481481481482
0 0.49895833333333334 0.6300925925925925 0.014583333333333334 0.05277777777777778
0 0.24791666666666667 0.6342592592592593 0.015625 0.06296296296296296
