0 0.42916666666666664 0.6425925925925926 0.027083333333333334 0.1111111111111111
0 0.3065104166666667 0.6319444444444444 0.0140625 0.04722222222222222
0 0.5221354166666666 0.6324074074074074 0.016145833333333335 0.053703703703703705
0 0.5515625 0.6180555555555556 0.010416666666666666 0.03611111111111111
0 0.26276041666666666 0.6328703703703704 0.013020833333333334 0.06759259259259259
0 0.21848958333333332 0.6416666666666667 0.024479166666666666 0.08333333333333333
0 0.30182291666666666 0.6263888888888889 0.0140625 0.05648148148148148
0 0.31875 0.6291666666666667 0.010416666666666666 0.04722222222222222
0 0.546875 0.6189814814814815 0.010416666666666666 0.03981481481481482
0 0.50078125 0.6291666666666667 0.015104166666666667 0.05277777777777778
0 0.24739583333333334 0.6319444444444444 0.015625 0.06388888888888888
