0 0.44192708333333336 0.6504629629629629 0.0359375 0.12129629629629629
0 0.30234375 0.6375 0.0140625 0.04722222222222222
0 0.5330729166666667 0.6314814814814815 0.016145833333333335 0.053703703703703705
0 0.5583333333333333 0.6291666666666667 0.010416666666666666 0.03796296296296296
0 0.25677083333333334 0.6398148148148148 0.015625 0.06851851851851852
0 0.20182291666666666 0.6444444444444445 0.0265625 0.08888888888888889
0 0.7013020833333333 0.6310185185185185 0.016145833333333335 0.058333333333333334
0 0.29765625 0.6324074074074074 0.015104166666666667 0.06111111111111111
0 0.3171875 0.6342592592592593 0.011458333333333333 0.04814814814814815
0 0.5494791666666666 0.6226851851851852 0.010416666666666666 0.03981481481481482
0 0.5125 0.6356481481481482 0.016666666666666666 0.05277777777777778
0 0.24088541666666666 0.6393518518518518 0.015104166666666667 0.06944444444444445
