0 0.45651041666666664 0.6504629629629629 0.033854166666666664 0.14351851851851852
0 0.2986979166666667 0.6365740740740741 0.0140625 0.049074074074074076
0 0.5536458333333333 0.6319444444444444 0.017708333333333333 0.06574074074074074
0 0.5651041666666666 0.6277777777777778 0.010416666666666666 0.03888888888888889
0 0.24583333333333332 0.6398148148148148 0.013541666666666667 0.07407407407407407
0 0.17604166666666668 0.6439814814814815 0.029166666666666667 0.09907407407407408
0 0.7283854166666667 0.625462962962963 0.019270833333333334 0.062037037037037036
0 0.28958333333333336 0.6319444444444444 0.016666666666666666 0.06759259259259259
0 0.3125 0.6347222222222222 0.011458333333333333 0.049074074074074076
0 0.5604166666666667 0.6268518518518519 0.010416666666666666 0.040740740740740744
0 0.5354166666666667 0.6365740740740741 0.01875 0.06018518518518518
0 0.22760416666666666 0.6370370370370371 0.015625 0.07407407407407407
