0 0.45260416666666664 0.6564814814814814 0.035416666666666666 0.1388888888888889
0 0.30026041666666664 0.6444444444444445 0.0140625 0.04814814814814815
0 0.54765625 0.638425925925926 0.0171875 0.062037037037037036
0 0.5635416666666667 0.6342592592592593 0.010416666666666666 0.03888888888888889
0 0.24817708333333333 0.6435185185185185 0.013020833333333334 0.07222222222222222
0 0.18151041666666667 0.6504629629629629 0.028645833333333332 0.09537037037037037
0 0.7239583333333334 0.6324074074074074 0.01875 0.06111111111111111
0 0.29140625 0.6398148148148148 0.016145833333333335 0.06666666666666667
0 0.3140625 0.6393518518518518 0.011458333333333333 0.049074074074074076
0 0.5578125 0.6310185185185185 0.010416666666666666 0.03981481481481482
0 0.5307291666666667 0.6407407407407407 0.019791666666666666 0.05925925925925926
0 0.23151041666666666 0.6430555555555556 0.0171875 0.07685185185185185
