0 0.4518229166666667 0.6601851851851852 0.0359375 0.13703703703703704
0 0.30078125 0.6462962962962963 0.0140625 0.04814814814814815
0 0.54609375 0.6393518518518518 0.0171875 0.06018518518518518
0 0.5635416666666667 0.6351851851851852 0.010416666666666666 0.03888888888888889
0 0.24895833333333334 0.6462962962962963 0.0125 0.07222222222222222
0 0.1828125 0.6518518518518519 0.028125 0.09444444444444444
0 0.7223958333333333 0.6361111111111111 0.01875 0.06111111111111111
0 0.29192708333333334 0.6407407407407407 0.016145833333333335 0.06666666666666667
0 0.3145833333333333 0.6412037037037037 0.011458333333333333 0.049074074074074076
0 0.5572916666666666 0.6319444444444444 0.010416666666666666 0.03981481481481482
0 0.5291666666666667 0.6416666666666667 0.019791666666666666 0.05925925925925926
0 0.23229166666666667 0.6444444444444445 0.016666666666666666 0.07592592592592592
