0 0.46171875 0.649074074074074 0.034895833333333334 0.15
0 0.29921875 0.6356481481481482 0.0140625 0.049074074074074076
0 0.5588541666666667 0.6314814814814815 0.017708333333333333 0.06666666666666667
0 0.5661458333333333 0.6240740740740741 0.010416666666666666 0.03888888888888889
0 0.24401041666666667 0.6361111111111111 0.0140625 0.07592592592592592
0 0.17057291666666666 0.6402777777777777 0.0296875 0.10277777777777777
0 0.73359375 0.6282407407407408 0.019270833333333334 0.06388888888888888
0 0.2872395833333333 0.6305555555555555 0.0171875 0.07037037037037037
0 0.31197916666666664 0.6319444444444444 0.011458333333333333 0.049074074074074076
0 0.5627604166666667 0.6259259259259259 0.0109375 0.040740740740740744
0 0.5408854166666667 0.6342592592592593 0.0171875 0.06481481481481481
0 0.225 0.6361111111111111 0.016666666666666666 0.07777777777777778
