0 0.4734375 0.6592592592592592 0.04583333333333333 0.15185185185185185
0 0.29973958333333334 0.6425925925925926 0.0140625 0.05
0 0.5651041666666666 0.6421296296296296 0.016666666666666666 0.06759259259259259
0 0.5703125 0.6324074074074074 0.010416666666666666 0.03888888888888889
0 0.23880208333333333 0.6430555555555556 0.0140625 0.0787037037037037
0 0.159375 0.649074074074074 0.03125 0.1037037037037037
0 0.7447916666666666 0.6365740740740741 0.019791666666666666 0.06574074074074074
0 0.28411458333333334 0.6398148148148148 0.018229166666666668 0.07962962962962963
0 0.31302083333333336 0.638425925925926 0.011458333333333333 0.049074074074074076
0 0.5658854166666667 0.6398148148148148 0.0109375 0.040740740740740744
0 0.54921875 0.6412037037037037 0.0203125 0.06388888888888888
0 0.22083333333333333 0.6421296296296296 0.016666666666666666 0.0824074074074074
