0 0.503125 0.6805555555555556 0.04479166666666667 0.17962962962962964
0 0.29921875 0.6541666666666667 0.0140625 0.05092592592592592
0 0.5864583333333333 0.6527777777777778 0.016666666666666666 0.06666666666666667
0 0.5828125 0.6504629629629629 0.010416666666666666 0.03981481481481482
0 0.23098958333333333 0.6560185185185186 0.015104166666666667 0.08425925925925926
0 0.128125 0.662962962962963 0.035416666666666666 0.11851851851851852
0 0.7721354166666666 0.6472222222222223 0.019270833333333334 0.06851851851851852
0 0.2799479166666667 0.6518518518518519 0.019270833333333334 0.08333333333333333
0 0.8776041666666666 0.637962962962963 0.021875 0.06851851851851852
0 0.3145833333333333 0.6513888888888889 0.011458333333333333 0.049074074074074076
0 0.5752604166666667 0.6421296296296296 0.011979166666666667 0.04351851851851852
0 0.5770833333333333 0.6550925925925926 0.021875 0.06388888888888888
0 0.2125 0.6555555555555556 0.019791666666666666 0.09074074074074075
