0 0.5010416666666667 0.6787037037037037 0.04583333333333333 0.17777777777777778
0 0.29921875 0.6532407407407408 0.0140625 0.05092592592592592
0 0.584375 0.6532407407407408 0.016666666666666666 0.06759259259259259
0 0.5817708333333333 0.649537037037037 0.010416666666666666 0.03981481481481482
0 0.23098958333333333 0.6560185185185186 0.0140625 0.08425925925925926
0 0.13072916666666667 0.6611111111111111 0.035416666666666666 0.11666666666666667
0 0.7700520833333333 0.6453703703703704 0.019270833333333334 0.07037037037037037
0 0.2799479166666667 0.6513888888888889 0.018229166666666668 0.0824074074074074
0 0.8755208333333333 0.6365740740740741 0.021875 0.06944444444444445
0 0.3140625 0.6509259259259259 0.011458333333333333 0.05
0 0.5747395833333333 0.6421296296296296 0.011979166666666667 0.04351851851851852
0 0.575 0.6532407407407408 0.021875 0.06388888888888888
0 0.21276041666666667 0.6550925925925926 0.019270833333333334 0.08981481481481482
