0 0.5421875 0.6972222222222222 0.06145833333333333 0.20925925925925926
0 0.30026041666666664 0.6615740740740741 0.0140625 0.05092592592592592
0 0.6033854166666667 0.6578703703703703 0.0171875 0.06574074074074074
0 0.5916666666666667 0.6523148148148148 0.010416666666666666 0.03981481481481482
0 0.225 0.6652777777777777 0.019791666666666666 0.08796296296296297
0 0.10338541666666666 0.6722222222222223 0.03802083333333333 0.13148148148148148
0 0.7979166666666667 0.6541666666666667 0.019791666666666666 0.06944444444444445
0 0.27447916666666666 0.662962962962963 0.020833333333333332 0.09259259259259259
0 0.896875 0.6435185185185185 0.020833333333333332 0.07037037037037037
0 0.3182291666666667 0.6541666666666667 0.0125 0.049074074074074076
0 0.5846354166666666 0.6527777777777778 0.011979166666666667 0.04814814814814815
0 0.5997395833333333 0.6606481481481481 0.021354166666666667 0.06574074074074074
0 0.20572916666666666 0.663425925925926 0.01875 0.08796296296296297
