0 0.5119791666666667 0.6819444444444445 0.04479166666666667 0.1935185185185185
0 0.29973958333333334 0.6560185185185186 0.0140625 0.05092592592592592
0 0.5921875 0.6541666666666667 0.016666666666666666 0.06574074074074074
0 0.5854166666666667 0.6513888888888889 0.010416666666666666 0.03981481481481482
0 0.23072916666666668 0.6564814814814814 0.017708333333333333 0.08518518518518518
0 0.12135416666666667 0.6666666666666666 0.036458333333333336 0.12222222222222222
0 0.7794270833333333 0.649537037037037 0.019270833333333334 0.06759259259259259
0 0.27890625 0.6537037037037037 0.0203125 0.08703703703703704
0 0.8833333333333333 0.6425925925925926 0.020833333333333332 0.06666666666666667
0 0.315625 0.6532407407407408 0.011458333333333333 0.049074074074074076
0 0.578125 0.6444444444444445 0.0125 0.044444444444444446
0 0.5838541666666667 0.6583333333333333 0.021875 0.06481481481481481
0 0.2109375 0.6560185185185186 0.019791666666666666 0.08981481481481482
