0 0.5669270833333333 0.6962962962962963 0.06197916666666667 0.2351851851851852
0 0.30182291666666666 0.6587962962962963 0.0140625 0.05092592592592592
0 0.6169270833333333 0.6518518518518519 0.0171875 0.06666666666666667
0 0.5979166666666667 0.6453703703703704 0.010416666666666666 0.040740740740740744
0 0.22083333333333333 0.6611111111111111 0.019791666666666666 0.09074074074074075
0 0.08072916666666667 0.6671296296296296 0.03854166666666667 0.1398148148148148
0 0.81796875 0.6467592592592593 0.0203125 0.0712962962962963
0 0.2703125 0.6555555555555556 0.021875 0.0962962962962963
0 0.9119791666666667 0.6402777777777777 0.022916666666666665 0.0712962962962963
0 0.31953125 0.6550925925925926 0.013020833333333334 0.049074074074074076
0 0.59296875 0.6476851851851851 0.011979166666666667 0.05277777777777778
0 0.61640625 0.6564814814814814 0.019270833333333334 0.07037037037037037
0 0.19973958333333333 0.6583333333333333 0.019270833333333334 0.09074074074074075
