0 0.61484375 0.7027777777777777 0.0765625 0.2796296296296296
0 0.3 0.662962962962963 0.014583333333333334 0.05555555555555555
0 0.6361979166666667 0.6537037037037037 0.0171875 0.06851851851851852
0 0.60625 0.649074074074074 0.010416666666666666 0.044444444444444446
0 0.20989583333333334 0.6615740740740741 0.019791666666666666 0.09537037037037037
0 0.03515625 0.6726851851851852 0.043229166666666666 0.15833333333333333
0 0.8416666666666667 0.6444444444444445 0.019791666666666666 0.07222222222222222
0 0.26119791666666664 0.6601851851851852 0.0234375 0.10185185185185185
0 0.9296875 0.6365740740740741 0.022916666666666665 0.0712962962962963
0 0.3177083333333333 0.6574074074074074 0.013541666666666667 0.05
0 0.60234375 0.6467592592592593 0.011979166666666667 0.05092592592592592
0 0.6401041666666667 0.6504629629629629 0.023958333333333335 0.08055555555555556
0 0.18776041666666668 0.6578703703703703 0.021354166666666667 0.10092592592592593
