0 0.7856770833333333 0.7379629629629629 0.1015625 0.4425925925925926
0 0.275 0.6657407407407407 0.017708333333333333 0.05185185185185185
0 0.65390625 0.6606481481481481 0.0171875 0.0787037037037037
0 0.6046875 0.6555555555555556 0.010416666666666666 0.040740740740740744
0 0.1546875 0.6768518518518518 0.021875 0.11296296296296296
0 0.878125 0.6472222222222223 0.019791666666666666 0.08333333333333333
0 0.20286458333333332 0.6736111111111112 0.021354166666666667 0.125
0 0.95234375 0.6412037037037037 0.0234375 0.08055555555555556
0 0.2916666666666667 0.6675925925925926 0.015625 0.053703703703703705
0 0.6723958333333333 0.6606481481481481 0.023958333333333335 0.08981481481481482
0 0.12994791666666666 0.6726851851851852 0.022395833333333334 0.1175925925925926
