0 0.8869791666666667 0.7398148148148148 0.125 0.5055555555555555
0 0.2643229166666667 0.6708333333333333 0.015104166666666667 0.05648148148148148
0 0.6591145833333333 0.662962962962963 0.018229166666666668 0.07777777777777778
0 0.59921875 0.6541666666666667 0.0109375 0.049074074074074076
0 0.13020833333333334 0.6810185185185185 0.022916666666666665 0.11944444444444445
0 0.8875 0.6472222222222223 0.019791666666666666 0.08333333333333333
0 0.17526041666666667 0.6768518518518518 0.0296875 0.13333333333333333
0 0.9598958333333333 0.6370370370370371 0.023958333333333335 0.08333333333333333
0 0.28151041666666665 0.6680555555555555 0.016145833333333335 0.05648148148148148
0 0.6848958333333334 0.6587962962962963 0.023958333333333335 0.08981481481481482
0 0.10598958333333333 0.6763888888888889 0.0234375 0.12129629629629629
