0 0.35 0.5884259259259259 0.009375 0.041666666666666664
0 0.6333333333333333 0.575 0.019791666666666666 0.07037037037037037
0 0.0875 0.5967592592592592 0.016666666666666666 0.05277777777777778
0 0.07760416666666667 0.5930555555555556 0.01875 0.05277777777777778
0 0.9309895833333334 0.6444444444444445 0.06302083333333333 0.34629629629629627
0 0.4674479166666667 0.5805555555555556 0.013020833333333334 0.040740740740740744
0 0.29375 0.5842592592592593 0.010416666666666666 0.03518518518518519
0 0.9552083333333333 0.6041666666666666 0.0375 0.18611111111111112
0 0.30130208333333336 0.5837962962962963 0.0109375 0.03611111111111111
0 0.11276041666666667 0.5888888888888889 0.016145833333333335 0.06296296296296296
