0 0.35078125 0.5884259259259259 0.009895833333333333 0.03981481481481482
0 0.62734375 0.575925925925926 0.019270833333333334 0.06851851851851852
0 0.0953125 0.5986111111111111 0.016666666666666666 0.05092592592592592
0 0.0859375 0.5967592592592592 0.01875 0.05277777777777778
0 0.8828125 0.6398148148148148 0.053125 0.31296296296296294
0 0.46588541666666666 0.5828703703703704 0.013020833333333334 0.03981481481481482
0 0.29583333333333334 0.5842592592592593 0.010416666666666666 0.03518518518518519
0 0.9234375 0.6032407407407407 0.0375 0.18611111111111112
0 0.3033854166666667 0.5856481481481481 0.0109375 0.03611111111111111
0 0.11979166666666667 0.5907407407407408 0.015625 0.06111111111111111
