0 0.690625 0.6712962962962963 0.016666666666666666 0.06481481481481481
0 0.9169270833333333 0.7388888888888889 0.06822916666666666 0.32407407407407407
0 0.67421875 0.663425925925926 0.015104166666666667 0.06944444444444445
0 0.8203125 0.6513888888888889 0.020833333333333332 0.10092592592592593
0 0.8921875 0.7685185185185185 0.08541666666666667 0.37962962962962965
0 0.6403645833333333 0.6564814814814814 0.027604166666666666 0.0962962962962963
0 0.48359375 0.6407407407407407 0.0140625 0.05
0 0.6828125 0.6541666666666667 0.01875 0.09166666666666666
0 0.7322916666666667 0.6430555555555556 0.021875 0.075
0 0.8778645833333333 0.6611111111111111 0.033854166666666664 0.11666666666666667
0 0.26588541666666665 0.6430555555555556 0.019270833333333334 0.08611111111111111
0 0.7119791666666667 0.6476851851851851 0.019791666666666666 0.08796296296296297
0 0.6640625 0.6407407407407407 0.016666666666666666 0.06296296296296296
0 0.19895833333333332 0.6199074074074075 0.019791666666666666 0.07314814814814814
0 0.6721354166666667 0.6444444444444445 0.0140625 0.05
0 0.8010416666666667 0.6412037037037037 0.019791666666666666 0.0712962962962963
