0 0.6989583333333333 0.6759259259259259 0.01875 0.07222222222222222
0 0.6565104166666667 0.6268518518518519 0.0109375 0.046296296296296294
0 0.68203125 0.6643518518518519 0.018229166666666668 0.08055555555555556
0 0.8567708333333334 0.6513888888888889 0.020833333333333332 0.10648148148148148
0 0.30911458333333336 0.6226851851851852 0.013020833333333334 0.05092592592592592
0 0.6403645833333333 0.6550925925925926 0.028645833333333332 0.10462962962962963
0 0.47942708333333334 0.6407407407407407 0.0140625 0.05
0 0.6921875 0.6537037037037037 0.026041666666666668 0.1037037037037037
0 0.7580729166666667 0.6416666666666667 0.0234375 0.07962962962962963
0 0.9247395833333333 0.6601851851851852 0.027604166666666666 0.12407407407407407
0 0.26614583333333336 0.6421296296296296 0.022916666666666665 0.09351851851851851
0 0.7270833333333333 0.6476851851851851 0.019791666666666666 0.09537037037037037
0 0.67734375 0.6370370370370371 0.018229166666666668 0.06666666666666667
0 0.18854166666666666 0.6185185185185185 0.019791666666666666 0.07777777777777778
0 0.09635416666666667 0.625462962962963 0.017708333333333333 0.10462962962962963
0 0.6794270833333333 0.6444444444444445 0.015104166666666667 0.053703703703703705
0 0.8151041666666666 0.6365740740740741 0.019791666666666666 0.0712962962962963
