0 0.6989583333333333 0.6759259259259259 0.019791666666666666 0.07222222222222222
0 0.65703125 0.6268518518518519 0.0109375 0.046296296296296294
0 0.6830729166666667 0.6652777777777777 0.0171875 0.0824074074074074
0 0.8598958333333333 0.6518518518518519 0.020833333333333332 0.10740740740740741
0 0.30911458333333336 0.6226851851851852 0.013020833333333334 0.05092592592592592
0 0.640625 0.6546296296296297 0.029166666666666667 0.10555555555555556
0 0.47890625 0.6407407407407407 0.0140625 0.05
0 0.6927083333333334 0.6555555555555556 0.027083333333333334 0.10555555555555556
0 0.76015625 0.6421296296296296 0.0234375 0.08055555555555556
0 0.92890625 0.6606481481481481 0.027604166666666666 0.125
0 0.265625 0.6425925925925926 0.022916666666666665 0.09444444444444444
0 0.7286458333333333 0.6481481481481481 0.019791666666666666 0.0962962962962963
0 0.67890625 0.6370370370370371 0.018229166666666668 0.06666666666666667
0 0.1875 0.6189814814814815 0.019791666666666666 0.0787037037037037
0 0.09427083333333333 0.625462962962963 0.017708333333333333 0.10462962962962963
0 0.6799479166666667 0.6444444444444445 0.015104166666666667 0.053703703703703705
0 0.8166666666666667 0.6365740740740741 0.019791666666666666 0.0712962962962963
