0 0.6997395833333333 0.6768518518518518 0.021354166666666667 0.07222222222222222
0 0.6580729166666667 0.6268518518518519 0.0109375 0.046296296296296294
0 0.68359375 0.6662037037037037 0.016145833333333335 0.08425925925925926
0 0.8630208333333333 0.6523148148148148 0.020833333333333332 0.10833333333333334
0 0.30911458333333336 0.6226851851851852 0.013020833333333334 0.05092592592592592
0 0.6408854166666667 0.6564814814814814 0.0296875 0.1037037037037037
0 0.47630208333333335 0.6351851851851852 0.0140625 0.05
0 0.6927083333333334 0.6560185185185186 0.028125 0.10648148148148148
0 0.7622395833333333 0.6430555555555556 0.0234375 0.08055555555555556
0 0.93359375 0.6606481481481481 0.027604166666666666 0.125
0 0.26484375 0.6439814814814815 0.022395833333333334 0.09537037037037037
0 0.7296875 0.6476851851851851 0.019791666666666666 0.09722222222222222
0 0.68046875 0.638425925925926 0.018229166666666668 0.06759259259259259
0 0.18645833333333334 0.6189814814814815 0.019791666666666666 0.0787037037037037
0 0.0921875 0.6259259259259259 0.017708333333333333 0.10555555555555556
0 0.68046875 0.6444444444444445 0.015104166666666667 0.053703703703703705
0 0.8177083333333334 0.6356481481481482 0.019791666666666666 0.0712962962962963
