0 0.7143229166666667 0.6833333333333333 0.022395833333333334 0.08148148148148149
0 0.33229166666666665 0.6240740740740741 0.010416666666666666 0.040740740740740744
0 0.66953125 0.6263888888888889 0.0109375 0.049074074074074076
0 0.6971354166666667 0.674074074074074 0.021354166666666667 0.08333333333333333
0 0.9192708333333334 0.6546296296296297 0.022916666666666665 0.12037037037037036
0 0.30703125 0.6263888888888889 0.013020833333333334 0.05092592592592592
0 0.6432291666666666 0.6560185185185186 0.036458333333333336 0.11203703703703703
0 0.47109375 0.6393518518518518 0.0171875 0.05277777777777778
0 0.70546875 0.6625 0.024479166666666666 0.1175925925925926
0 0.7997395833333333 0.6462962962962963 0.025520833333333333 0.08888888888888889
0 0.2625 0.6504629629629629 0.023958333333333335 0.10648148148148148
0 0.7544270833333333 0.6509259259259259 0.0234375 0.1111111111111111
0 0.70078125 0.6393518518518518 0.019270833333333334 0.0712962962962963
0 0.17083333333333334 0.6166666666666667 0.019791666666666666 0.08518518518518518
0 0.0609375 0.6226851851851852 0.021875 0.11574074074074074
0 0.6940104166666666 0.638425925925926 0.016145833333333335 0.058333333333333334
0 0.8385416666666666 0.6328703703703704 0.020833333333333332 0.07314814814814814
