0 0.7208333333333333 0.6847222222222222 0.027083333333333334 0.08425925925925926
0 0.33177083333333335 0.6231481481481481 0.010416666666666666 0.040740740740740744
0 0.6731770833333334 0.6259259259259259 0.0109375 0.05
0 0.6994791666666667 0.6759259259259259 0.017708333333333333 0.09074074074074075
0 0.9434895833333333 0.6546296296296297 0.024479166666666666 0.12407407407407407
0 0.3065104166666667 0.6282407407407408 0.013020833333333334 0.05092592592592592
0 0.64921875 0.6587962962962963 0.030729166666666665 0.11203703703703703
0 0.46770833333333334 0.637962962962963 0.01875 0.05555555555555555
0 0.7091145833333333 0.663425925925926 0.0265625 0.12314814814814815
0 0.8153645833333333 0.6458333333333334 0.0265625 0.09351851851851851
0 0.26223958333333336 0.6532407407407408 0.022395833333333334 0.11203703703703703
0 0.7666666666666667 0.6472222222222223 0.025 0.11666666666666667
0 0.7119791666666667 0.6393518518518518 0.019791666666666666 0.07314814814814814
0 0.16354166666666667 0.6138888888888889 0.019791666666666666 0.08703703703703704
0 0.046875 0.625 0.025 0.12037037037037036
0 0.7005208333333334 0.6347222222222222 0.016666666666666666 0.06018518518518518
0 0.8473958333333333 0.6300925925925925 0.021875 0.075
