0 0.7244791666666667 0.6833333333333333 0.025 0.09259259259259259
0 0.33125 0.6222222222222222 0.010416666666666666 0.040740740740740744
0 0.6778645833333333 0.6231481481481481 0.0109375 0.05
0 0.7059895833333333 0.6777777777777778 0.0265625 0.09444444444444444
0 0.9705729166666667 0.6555555555555556 0.028645833333333332 0.12962962962962962
0 0.30442708333333335 0.6226851851851852 0.013020833333333334 0.05092592592592592
0 0.6536458333333334 0.6592592592592592 0.036458333333333336 0.11851851851851852
0 0.46484375 0.6337962962962963 0.021354166666666667 0.058333333333333334
0 0.7166666666666667 0.662962962962963 0.034375 0.12777777777777777
0 0.8359375 0.6425925925925926 0.028125 0.1
0 0.26119791666666664 0.6527777777777778 0.0296875 0.11851851851851852
0 0.7763020833333333 0.6462962962962963 0.027604166666666666 0.12407407407407407
0 0.725 0.6365740740740741 0.019791666666666666 0.07314814814814814
0 0.15416666666666667 0.6171296296296296 0.019791666666666666 0.08796296296296297
0 0.027083333333333334 0.6226851851851852 0.026041666666666668 0.12685185185185185
0 0.7080729166666667 0.6300925925925925 0.0171875 0.062037037037037036
0 0.8580729166666666 0.6296296296296297 0.0234375 0.07962962962962963
