0 0.7419270833333333 0.6773148148148148 0.027604166666666666 0.10277777777777777
0 0.3302083333333333 0.6083333333333333 0.010416666666666666 0.040740740740740744
0 0.6888020833333334 0.6157407407407407 0.0109375 0.05
0 0.7151041666666667 0.6689814814814815 0.034375 0.10648148148148148
0 0.30130208333333336 0.612037037037037 0.013020833333333334 0.05185185185185185
0 0.66171875 0.6486111111111111 0.04114583333333333 0.14351851851851852
0 0.4588541666666667 0.6236111111111111 0.025 0.062037037037037036
0 0.7229166666666667 0.6532407407407408 0.042708333333333334 0.14351851851851852
0 0.87578125 0.6300925925925925 0.03177083333333333 0.11388888888888889
0 0.25234375 0.6421296296296296 0.0296875 0.1361111111111111
0 0.8059895833333334 0.638425925925926 0.030729166666666665 0.1361111111111111
0 0.7486979166666666 0.6222222222222222 0.021354166666666667 0.08148148148148149
0 0.13958333333333334 0.6092592592592593 0.019791666666666666 0.09259259259259259
0 0.7203125 0.6222222222222222 0.017708333333333333 0.06481481481481481
0 0.8755208333333333 0.6240740740740741 0.026041666666666668 0.08148148148148149
