0 0.7359375 0.6800925925925926 0.03125 0.09722222222222222
0 0.3307291666666667 0.6157407407407407 0.010416666666666666 0.040740740740740744
0 0.6856770833333333 0.6185185185185185 0.0109375 0.05
0 0.7125 0.6703703703703704 0.022916666666666665 0.1037037037037037
0 0.3028645833333333 0.6152777777777778 0.013020833333333334 0.05092592592592592
0 0.6580729166666667 0.6504629629629629 0.0390625 0.1287037037037037
0 0.46119791666666665 0.6277777777777778 0.0234375 0.06111111111111111
0 0.7203125 0.6564814814814814 0.027083333333333334 0.1388888888888889
0 0.8588541666666667 0.6361111111111111 0.030208333333333334 0.10740740740740741
0 0.25677083333333334 0.6444444444444445 0.028125 0.12962962962962962
0 0.7940104166666667 0.6402777777777777 0.0296875 0.13055555555555556
0 0.7390625 0.6263888888888889 0.020833333333333332 0.0787037037037037
0 0.1453125 0.612037037037037 0.019791666666666666 0.09074074074074075
0 0.011979166666666667 0.6199074074074075 0.020833333333333332 0.13240740740740742
0 0.715625 0.625 0.017708333333333333 0.06296296296296296
0 0.86875 0.6263888888888889 0.025 0.08055555555555556
