0 0.7263020833333333 0.6828703703703703 0.0265625 0.09351851851851851
0 0.33125 0.6222222222222222 0.010416666666666666 0.040740740740740744
0 0.67890625 0.6231481481481481 0.0109375 0.05
0 0.7075520833333333 0.6768518518518518 0.025520833333333333 0.0962962962962963
0 0.9760416666666667 0.6546296296296297 0.028125 0.12962962962962962
0 0.30442708333333335 0.6208333333333333 0.013020833333333334 0.05092592592592592
0 0.6541666666666667 0.6583333333333333 0.0375 0.12037037037037036
0 0.46380208333333334 0.6328703703703704 0.021354166666666667 0.058333333333333334
0 0.7171875 0.6620370370370371 0.03229166666666667 0.12962962962962962
0 0.83984375 0.6412037037037037 0.028645833333333332 0.10092592592592593
0 0.2604166666666667 0.6509259259259259 0.029166666666666667 0.12037037037037036
0 0.77890625 0.6449074074074074 0.027604166666666666 0.125
0 0.7270833333333333 0.6347222222222222 0.019791666666666666 0.07314814814814814
0 0.153125 0.6162037037037037 0.019791666666666666 0.08796296296296297
0 0.023958333333333335 0.6231481481481481 0.026041666666666668 0.12777777777777777
0 0.7091145833333333 0.6291666666666667 0.0171875 0.062037037037037036
0 0.8598958333333333 0.6287037037037037 0.023958333333333335 0.07962962962962963
