0 0.7619791666666667 0.6907407407407408 0.035416666666666666 0.12777777777777777
0 0.3260416666666667 0.6064814814814815 0.010416666666666666 0.040740740740740744
0 0.70234375 0.6092592592592593 0.0109375 0.05
0 0.7338541666666667 0.6805555555555556 0.042708333333333334 0.12777777777777777
0 0.2916666666666667 0.6078703703703704 0.0125 0.06018518518518518
0 0.6786458333333333 0.6546296296296297 0.04375 0.16666666666666666
0 0.8401041666666667 0.6199074074074075 0.022916666666666665 0.09537037037037037
0 0.44166666666666665 0.6231481481481481 0.017708333333333333 0.06296296296296296
0 0.7416666666666667 0.6597222222222222 0.042708333333333334 0.175
0 0.9489583333333333 0.6361111111111111 0.03229166666666667 0.12962962962962962
0 0.22890625 0.6648148148148149 0.034895833333333334 0.17592592592592593
0 0.8591145833333333 0.6439814814814815 0.033854166666666664 0.16203703703703703
0 0.78828125 0.6226851851851852 0.0234375 0.09722222222222222
0 0.10416666666666667 0.6018518518518519 0.019791666666666666 0.09814814814814815
0 0.7361979166666667 0.6199074074074075 0.019270833333333334 0.06944444444444445
0 0.9002604166666667 0.6185185185185185 0.025520833333333333 0.08888888888888889
