0 0.77109375 0.6986111111111111 0.04010416666666667 0.1361111111111111
0 0.32447916666666665 0.6092592592592593 0.010416666666666666 0.040740740740740744
0 0.7065104166666667 0.6074074074074074 0.0109375 0.05
0 0.7416666666666667 0.6828703703703703 0.026041666666666668 0.1398148148148148
0 0.2872395833333333 0.6060185185185185 0.011979166666666667 0.06388888888888888
0 0.6877604166666667 0.6578703703703703 0.04739583333333333 0.175
0 0.8598958333333333 0.6162037037037037 0.023958333333333335 0.10092592592592593
0 0.42942708333333335 0.6231481481481481 0.016145833333333335 0.06296296296296296
0 0.7494791666666667 0.6620370370370371 0.04375 0.19444444444444445
0 0.9864583333333333 0.6351851851851852 0.026041666666666668 0.13333333333333333
0 0.21510416666666668 0.6680555555555555 0.0375 0.2064814814814815
0 0.884375 0.6472222222222223 0.035416666666666666 0.17407407407407408
0 0.809375 0.6263888888888889 0.023958333333333335 0.10277777777777777
0 0.090625 0.6023148148148149 0.01875 0.09537037037037037
0 0.0859375 0.6013888888888889 0.019791666666666666 0.10092592592592593
0 0.7432291666666667 0.6194444444444445 0.019791666666666666 0.07222222222222222
0 0.9119791666666667 0.6166666666666667 0.023958333333333335 0.09259259259259259
