0 0.7713541666666667 0.6990740740740741 0.03854166666666667 0.1388888888888889
0 0.32395833333333335 0.6111111111111112 0.010416666666666666 0.040740740740740744
0 0.70703125 0.6064814814814815 0.0109375 0.05
0 0.7419270833333333 0.6837962962962963 0.0296875 0.1398148148148148
0 0.28619791666666666 0.6050925925925926 0.011979166666666667 0.06388888888888888
0 0.6893229166666667 0.6587962962962963 0.0484375 0.17685185185185184
0 0.8625 0.6166666666666667 0.023958333333333335 0.10185185185185185
0 0.428125 0.6240740740740741 0.016666666666666666 0.06296296296296296
0 0.7502604166666667 0.6620370370370371 0.0421875 0.1962962962962963
0 0.9885416666666667 0.6328703703703704 0.021875 0.14166666666666666
0 0.2125 0.6689814814814815 0.040625 0.20833333333333334
0 0.8869791666666667 0.6476851851851851 0.035416666666666666 0.175
0 0.8114583333333333 0.6263888888888889 0.023958333333333335 0.10277777777777777
0 0.0890625 0.6023148148148149 0.01875 0.09537037037037037
0 0.08333333333333333 0.600462962962963 0.019791666666666666 0.10092592592592593
0 0.7442708333333333 0.6194444444444445 0.019791666666666666 0.07222222222222222
0 0.9130208333333333 0.6171296296296296 0.023958333333333335 0.09351851851851851
