0 0.7692708333333333 0.6972222222222222 0.040625 0.13518518518518519
0 0.32447916666666665 0.6064814814814815 0.010416666666666666 0.040740740740740744
0 0.7059895833333333 0.6074074074074074 0.0109375 0.05
0 0.7411458333333333 0.6819444444444445 0.030208333333333334 0.13796296296296295
0 0.28802083333333334 0.6055555555555555 0.0125 0.06296296296296296
0 0.6856770833333333 0.6574074074074074 0.04635416666666667 0.17407407407407408
0 0.8578125 0.6171296296296296 0.023958333333333335 0.10092592592592593
0 0.4309895833333333 0.6231481481481481 0.016145833333333335 0.06296296296296296
0 0.7484375 0.6615740740740741 0.04583333333333333 0.19166666666666668
0 0.984375 0.6314814814814815 0.030208333333333334 0.13703703703703704
0 0.21666666666666667 0.6675925925925926 0.03854166666666667 0.20185185185185187
0 0.88125 0.6472222222222223 0.035416666666666666 0.17222222222222222
0 0.8067708333333333 0.6259259259259259 0.023958333333333335 0.10185185185185185
0 0.08802083333333334 0.6013888888888889 0.019791666666666666 0.10092592592592593
0 0.7427083333333333 0.6194444444444445 0.019791666666666666 0.07222222222222222
0 0.9104166666666667 0.6175925925925926 0.023958333333333335 0.09259259259259259
