0 0.7721354166666666 0.7018518518518518 0.03177083333333333 0.15
0 0.3223958333333333 0.6037037037037037 0.010416666666666666 0.040740740740740744
0 0.7091145833333333 0.6055555555555555 0.0109375 0.05
0 0.7419270833333333 0.6861111111111111 0.044270833333333336 0.1388888888888889
0 0.28411458333333334 0.6050925925925926 0.011979166666666667 0.06574074074074074
0 0.6940104166666666 0.6606481481481481 0.05260416666666667 0.18055555555555555
0 0.8729166666666667 0.6143518518518518 0.025 0.10462962962962963
0 0.42421875 0.6240740740740741 0.0234375 0.06296296296296296
0 0.7520833333333333 0.6638888888888889 0.035416666666666666 0.20555555555555555
0 0.20234375 0.6736111111111112 0.05260416666666667 0.2175925925925926
0 0.8997395833333334 0.649537037037037 0.0359375 0.18055555555555555
0 0.8197916666666667 0.6240740740740741 0.023958333333333335 0.10555555555555556
0 0.08255208333333333 0.6023148148148149 0.019270833333333334 0.09722222222222222
0 0.07447916666666667 0.600462962962963 0.019791666666666666 0.10277777777777777
0 0.7481770833333333 0.6194444444444445 0.0203125 0.07407407407407407
0 0.9174479166666667 0.6148148148148148 0.0234375 0.09444444444444444
