0 0.7682291666666666 0.6962962962962963 0.041666666666666664 0.13333333333333333
0 0.32447916666666665 0.6064814814814815 0.010416666666666666 0.040740740740740744
0 0.7059895833333333 0.6074074074074074 0.0109375 0.05
0 0.7408854166666666 0.6814814814814815 0.034895833333333334 0.13703703703703704
0 0.28854166666666664 0.6064814814814815 0.0125 0.06296296296296296
0 0.68359375 0.6569444444444444 0.0453125 0.17314814814814813
0 0.8552083333333333 0.6175925925925926 0.023958333333333335 0.1
0 0.4328125 0.6231481481481481 0.016666666666666666 0.06296296296296296
0 0.7473958333333334 0.6611111111111111 0.04791666666666667 0.18888888888888888
0 0.9776041666666667 0.6324074074074074 0.026041666666666668 0.13333333333333333
0 0.21848958333333332 0.6675925925925926 0.0390625 0.19814814814814816
0 0.8778645833333333 0.6462962962962963 0.034895833333333334 0.17037037037037037
0 0.8041666666666667 0.624537037037037 0.023958333333333335 0.10092592592592593
0 0.090625 0.600925925925926 0.019791666666666666 0.1
0 0.7416666666666667 0.6199074074074075 0.019791666666666666 0.0712962962962963
0 0.9096354166666667 0.6171296296296296 0.024479166666666666 0.09166666666666666
