0 0.7541666666666667 0.7379629629629629 0.058333333333333334 0.19074074074074074
0 0.3145833333333333 0.6148148148148148 0.010416666666666666 0.040740740740740744
0 0.7184895833333333 0.6157407407407407 0.0140625 0.05925925925925926
0 0.7364583333333333 0.7152777777777778 0.06041666666666667 0.18981481481481483
0 0.2721354166666667 0.6106481481481482 0.011979166666666667 0.06388888888888888
0 0.6825520833333333 0.6847222222222222 0.058854166666666666 0.22870370370370371
0 0.9380208333333333 0.6287037037037037 0.025 0.12407407407407407
0 0.3888020833333333 0.6333333333333333 0.021354166666666667 0.06296296296296296
0 0.7341145833333333 0.6935185185185185 0.0703125 0.26296296296296295
0 0.14348958333333334 0.7217592592592592 0.08489583333333334 0.36574074074074076
0 0.9848958333333333 0.6657407407407407 0.029166666666666667 0.2111111111111111
0 0.8815104166666666 0.6337962962962963 0.025520833333333333 0.12129629629629629
0 0.0390625 0.6046296296296296 0.022916666666666665 0.10740740740740741
0 0.03125 0.6064814814814815 0.023958333333333335 0.11481481481481481
0 0.7627604166666667 0.6263888888888889 0.022395833333333334 0.0824074074074074
0 0.9328125 0.624537037037037 0.022916666666666665 0.10277777777777777
