0 0.6033854166666667 0.7819444444444444 0.07760416666666667 0.22685185185185186
0 0.3151041666666667 0.6259259259259259 0.010416666666666666 0.040740740740740744
0 0.7247395833333333 0.6268518518518519 0.0140625 0.05925925925925926
0 0.5888020833333333 0.7453703703703703 0.05677083333333333 0.21296296296296297
0 0.2716145833333333 0.6226851851851852 0.011979166666666667 0.06388888888888888
0 0.5893229166666667 0.7134259259259259 0.09427083333333333 0.287962962962963
0 0.6372395833333333 0.6282407407407408 0.0140625 0.04537037037037037
0 0.9901041666666667 0.638425925925926 0.01875 0.12685185185185185
0 0.3546875 0.6425925925925926 0.021875 0.07777777777777778
0 0.58359375 0.7236111111111111 0.06197916666666667 0.3101851851851852
0 0.017708333333333333 0.7712962962962963 0.035416666666666666 0.45555555555555555
0 0.7572916666666667 0.6125 0.014583333333333334 0.06388888888888888
0 0.9541666666666667 0.6481481481481481 0.022916666666666665 0.1388888888888889
0 0.015625 0.6148148148148148 0.017708333333333333 0.10740740740740741
0 0.008072916666666667 0.6148148148148148 0.016145833333333335 0.11851851851851852
0 0.7583333333333333 0.6412037037037037 0.025 0.09166666666666666
0 0.9270833333333334 0.6351851851851852 0.022916666666666665 0.1037037037037037
