0 0.5578125 0.7782407407407408 0.06770833333333333 0.24351851851851852
0 0.3151041666666667 0.625462962962963 0.010416666666666666 0.041666666666666664
0 0.72578125 0.6268518518518519 0.0140625 0.05925925925925926
0 0.5510416666666667 0.7449074074074075 0.06041666666666667 0.22685185185185186
0 0.2721354166666667 0.6217592592592592 0.011979166666666667 0.06388888888888888
0 0.5768229166666666 0.7143518518518519 0.0984375 0.287962962962963
0 0.6388020833333333 0.6273148148148148 0.0140625 0.04537037037037037
0 0.3484375 0.6416666666666667 0.021875 0.07777777777777778
0 0.5510416666666667 0.7296296296296296 0.1 0.3074074074074074
0 0.7598958333333333 0.6125 0.014583333333333334 0.06388888888888888
0 0.96796875 0.6476851851851851 0.019270833333333334 0.14166666666666666
0 0.009895833333333333 0.6152777777777778 0.019791666666666666 0.11018518518518519
0 0.005989583333333334 0.6148148148148148 0.011979166666666667 0.11851851851851852
0 0.7572916666666667 0.6402777777777777 0.025 0.09166666666666666
0 0.9244791666666666 0.6351851851851852 0.022916666666666665 0.1037037037037037
