0 0.5419270833333333 0.7726851851851851 0.06510416666666667 0.25092592592592594
0 0.3151041666666667 0.624537037037037 0.010416666666666666 0.041666666666666664
0 0.7263020833333333 0.6268518518518519 0.0140625 0.05925925925925926
0 0.5377604166666666 0.7398148148148148 0.06197916666666667 0.23333333333333334
0 0.27291666666666664 0.6217592592592592 0.0125 0.06388888888888888
0 0.56875 0.7111111111111111 0.103125 0.2814814814814815
0 0.6393229166666666 0.6263888888888889 0.0140625 0.04537037037037037
0 0.34453125 0.6453703703703704 0.018229166666666668 0.07407407407407407
0 0.5424479166666667 0.7300925925925926 0.09010416666666667 0.30648148148148147
0 0.7604166666666666 0.6125 0.014583333333333334 0.06388888888888888
0 0.62421875 0.6273148148148148 0.0109375 0.04351851851851852
0 0.97578125 0.6472222222222223 0.034895833333333334 0.1425925925925926
0 0.009114583333333334 0.6143518518518518 0.018229166666666668 0.11018518518518519
0 0.005208333333333333 0.6148148148148148 0.010416666666666666 0.11851851851851852
0 0.7572916666666667 0.6402777777777777 0.025 0.09166666666666666
0 0.9239583333333333 0.6351851851851852 0.022916666666666665 0.1037037037037037
