0 0.55 0.7754629629629629 0.06666666666666667 0.24722222222222223
0 0.3151041666666667 0.625462962962963 0.010416666666666666 0.041666666666666664
0 0.7263020833333333 0.6268518518518519 0.0140625 0.05925925925925926
0 0.5447916666666667 0.7416666666666667 0.06145833333333333 0.22962962962962963
0 0.2721354166666667 0.6217592592592592 0.011979166666666667 0.06388888888888888
0 0.57265625 0.7125 0.10052083333333334 0.28425925925925927
0 0.6393229166666666 0.6263888888888889 0.0140625 0.04537037037037037
0 0.34739583333333335 0.6407407407407407 0.021875 0.07777777777777778
0 0.5471354166666667 0.7300925925925926 0.0953125 0.30648148148148147
0 0.7598958333333333 0.6125 0.014583333333333334 0.06388888888888888
0 0.62421875 0.6273148148148148 0.0109375 0.04351851851851852
0 0.9739583333333334 0.6481481481481481 0.0375 0.1425925925925926
0 0.009375 0.6152777777777778 0.01875 0.11018518518518519
0 0.00546875 0.6148148148148148 0.0109375 0.11851851851851852
0 0.7572916666666667 0.6402777777777777 0.025 0.09166666666666666
0 0.9244791666666666 0.6351851851851852 0.022916666666666665 0.1037037037037037
