0 0.4859375 0.7898148148148149 0.07916666666666666 0.25
0 0.3151041666666667 0.6226851851851852 0.010416666666666666 0.041666666666666664
0 0.72734375 0.6268518518518519 0.0140625 0.05925925925925926
0 0.49661458333333336 0.7518518518518519 0.0890625 0.2388888888888889
0 0.27291666666666664 0.6208333333333333 0.0125 0.06388888888888888
0 0.5395833333333333 0.7180555555555556 0.090625 0.2972222222222222
0 0.6408854166666667 0.625462962962963 0.0140625 0.04537037037037037
0 0.33880208333333334 0.6421296296296296 0.019270833333333334 0.075
0 0.4934895833333333 0.7245370370370371 0.07552083333333333 0.3212962962962963
0 0.759375 0.6171296296296296 0.014583333333333334 0.06388888888888888
0 0.6263020833333334 0.6263888888888889 0.0109375 0.04351851851851852
0 0.9875 0.6472222222222223 0.019791666666666666 0.14629629629629629
0 0.0067708333333333336 0.6125 0.013541666666666667 0.10833333333333334
0 0.75625 0.6393518518518518 0.025 0.09166666666666666
0 0.9213541666666667 0.6351851851851852 0.022916666666666665 0.1037037037037037
