0 0.28072916666666664 0.8009259259259259 0.08333333333333333 0.26851851851851855
0 0.31614583333333335 0.6194444444444445 0.010416666666666666 0.04259259259259259
0 0.7330729166666666 0.6259259259259259 0.0140625 0.05925925925925926
0 0.35 0.7689814814814815 0.09270833333333334 0.2564814814814815
0 0.2747395833333333 0.6185185185185185 0.013020833333333334 0.06296296296296296
0 0.440625 0.7222222222222222 0.09479166666666666 0.3111111111111111
0 0.64765625 0.6236111111111111 0.0140625 0.04537037037037037
0 0.32083333333333336 0.6351851851851852 0.021875 0.07777777777777778
0 0.2986979166666667 0.7356481481481482 0.0734375 0.35648148148148145
0 0.7638020833333333 0.6152777777777778 0.015104166666666667 0.06388888888888888
0 0.63203125 0.624537037037037 0.0109375 0.04351851851851852
0 0.7546875 0.638425925925926 0.025 0.09166666666666666
0 0.9130208333333333 0.6333333333333333 0.022916666666666665 0.1037037037037037
