0 0.24166666666666667 0.799074074074074 0.08020833333333334 0.26666666666666666
0 0.3171875 0.6194444444444445 0.010416666666666666 0.04259259259259259
0 0.7346354166666667 0.625 0.0140625 0.05925925925925926
0 0.32369791666666664 0.7564814814814815 0.08489583333333334 0.27037037037037037
0 0.2752604166666667 0.6185185185185185 0.013020833333333334 0.06296296296296296
0 0.4276041666666667 0.7222222222222222 0.090625 0.31666666666666665
0 0.6486979166666667 0.6226851851851852 0.0140625 0.04537037037037037
0 0.3182291666666667 0.6351851851851852 0.021875 0.07777777777777778
0 0.26953125 0.7328703703703704 0.09427083333333333 0.3638888888888889
0 0.7640625 0.6143518518518518 0.014583333333333334 0.06388888888888888
0 0.6330729166666667 0.624537037037037 0.0109375 0.04351851851851852
0 0.7546875 0.638425925925926 0.025 0.09166666666666666
0 0.9125 0.6333333333333333 0.022916666666666665 0.1037037037037037
