0 0.15546875 0.7958333333333333 0.09322916666666667 0.2657407407407407
0 0.31875 0.6194444444444445 0.010416666666666666 0.04259259259259259
0 0.73671875 0.6240740740740741 0.0140625 0.05925925925925926
0 0.26145833333333335 0.7587962962962963 0.07604166666666666 0.27314814814814814
0 0.27578125 0.6175925925925926 0.013020833333333334 0.06296296296296296
0 0.37942708333333336 0.7240740740740741 0.0890625 0.32407407407407407
0 0.6513020833333333 0.6226851851851852 0.0140625 0.04537037037037037
0 0.31302083333333336 0.6342592592592593 0.021875 0.07777777777777778
0 0.20052083333333334 0.7407407407407407 0.08958333333333333 0.37222222222222223
0 0.7651041666666667 0.6134259259259259 0.013541666666666667 0.06388888888888888
0 0.6372395833333333 0.624537037037037 0.0109375 0.04351851851851852
0 0.7552083333333334 0.638425925925926 0.025 0.09166666666666666
0 0.9114583333333334 0.6324074074074074 0.022916666666666665 0.1037037037037037
