0 0.13333333333333333 0.7953703703703704 0.09375 0.26481481481481484
0 0.31927083333333334 0.6194444444444445 0.010416666666666666 0.04259259259259259
0 0.7372395833333333 0.6240740740740741 0.0140625 0.05925925925925926
0 0.24088541666666666 0.7578703703703704 0.07760416666666667 0.2712962962962963
0 0.27578125 0.6175925925925926 0.013020833333333334 0.06296296296296296
0 0.37578125 0.725462962962963 0.08802083333333334 0.325
0 0.65234375 0.6217592592592592 0.0140625 0.04537037037037037
0 0.31145833333333334 0.6342592592592593 0.021875 0.07777777777777778
0 0.17838541666666666 0.7407407407407407 0.09010416666666667 0.37407407407407406
0 0.7666666666666667 0.6134259259259259 0.013541666666666667 0.06388888888888888
0 0.63828125 0.624537037037037 0.0109375 0.04351851851851852
0 0.7557291666666667 0.6393518518518518 0.025 0.09166666666666666
0 0.9109375 0.6324074074074074 0.022916666666666665 0.1037037037037037
