0 0.08333333333333333 0.7958333333333333 0.05416666666666667 0.2638888888888889
0 0.3203125 0.6194444444444445 0.010416666666666666 0.04259259259259259
0 0.7388020833333333 0.6231481481481481 0.0140625 0.05925925925925926
0 0.19973958333333333 0.7560185185185185 0.08072916666666667 0.2675925925925926
0 0.27630208333333334 0.6166666666666667 0.013020833333333334 0.06296296296296296
0 0.353125 0.7277777777777777 0.08645833333333333 0.3277777777777778
0 0.65390625 0.6217592592592592 0.0140625 0.04537037037037037
0 0.30833333333333335 0.6342592592592593 0.021875 0.07777777777777778
0 0.14140625 0.7333333333333333 0.11197916666666667 0.37777777777777777
0 0.7692708333333333 0.6143518518518518 0.013541666666666667 0.06388888888888888
0 0.64140625 0.624537037037037 0.0109375 0.04351851851851852
0 0.75625 0.6393518518518518 0.025 0.09166666666666666
0 0.9104166666666667 0.6314814814814815 0.022916666666666665 0.1037037037037037
