0 0.04479166666666667 0.7953703703703704 0.059375 0.26296296296296295
0 0.32135416666666666 0.6194444444444445 0.010416666666666666 0.04259259259259259
0 0.7403645833333333 0.6231481481481481 0.0140625 0.05925925925925926
0 0.14869791666666668 0.7537037037037037 0.08489583333333334 0.26296296296296295
0 0.27630208333333334 0.6166666666666667 0.013020833333333334 0.06296296296296296
0 0.31692708333333336 0.7296296296296296 0.08697916666666666 0.3314814814814815
0 0.6559895833333333 0.6208333333333333 0.0140625 0.04537037037037037
0 0.30416666666666664 0.6333333333333333 0.021875 0.07777777777777778
0 0.09401041666666667 0.7351851851851852 0.07760416666666667 0.36666666666666664
0 0.7729166666666667 0.6143518518518518 0.013541666666666667 0.06388888888888888
0 0.64453125 0.624537037037037 0.0109375 0.04351851851851852
0 0.7567708333333333 0.6393518518518518 0.025 0.09166666666666666
0 0.9098958333333333 0.6305555555555555 0.022916666666666665 0.1037037037037037
