0 0.3260416666666667 0.6194444444444445 0.010416666666666666 0.04259259259259259
0 0.75390625 0.6277777777777778 0.0140625 0.05925925925925926
0 0.014322916666666666 0.7703703703703704 0.028645833333333332 0.25
0 0.28203125 0.6194444444444445 0.013020833333333334 0.06296296296296296
0 0.21197916666666666 0.7425925925925926 0.08541666666666667 0.37037037037037035
0 0.66953125 0.6236111111111111 0.0140625 0.04537037037037037
0 0.29322916666666665 0.6296296296296297 0.021875 0.07777777777777778
0 0.7841145833333333 0.6157407407407407 0.013020833333333334 0.06481481481481481
0 0.6559895833333333 0.6240740740740741 0.0109375 0.044444444444444446
0 0.7661458333333333 0.6430555555555556 0.025 0.09166666666666666
0 0.9197916666666667 0.6333333333333333 0.022916666666666665 0.1037037037037037
