0 0.3265625 0.6194444444444445 0.010416666666666666 0.04259259259259259
0 0.7544270833333333 0.6287037037037037 0.0140625 0.05925925925925926
0 0.0125 0.7680555555555556 0.025 0.25277777777777777
0 0.2825520833333333 0.6194444444444445 0.013020833333333334 0.06296296296296296
0 0.20677083333333332 0.7439814814814815 0.09375 0.375
0 0.6705729166666666 0.624537037037037 0.0140625 0.04537037037037037
0 0.29270833333333335 0.6296296296296297 0.021875 0.07777777777777778
0 0.78515625 0.6157407407407407 0.013020833333333334 0.06481481481481481
0 0.6565104166666667 0.6231481481481481 0.0109375 0.044444444444444446
0 0.7671875 0.6430555555555556 0.025 0.09166666666666666
0 0.9208333333333333 0.6333333333333333 0.022916666666666665 0.1037037037037037
