0 0.32916666666666666 0.6203703703703703 0.010416666666666666 0.04259259259259259
0 0.76015625 0.6305555555555555 0.0140625 0.05925925925925926
0 0.28619791666666666 0.6152777777777778 0.013020833333333334 0.062037037037037036
0 0.15755208333333334 0.7513888888888889 0.11614583333333334 0.39351851851851855
0 0.6763020833333333 0.625462962962963 0.0140625 0.04537037037037037
0 0.2869791666666667 0.6287037037037037 0.021875 0.07777777777777778
0 0.7927083333333333 0.6162037037037037 0.013541666666666667 0.06574074074074074
0 0.66328125 0.6236111111111111 0.0109375 0.04537037037037037
0 0.7692708333333333 0.6412037037037037 0.025 0.09166666666666666
0 0.9234375 0.6333333333333333 0.022916666666666665 0.1037037037037037
