0 0.3307291666666667 0.6212962962962963 0.010416666666666666 0.04259259259259259
0 0.7627604166666667 0.6324074074074074 0.0140625 0.05925925925925926
0 0.2877604166666667 0.6180555555555556 0.013020833333333334 0.062037037037037036
0 0.128125 0.7550925925925925 0.11354166666666667 0.4009259259259259
0 0.6794270833333333 0.6263888888888889 0.0140625 0.04537037037037037
0 0.2830729166666667 0.6291666666666667 0.021354166666666667 0.0787037037037037
0 0.79765625 0.6157407407407407 0.0140625 0.06666666666666667
0 0.6674479166666667 0.6263888888888889 0.0109375 0.04537037037037037
0 0.7729166666666667 0.6430555555555556 0.025 0.09166666666666666
0 0.9270833333333334 0.6351851851851852 0.022916666666666665 0.1037037037037037
