0 0.3302083333333333 0.6203703703703703 0.010416666666666666 0.04259259259259259
0 0.7622395833333333 0.6314814814814815 0.0140625 0.05925925925925926
0 0.2872395833333333 0.6171296296296296 0.013020833333333334 0.062037037037037036
0 0.13776041666666666 0.7537037037037037 0.1140625 0.39814814814814814
0 0.6783854166666666 0.6263888888888889 0.0140625 0.04537037037037037
0 0.28411458333333334 0.6291666666666667 0.021354166666666667 0.0787037037037037
0 0.7958333333333333 0.6157407407407407 0.013541666666666667 0.06666666666666667
0 0.6658854166666667 0.624537037037037 0.0109375 0.04537037037037037
0 0.771875 0.6421296296296296 0.025 0.09166666666666666
0 0.9260416666666667 0.6342592592592593 0.022916666666666665 0.1037037037037037
