0 0.33229166666666665 0.6212962962962963 0.010416666666666666 0.04259259259259259
0 0.76484375 0.6324074074074074 0.0140625 0.05925925925925926
0 0.28828125 0.6194444444444445 0.013020833333333334 0.06296296296296296
0 0.10989583333333333 0.7587962962962963 0.11145833333333334 0.4083333333333333
0 0.6809895833333334 0.6263888888888889 0.0140625 0.04537037037037037
0 0.28046875 0.6291666666666667 0.021354166666666667 0.0787037037037037
0 0.7997395833333333 0.6180555555555556 0.011979166666666667 0.06759259259259259
0 0.6705729166666666 0.6296296296296297 0.0109375 0.046296296296296294
0 0.7755208333333333 0.6439814814814815 0.025 0.09166666666666666
0 0.9296875 0.6361111111111111 0.022916666666666665 0.1037037037037037
