0 0.3328125 0.6222222222222222 0.010416666666666666 0.04259259259259259
0 0.7658854166666667 0.6333333333333333 0.0140625 0.05925925925925926
0 0.28880208333333335 0.6203703703703703 0.013020833333333334 0.06296296296296296
0 0.10104166666666667 0.7611111111111111 0.11041666666666666 0.412962962962963
0 0.68203125 0.6273148148148148 0.0140625 0.04537037037037037
0 0.2833333333333333 0.6337962962962963 0.020833333333333332 0.0787037037037037
0 0.8010416666666667 0.6180555555555556 0.011458333333333333 0.06759259259259259
0 0.6721354166666667 0.6305555555555555 0.0109375 0.046296296296296294
0 0.7770833333333333 0.6449074074074074 0.025 0.09166666666666666
0 0.9307291666666667 0.6361111111111111 0.022916666666666665 0.1037037037037037
