0 0.33541666666666664 0.6240740740740741 0.010416666666666666 0.04259259259259259
0 0.7708333333333334 0.6347222222222222 0.014583333333333334 0.06018518518518518
0 0.28880208333333335 0.6240740740740741 0.013020833333333334 0.06296296296296296
0 0.0546875 0.763425925925926 0.109375 0.4361111111111111
0 0.6872395833333333 0.6282407407407408 0.0140625 0.04537037037037037
0 0.2752604166666667 0.6342592592592593 0.0203125 0.07962962962962963
0 0.8072916666666666 0.6208333333333333 0.014583333333333334 0.06944444444444445
0 0.6783854166666666 0.6337962962962963 0.0109375 0.04722222222222222
0 0.7833333333333333 0.6476851851851851 0.025 0.09166666666666666
0 0.9369791666666667 0.6388888888888888 0.022916666666666665 0.1037037037037037
