0 0.32838541666666665 0.6287037037037037 0.011979166666666667 0.046296296296296294
0 0.7953125 0.6412037037037037 0.017708333333333333 0.06759259259259259
0 0.27734375 0.6291666666666667 0.013020833333333334 0.06574074074074074
0 0.8466145833333333 0.624537037037037 0.015104166666666667 0.07314814814814814
0 0.7078125 0.6365740740740741 0.013541666666666667 0.04722222222222222
0 0.24010416666666667 0.6342592592592593 0.01875 0.08518518518518518
0 0.8348958333333333 0.6282407407407408 0.015625 0.07314814814814814
0 0.7 0.6398148148148148 0.013541666666666667 0.05740740740740741
0 0.8083333333333333 0.6592592592592592 0.025 0.10185185185185185
0 0.9736979166666667 0.6472222222222223 0.022395833333333334 0.1037037037037037
