0 0.32786458333333335 0.6287037037037037 0.011979166666666667 0.046296296296296294
0 0.796875 0.6435185185185185 0.017708333333333333 0.06851851851851852
0 0.27630208333333334 0.6291666666666667 0.013020833333333334 0.06574074074074074
0 0.8486979166666667 0.624537037037037 0.015104166666666667 0.07314814814814814
0 0.709375 0.6365740740740741 0.013541666666666667 0.04722222222222222
0 0.2375 0.6347222222222222 0.01875 0.08611111111111111
0 0.8364583333333333 0.6277777777777778 0.015625 0.07222222222222222
0 0.70234375 0.6393518518518518 0.0140625 0.058333333333333334
0 0.8104166666666667 0.6592592592592592 0.025 0.10185185185185185
0 0.9760416666666667 0.6472222222222223 0.021875 0.1037037037037037
