0 0.3171875 0.6333333333333333 0.0125 0.04814814814814815
0 0.8580729166666666 0.6458333333333334 0.0234375 0.08611111111111111
0 0.2453125 0.6282407407407408 0.017708333333333333 0.08055555555555556
0 0.9309895833333334 0.6226851851851852 0.015104166666666667 0.07314814814814814
0 0.7059895833333333 0.6356481481481482 0.011979166666666667 0.04351851851851852
0 0.7484375 0.6421296296296296 0.015625 0.06018518518518518
0 0.15859375 0.6370370370370371 0.018229166666666668 0.10185185185185185
0 0.9036458333333334 0.6300925925925925 0.017708333333333333 0.08055555555555556
0 0.76015625 0.6449074074074074 0.021354166666666667 0.0824074074074074
0 0.8997395833333334 0.6615740740740741 0.034895833333333334 0.125
