0 0.9283854166666666 0.6402777777777777 0.03802083333333333 0.1675925925925926
0 0.2903645833333333 0.637962962962963 0.011979166666666667 0.03333333333333333
0 0.21432291666666667 0.6361111111111111 0.015104166666666667 0.06666666666666667
0 0.6033854166666667 0.6291666666666667 0.0109375 0.041666666666666664
0 0.7518229166666667 0.6393518518518518 0.024479166666666666 0.11388888888888889
0 0.7692708333333333 0.6273148148148148 0.021875 0.09351851851851851
0 0.59609375 0.6370370370370371 0.0109375 0.040740740740740744
0 0.9611979166666667 0.6333333333333333 0.0328125 0.17222222222222222
0 0.5596354166666667 0.6319444444444444 0.011979166666666667 0.04351851851851852
0 0.23671875 0.6712962962962963 0.021354166666666667 0.12407407407407407
