0 0.9421875 0.6342592592592593 0.03958333333333333 0.17222222222222222
0 0.28984375 0.6333333333333333 0.011979166666666667 0.03333333333333333
0 0.20989583333333334 0.6351851851851852 0.015625 0.06851851851851852
0 0.6049479166666667 0.624537037037037 0.0109375 0.041666666666666664
0 0.7572916666666667 0.6333333333333333 0.026041666666666668 0.11666666666666667
0 0.7760416666666666 0.6236111111111111 0.022916666666666665 0.09537037037037037
0 0.5981770833333333 0.6324074074074074 0.0109375 0.040740740740740744
0 0.9736979166666667 0.6300925925925925 0.03177083333333333 0.1787037037037037
0 0.5596354166666667 0.6273148148148148 0.011979166666666667 0.04351851851851852
0 0.23307291666666666 0.6675925925925926 0.024479166666666666 0.12777777777777777
