0 0.9494791666666667 0.6337962962962963 0.03958333333333333 0.17685185185185184
0 0.28932291666666665 0.6305555555555555 0.011979166666666667 0.03333333333333333
0 0.20807291666666666 0.6356481481481482 0.016145833333333335 0.06944444444444445
0 0.6059895833333333 0.624537037037037 0.0109375 0.041666666666666664
0 0.76015625 0.6319444444444444 0.0265625 0.1175925925925926
0 0.7791666666666667 0.6240740740740741 0.022916666666666665 0.09814814814814815
0 0.59921875 0.6314814814814815 0.0109375 0.040740740740740744
0 0.9791666666666666 0.6287037037037037 0.03125 0.1814814814814815
0 0.5596354166666667 0.6263888888888889 0.011979166666666667 0.04351851851851852
0 0.23151041666666666 0.6671296296296296 0.028645833333333332 0.1287037037037037
