0 0.2721354166666667 0.6370370370370371 0.011979166666666667 0.03333333333333333
0 0.12057291666666667 0.6574074074074074 0.03177083333333333 0.10185185185185185
0 0.6216145833333333 0.6305555555555555 0.016145833333333335 0.05185185185185185
0 0.8669270833333333 0.6069444444444444 0.013020833333333334 0.04722222222222222
0 0.6434895833333333 0.6319444444444444 0.0140625 0.05462962962962963
0 0.8846354166666667 0.6393518518518518 0.03177083333333333 0.16574074074074074
0 0.9036458333333334 0.6273148148148148 0.022916666666666665 0.1361111111111111
0 0.63359375 0.6361111111111111 0.0109375 0.05555555555555555
0 0.5770833333333333 0.6333333333333333 0.016666666666666666 0.05
0 0.15859375 0.7055555555555556 0.06302083333333333 0.2222222222222222
