0 0.27109375 0.6361111111111111 0.011979166666666667 0.03333333333333333
0 0.11380208333333333 0.6587962962962963 0.03177083333333333 0.10277777777777777
0 0.62265625 0.6300925925925925 0.016145833333333335 0.049074074074074076
0 0.8690104166666667 0.6060185185185185 0.013020833333333334 0.04722222222222222
0 0.64609375 0.6310185185185185 0.0140625 0.05277777777777778
0 0.8903645833333333 0.6398148148148148 0.03177083333333333 0.1685185185185185
0 0.91171875 0.6259259259259259 0.024479166666666666 0.13518518518518519
0 0.6359375 0.6351851851851852 0.010416666666666666 0.053703703703703705
0 0.5776041666666667 0.6342592592592593 0.016666666666666666 0.05
0 0.15442708333333333 0.7069444444444445 0.05260416666666667 0.2361111111111111
