0 0.26588541666666665 0.6407407407407407 0.011979166666666667 0.037037037037037035
0 0.07942708333333333 0.6675925925925926 0.0328125 0.11296296296296296
0 0.6265625 0.6370370370370371 0.014583333333333334 0.05185185185185185
0 0.8729166666666667 0.6111111111111112 0.011458333333333333 0.05
0 0.65703125 0.6402777777777777 0.0140625 0.05277777777777778
0 0.9184895833333333 0.6481481481481481 0.0390625 0.17962962962962964
0 0.9450520833333333 0.6324074074074074 0.024479166666666666 0.14814814814814814
0 0.6481770833333333 0.6425925925925926 0.011979166666666667 0.05925925925925926
0 0.5802083333333333 0.6398148148148148 0.016666666666666666 0.05
0 0.15182291666666667 0.7222222222222222 0.0484375 0.29259259259259257
