0 0.26588541666666665 0.6402777777777777 0.011979166666666667 0.03796296296296296
0 0.08151041666666667 0.6671296296296296 0.0328125 0.11203703703703703
0 0.6265625 0.6365740740740741 0.014583333333333334 0.05092592592592592
0 0.8721354166666667 0.6101851851851852 0.0109375 0.05
0 0.6565104166666667 0.6402777777777777 0.0140625 0.05277777777777778
0 0.91796875 0.6472222222222223 0.0390625 0.17962962962962964
0 0.9434895833333333 0.6333333333333333 0.024479166666666666 0.14814814814814814
0 0.6473958333333333 0.6425925925925926 0.011458333333333333 0.05925925925925926
0 0.5796875 0.6398148148148148 0.016666666666666666 0.05
0 0.15182291666666667 0.7217592592592592 0.05364583333333333 0.287962962962963
