0 0.2638020833333333 0.6416666666666667 0.011979166666666667 0.037037037037037035
0 0.06666666666666667 0.6708333333333333 0.03333333333333333 0.11574074074074074
0 0.6278645833333333 0.6393518518518518 0.015104166666666667 0.05277777777777778
0 0.8744791666666667 0.6111111111111112 0.013541666666666667 0.05
0 0.6611979166666667 0.6439814814814815 0.0140625 0.05277777777777778
0 0.92265625 0.649537037037037 0.0328125 0.1824074074074074
0 0.9557291666666666 0.6291666666666667 0.025 0.15092592592592594
0 0.6513020833333333 0.6435185185185185 0.013020833333333334 0.06111111111111111
0 0.5807291666666666 0.6416666666666667 0.016666666666666666 0.05
0 0.165625 0.7282407407407407 0.07291666666666667 0.30648148148148147
