0 0.26328125 0.6416666666666667 0.011979166666666667 0.037037037037037035
0 0.06197916666666667 0.6717592592592593 0.03333333333333333 0.1175925925925926
0 0.6286458333333333 0.6402777777777777 0.015625 0.05277777777777778
0 0.8747395833333333 0.6111111111111112 0.0140625 0.05
0 0.6627604166666666 0.6449074074074074 0.0140625 0.05277777777777778
0 0.92265625 0.649537037037037 0.033854166666666664 0.1824074074074074
0 0.9588541666666667 0.6300925925925925 0.025 0.15462962962962962
0 0.65234375 0.6439814814814815 0.013020833333333334 0.062037037037037036
0 0.58125 0.6425925925925926 0.016666666666666666 0.05
0 0.165625 0.7324074074074074 0.08125 0.30925925925925923
