0 0.26223958333333336 0.6430555555555556 0.011979166666666667 0.03796296296296296
0 0.055989583333333336 0.6736111111111112 0.033854166666666664 0.11944444444444445
0 0.6294270833333333 0.6421296296296296 0.016145833333333335 0.05277777777777778
0 0.875 0.6106481481481482 0.0125 0.05092592592592592
0 0.66484375 0.6467592592592593 0.0140625 0.05277777777777778
0 0.9229166666666667 0.649537037037037 0.035416666666666666 0.1824074074074074
0 0.9640625 0.6314814814814815 0.025 0.16111111111111112
0 0.6544270833333333 0.6453703703703704 0.013020833333333334 0.06296296296296296
0 0.58125 0.6425925925925926 0.016666666666666666 0.05
0 0.16588541666666667 0.7384259259259259 0.09322916666666667 0.3138888888888889
