0 0.26119791666666664 0.6439814814814815 0.011979166666666667 0.03796296296296296
0 0.045572916666666664 0.6731481481481482 0.03177083333333333 0.12037037037037036
0 0.6309895833333333 0.6407407407407407 0.015104166666666667 0.053703703703703705
0 0.8744791666666667 0.6106481481481482 0.013541666666666667 0.05092592592592592
0 0.6684895833333333 0.6476851851851851 0.0140625 0.05277777777777778
0 0.9229166666666667 0.65 0.03854166666666667 0.18333333333333332
0 0.9708333333333333 0.6310185185185185 0.020833333333333332 0.1638888888888889
0 0.6580729166666667 0.6486111111111111 0.011979166666666667 0.06018518518518518
0 0.58125 0.6425925925925926 0.016666666666666666 0.05
0 0.17864583333333334 0.7388888888888889 0.06458333333333334 0.3537037037037037
