0 0.26067708333333334 0.6476851851851851 0.011979166666666667 0.03796296296296296
0 0.025260416666666667 0.6736111111111112 0.0328125 0.12314814814814815
0 0.6309895833333333 0.6416666666666667 0.016145833333333335 0.053703703703703705
0 0.8723958333333334 0.6111111111111112 0.014583333333333334 0.05
0 0.67421875 0.6476851851851851 0.0140625 0.05277777777777778
0 0.928125 0.6513888888888889 0.03854166666666667 0.18055555555555555
0 0.98203125 0.6310185185185185 0.027604166666666666 0.1638888888888889
0 0.6627604166666666 0.6467592592592593 0.016145833333333335 0.062037037037037036
0 0.58125 0.6425925925925926 0.016666666666666666 0.05
0 0.21796875 0.750462962962963 0.07239583333333334 0.39537037037037037
