0 0.26067708333333334 0.6458333333333334 0.011979166666666667 0.03796296296296296
0 0.03567708333333333 0.6726851851851852 0.0296875 0.12129629629629629
0 0.63125 0.6407407407407407 0.015625 0.053703703703703705
0 0.8731770833333333 0.6111111111111112 0.015104166666666667 0.05
0 0.6721354166666667 0.6476851851851851 0.0140625 0.05277777777777778
0 0.9291666666666667 0.6601851851851852 0.03854166666666667 0.18333333333333332
0 0.9778645833333334 0.6310185185185185 0.025520833333333333 0.1638888888888889
0 0.6611979166666667 0.6462962962962963 0.015104166666666667 0.06111111111111111
0 0.58125 0.6425925925925926 0.016666666666666666 0.05
0 0.20494791666666667 0.7523148148148148 0.10052083333333334 0.375
