0 0.26015625 0.6486111111111111 0.011979166666666667 0.03796296296296296
0 0.014583333333333334 0.6759259259259259 0.026041666666666668 0.12407407407407407
0 0.6317708333333333 0.6412037037037037 0.015625 0.05092592592592592
0 0.8713541666666667 0.612037037037037 0.013541666666666667 0.053703703703703705
0 0.67734375 0.6476851851851851 0.0140625 0.05277777777777778
0 0.925 0.65 0.03854166666666667 0.18333333333333332
0 0.9846354166666667 0.6333333333333333 0.0234375 0.16111111111111112
0 0.57421875 0.6361111111111111 0.011979166666666667 0.05
0 0.6666666666666666 0.6481481481481481 0.013541666666666667 0.06111111111111111
0 0.58125 0.6425925925925926 0.016666666666666666 0.05
0 0.26145833333333335 0.7592592592592593 0.11041666666666666 0.40925925925925927
