0 0.26015625 0.6486111111111111 0.011979166666666667 0.03796296296296296
0 0.012239583333333333 0.6736111111111112 0.024479166666666666 0.125
0 0.63203125 0.6412037037037037 0.016145833333333335 0.05277777777777778
0 0.8700520833333333 0.6129629629629629 0.013020833333333334 0.053703703703703705
0 0.6794270833333333 0.6476851851851851 0.0140625 0.05277777777777778
0 0.91875 0.6523148148148148 0.03854166666666667 0.18055555555555555
0 0.984375 0.6370370370370371 0.025 0.15925925925925927
0 0.5747395833333333 0.6365740740740741 0.011979166666666667 0.049074074074074076
0 0.6690104166666667 0.6486111111111111 0.013020833333333334 0.06388888888888888
0 0.5807291666666666 0.6425925925925926 0.016666666666666666 0.05
0 0.27317708333333335 0.7620370370370371 0.1296875 0.39814814814814814
