0 0.26015625 0.6486111111111111 0.011979166666666667 0.03796296296296296
0 0.011979166666666667 0.6726851851851852 0.023958333333333335 0.125
0 0.63203125 0.6402777777777777 0.016145833333333335 0.05277777777777778
0 0.8700520833333333 0.6129629629629629 0.013020833333333334 0.053703703703703705
0 0.6799479166666667 0.6476851851851851 0.0140625 0.05277777777777778
0 0.9177083333333333 0.6532407407407408 0.03854166666666667 0.18055555555555555
0 0.9841145833333333 0.6370370370370371 0.025520833333333333 0.15925925925925927
0 0.5747395833333333 0.6365740740740741 0.011979166666666667 0.049074074074074076
0 0.6690104166666667 0.6481481481481481 0.013020833333333334 0.06481481481481481
0 0.5807291666666666 0.6435185185185185 0.016666666666666666 0.05
0 0.27734375 0.7601851851851852 0.12135416666666667 0.40185185185185185
