0 0.26015625 0.6486111111111111 0.011979166666666667 0.03796296296296296
0 0.01015625 0.6722222222222223 0.0203125 0.12777777777777777
0 0.6325520833333333 0.6412037037037037 0.016145833333333335 0.05277777777777778
0 0.86953125 0.6134259259259259 0.013020833333333334 0.05277777777777778
0 0.6815104166666667 0.6486111111111111 0.0140625 0.05277777777777778
0 0.9145833333333333 0.6546296296296297 0.03854166666666667 0.17962962962962964
0 0.9838541666666667 0.6388888888888888 0.027083333333333334 0.15925925925925927
0 0.5747395833333333 0.6365740740740741 0.011979166666666667 0.049074074074074076
0 0.6700520833333333 0.6472222222222223 0.013020833333333334 0.06666666666666667
0 0.5802083333333333 0.6435185185185185 0.016666666666666666 0.05
0 0.28854166666666664 0.7574074074074074 0.09583333333333334 0.4148148148148148
