0 0.26015625 0.6486111111111111 0.011979166666666667 0.03796296296296296
0 0.6341145833333334 0.6453703703703704 0.015104166666666667 0.05555555555555555
0 0.8674479166666667 0.6157407407407407 0.013020833333333334 0.05185185185185185
0 0.6846354166666667 0.6504629629629629 0.015104166666666667 0.05462962962962963
0 0.9080729166666667 0.6625 0.03697916666666667 0.16574074074074074
0 0.9828125 0.6412037037037037 0.03125 0.15833333333333333
0 0.57578125 0.6370370370370371 0.011979166666666667 0.04814814814814815
0 0.6734375 0.6518518518518519 0.0125 0.06296296296296296
0 0.5802083333333333 0.6444444444444445 0.016666666666666666 0.05
0 0.3380208333333333 0.7597222222222222 0.10104166666666667 0.41944444444444445
