0 0.26015625 0.6486111111111111 0.011979166666666667 0.03796296296296296
0 0.6346354166666667 0.6467592592592593 0.0171875 0.058333333333333334
0 0.8653645833333333 0.6180555555555556 0.0140625 0.05092592592592592
0 0.6885416666666667 0.6527777777777778 0.016666666666666666 0.05740740740740741
0 0.89921875 0.6625 0.034895833333333334 0.16944444444444445
0 0.9778645833333334 0.6509259259259259 0.0328125 0.1388888888888889
0 0.5768229166666666 0.6375 0.011979166666666667 0.04722222222222222
0 0.6765625 0.6523148148148148 0.013541666666666667 0.06388888888888888
0 0.5791666666666667 0.6462962962962963 0.016666666666666666 0.05
0 0.38333333333333336 0.7583333333333333 0.078125 0.42592592592592593
