0 0.26015625 0.6486111111111111 0.011979166666666667 0.03796296296296296
0 0.6338541666666667 0.6467592592592593 0.016666666666666666 0.058333333333333334
0 0.8645833333333334 0.6199074074074075 0.014583333333333334 0.05092592592592592
0 0.6903645833333333 0.6541666666666667 0.0171875 0.058333333333333334
0 0.8919270833333334 0.6689814814814815 0.03802083333333333 0.15648148148148147
0 0.971875 0.65 0.027083333333333334 0.14444444444444443
0 0.57734375 0.6375 0.011979166666666667 0.04722222222222222
0 0.6786458333333333 0.6527777777777778 0.015625 0.06851851851851852
0 0.5791666666666667 0.6472222222222223 0.016666666666666666 0.05
0 0.43359375 0.7583333333333333 0.1109375 0.42407407407407405
