0 0.26015625 0.6486111111111111 0.011979166666666667 0.03796296296296296
0 0.634375 0.649537037037037 0.017708333333333333 0.058333333333333334
0 0.8591145833333333 0.6236111111111111 0.016145833333333335 0.05092592592592592
0 0.6981770833333333 0.6569444444444444 0.018229166666666668 0.06018518518518518
0 0.8770833333333333 0.6648148148148149 0.03854166666666667 0.16111111111111112
0 0.95859375 0.6476851851851851 0.0296875 0.14907407407407408
0 0.5799479166666667 0.6402777777777777 0.011979166666666667 0.04722222222222222
0 0.6875 0.6578703703703703 0.0125 0.06574074074074074
0 0.5770833333333333 0.6462962962962963 0.014583333333333334 0.05
0 0.5125 0.7550925925925925 0.11145833333333334 0.425
