0 0.26015625 0.6486111111111111 0.011979166666666667 0.03796296296296296
0 0.634375 0.649074074074074 0.017708333333333333 0.05925925925925926
0 0.85859375 0.6236111111111111 0.015104166666666667 0.05092592592592592
0 0.70078125 0.6569444444444444 0.018229166666666668 0.06018518518518518
0 0.8729166666666667 0.6643518518518519 0.03854166666666667 0.16018518518518518
0 0.9557291666666666 0.6476851851851851 0.030208333333333334 0.14907407407407408
0 0.58046875 0.6412037037037037 0.011979166666666667 0.04722222222222222
0 0.6880208333333333 0.6550925925925926 0.015625 0.07314814814814814
0 0.5765625 0.6453703703703704 0.014583333333333334 0.05
0 0.540625 0.7532407407407408 0.10729166666666666 0.4287037037037037
