0 0.8895833333333333 0.6638888888888889 0.03229166666666667 0.18703703703703703
0 0.69921875 0.6722222222222223 0.025520833333333333 0.12962962962962962
0 0.32083333333333336 0.6805555555555556 0.011458333333333333 0.027777777777777776
0 0.31953125 0.6648148148148149 0.011979166666666667 0.04259259259259259
0 0.28828125 0.638425925925926 0.011979166666666667 0.06018518518518518
0 0.75625 0.6717592592592593 0.040625 0.15648148148148147
0 0.140625 0.6504629629629629 0.025 0.08055555555555556
0 0.6760416666666667 0.687037037037037 0.029166666666666667 0.13148148148148148
0 0.8752604166666667 0.662962962962963 0.043229166666666666 0.20185185185185187
0 0.6940104166666666 0.6958333333333333 0.0265625 0.10092592592592593
