0 0.9028645833333333 0.6712962962962963 0.033854166666666664 0.2037037037037037
0 0.7010416666666667 0.6787037037037037 0.027083333333333334 0.13333333333333333
0 0.3184895833333333 0.6856481481481481 0.0109375 0.028703703703703703
0 0.31744791666666666 0.6703703703703704 0.011979166666666667 0.04259259259259259
0 0.28567708333333336 0.6449074074074074 0.011979166666666667 0.06018518518518518
0 0.7614583333333333 0.6773148148148148 0.040625 0.15833333333333333
0 0.13958333333333334 0.6652777777777777 0.025 0.08055555555555556
0 0.6807291666666667 0.6930555555555555 0.03125 0.13425925925925927
0 0.88125 0.674537037037037 0.04895833333333333 0.22314814814814815
0 0.6971354166666667 0.700462962962963 0.0265625 0.10092592592592593
