0 0.9083333333333333 0.674537037037037 0.034375 0.2101851851851852
0 0.7018229166666666 0.6805555555555556 0.027604166666666666 0.13518518518518519
0 0.31796875 0.687037037037037 0.0109375 0.02962962962962963
0 0.31692708333333336 0.6722222222222223 0.011979166666666667 0.04259259259259259
0 0.28463541666666664 0.6458333333333334 0.011979166666666667 0.06018518518518518
0 0.7643229166666666 0.6819444444444445 0.04114583333333333 0.16203703703703703
0 0.13854166666666667 0.6662037037037037 0.025 0.08055555555555556
0 0.68203125 0.6949074074074074 0.033854166666666664 0.13425925925925927
0 0.8830729166666667 0.6754629629629629 0.0515625 0.225
0 0.6986979166666667 0.7023148148148148 0.0265625 0.10092592592592593
