0 0.9341145833333333 0.6907407407407408 0.03697916666666667 0.24259259259259258
0 0.7059895833333333 0.6833333333333333 0.027604166666666666 0.1388888888888889
0 0.31614583333333335 0.6810185185185185 0.010416666666666666 0.030555555555555555
0 0.31302083333333336 0.6763888888888889 0.0125 0.05092592592592592
0 0.28072916666666664 0.6407407407407407 0.016666666666666666 0.06111111111111111
0 0.7755208333333333 0.6925925925925925 0.042708333333333334 0.17777777777777778
0 0.12864583333333332 0.6597222222222222 0.025 0.08055555555555556
0 0.6856770833333333 0.6930555555555555 0.034895833333333334 0.1287037037037037
0 0.91015625 0.6851851851851852 0.05260416666666667 0.25
0 0.70390625 0.7064814814814815 0.0265625 0.10185185185185185
0 0.7557291666666667 0.6527777777777778 0.017708333333333333 0.06296296296296296
