0 0.9361979166666666 0.6912037037037037 0.0359375 0.24537037037037038
0 0.7059895833333333 0.6837962962962963 0.027604166666666666 0.1398148148148148
0 0.315625 0.6810185185185185 0.010416666666666666 0.030555555555555555
0 0.31302083333333336 0.6763888888888889 0.0125 0.05092592592592592
0 0.2799479166666667 0.6388888888888888 0.016145833333333335 0.06111111111111111
0 0.7760416666666666 0.6912037037037037 0.042708333333333334 0.1787037037037037
0 0.128125 0.6597222222222222 0.025 0.08055555555555556
0 0.6859375 0.6930555555555555 0.035416666666666666 0.13055555555555556
0 0.9125 0.6837962962962963 0.053125 0.25277777777777777
0 0.70390625 0.7060185185185185 0.0265625 0.10277777777777777
0 0.7557291666666667 0.6527777777777778 0.017708333333333333 0.06296296296296296
