0 0.9502604166666667 0.6925925925925925 0.05677083333333333 0.25555555555555554
0 0.7057291666666666 0.6787037037037037 0.030208333333333334 0.14444444444444443
0 0.31302083333333336 0.6754629629629629 0.010416666666666666 0.030555555555555555
0 0.30833333333333335 0.6671296296296296 0.0125 0.05092592592592592
0 0.27708333333333335 0.625 0.014583333333333334 0.06111111111111111
0 0.78125 0.6837962962962963 0.04479166666666667 0.18611111111111112
0 0.11927083333333334 0.6523148148148148 0.025 0.08055555555555556
0 0.6861979166666666 0.6875 0.0359375 0.1398148148148148
0 0.92578125 0.6754629629629629 0.05677083333333333 0.275
0 0.7049479166666667 0.7018518518518518 0.0265625 0.10555555555555556
0 0.7557291666666667 0.6453703703703704 0.017708333333333333 0.06296296296296296
