0 0.9770833333333333 0.7111111111111111 0.042708333333333334 0.2814814814814815
0 0.7065104166666667 0.6708333333333333 0.03177083333333333 0.14722222222222223
0 0.30833333333333335 0.6671296296296296 0.010416666666666666 0.030555555555555555
0 0.3026041666666667 0.6592592592592592 0.0125 0.046296296296296294
0 0.27291666666666664 0.6101851851851852 0.013541666666666667 0.05925925925925926
0 0.7885416666666667 0.6814814814814815 0.04479166666666667 0.18703703703703703
0 0.103125 0.6569444444444444 0.025 0.09351851851851851
0 0.6869791666666667 0.6847222222222222 0.034375 0.14537037037037037
0 0.95078125 0.6893518518518519 0.06302083333333333 0.3175925925925926
0 0.7059895833333333 0.6949074074074074 0.0265625 0.11018518518518519
0 0.7557291666666667 0.6407407407407407 0.017708333333333333 0.06296296296296296
