0 0.9877604166666667 0.7157407407407408 0.0234375 0.3055555555555556
0 0.70703125 0.6671296296296296 0.03177083333333333 0.14722222222222223
0 0.30520833333333336 0.663425925925926 0.010416666666666666 0.030555555555555555
0 0.30026041666666664 0.6578703703703703 0.011979166666666667 0.04351851851851852
0 0.271875 0.6069444444444444 0.013541666666666667 0.05648148148148148
0 0.7916666666666666 0.6796296296296296 0.04479166666666667 0.18703703703703703
0 0.09557291666666666 0.6592592592592592 0.025520833333333333 0.10185185185185185
0 0.6861979166666666 0.6805555555555556 0.034895833333333334 0.14814814814814814
0 0.959375 0.6949074074074074 0.06041666666666667 0.325
0 0.7052083333333333 0.6925925925925925 0.026041666666666668 0.1111111111111111
0 0.7557291666666667 0.6370370370370371 0.017708333333333333 0.06296296296296296
