0 0.9828125 0.7148148148148148 0.03333333333333333 0.29074074074074074
0 0.7065104166666667 0.6689814814814815 0.03177083333333333 0.14722222222222223
0 0.3067708333333333 0.6652777777777777 0.010416666666666666 0.030555555555555555
0 0.3015625 0.6583333333333333 0.0125 0.044444444444444446
0 0.27239583333333334 0.6083333333333333 0.013541666666666667 0.05740740740740741
0 0.7901041666666667 0.6814814814814815 0.04479166666666667 0.18703703703703703
0 0.09895833333333333 0.6597222222222222 0.025 0.10092592592592593
0 0.6861979166666666 0.6819444444444445 0.034895833333333334 0.14722222222222223
0 0.9567708333333333 0.6925925925925925 0.06145833333333333 0.32222222222222224
0 0.7065104166666667 0.6935185185185185 0.0265625 0.1111111111111111
0 0.7557291666666667 0.637962962962963 0.017708333333333333 0.06296296296296296
