0 0.9932291666666667 0.7175925925925926 0.0125 0.32222222222222224
0 0.7065104166666667 0.6652777777777777 0.03177083333333333 0.14722222222222223
0 0.30104166666666665 0.6606481481481481 0.010416666666666666 0.030555555555555555
0 0.29921875 0.6546296296296297 0.011979166666666667 0.04259259259259259
0 0.2703125 0.6037037037037037 0.013541666666666667 0.053703703703703705
0 0.7958333333333333 0.675 0.04479166666666667 0.18703703703703703
0 0.08697916666666666 0.6541666666666667 0.026041666666666668 0.10277777777777777
0 0.6846354166666667 0.6773148148148148 0.034895833333333334 0.14907407407407408
0 0.96796875 0.7 0.05260416666666667 0.3277777777777778
0 0.7046875 0.6893518518518519 0.025 0.11203703703703703
0 0.7557291666666667 0.6324074074074074 0.017708333333333333 0.06296296296296296
