0 0.70390625 0.6601851851851852 0.03177083333333333 0.14814814814814814
0 0.2859375 0.6532407407407408 0.010416666666666666 0.030555555555555555
0 0.2955729166666667 0.6472222222222223 0.011979166666666667 0.04259259259259259
0 0.26666666666666666 0.5967592592592592 0.013541666666666667 0.05277777777777778
0 0.7994791666666666 0.6657407407407407 0.04583333333333333 0.18703703703703703
0 0.0625 0.6504629629629629 0.027083333333333334 0.11388888888888889
0 0.6729166666666667 0.6689814814814815 0.03854166666666667 0.14907407407407408
0 0.9815104166666667 0.7296296296296296 0.034895833333333334 0.37407407407407406
0 0.6973958333333333 0.6842592592592592 0.03125 0.1037037037037037
0 0.7541666666666667 0.6268518518518519 0.017708333333333333 0.06296296296296296
