0 0.98671875 0.7592592592592593 0.025520833333333333 0.4074074074074074
0 0.6924479166666667 0.6652777777777777 0.030729166666666665 0.14907407407407408
0 0.29244791666666664 0.6481481481481481 0.011979166666666667 0.04259259259259259
0 0.2640625 0.5962962962962963 0.014583333333333334 0.05555555555555555
0 0.7841145833333333 0.6694444444444444 0.04739583333333333 0.18703703703703703
0 0.03671875 0.6541666666666667 0.028645833333333332 0.12129629629629629
0 0.65234375 0.6773148148148148 0.033854166666666664 0.14722222222222223
0 0.96953125 0.7444444444444445 0.059895833333333336 0.4425925925925926
0 0.6778645833333333 0.6837962962962963 0.027604166666666666 0.09907407407407408
0 0.7442708333333333 0.6287037037037037 0.017708333333333333 0.06296296296296296
