0 0.0625 0.7467592592592592 0.125 0.5046296296296297
0 0.15338541666666666 0.7601851851851852 0.07552083333333333 0.32592592592592595
0 0.5994791666666667 0.6620370370370371 0.023958333333333335 0.11481481481481481
0 0.10911458333333333 0.7546296296296297 0.13802083333333334 0.42777777777777776
0 0.7 0.6560185185185186 0.035416666666666666 0.13425925925925927
0 0.5640625 0.6703703703703704 0.029166666666666667 0.10740740740740741
0 0.12734375 0.7287037037037037 0.11302083333333333 0.5314814814814814
0 0.2942708333333333 0.6449074074074074 0.017708333333333333 0.06018518518518518
0 0.5854166666666667 0.6805555555555556 0.020833333333333332 0.07777777777777778
0 0.018489583333333334 0.7458333333333333 0.0359375 0.3787037037037037
