0 0.0578125 0.7467592592592592 0.115625 0.5046296296296297
0 0.15364583333333334 0.7689814814814815 0.06354166666666666 0.3212962962962963
0 0.5984375 0.6620370370370371 0.023958333333333335 0.11481481481481481
0 0.11640625 0.7550925925925925 0.1390625 0.4287037037037037
0 0.6997395833333333 0.6560185185185186 0.0359375 0.13425925925925927
0 0.56328125 0.6699074074074074 0.0296875 0.10648148148148148
0 0.11354166666666667 0.7310185185185185 0.11666666666666667 0.5305555555555556
0 0.2942708333333333 0.6444444444444445 0.017708333333333333 0.05925925925925926
0 0.5848958333333333 0.6805555555555556 0.020833333333333332 0.07777777777777778
0 0.021614583333333333 0.7467592592592592 0.0421875 0.38055555555555554
