0 0.025520833333333333 0.7467592592592592 0.051041666666666666 0.5046296296296297
0 0.2078125 0.7666666666666667 0.07708333333333334 0.3388888888888889
0 0.59375 0.6615740740740741 0.025 0.11388888888888889
0 0.16536458333333334 0.7638888888888888 0.1265625 0.43703703703703706
0 0.6963541666666667 0.6560185185185186 0.0375 0.13055555555555556
0 0.5575520833333333 0.6689814814814815 0.030729166666666665 0.10277777777777777
0 0.05182291666666667 0.7300925925925926 0.09947916666666666 0.5361111111111111
0 0.2953125 0.6444444444444445 0.017708333333333333 0.05555555555555555
0 0.5796875 0.6819444444444445 0.020833333333333332 0.07685185185185185
0 0.04479166666666667 0.7527777777777778 0.07604166666666666 0.3925925925925926
