0 0.0140625 0.7467592592592592 0.028125 0.5046296296296297
0 0.21953125 0.7671296296296296 0.0703125 0.3398148148148148
0 0.5924479166666666 0.6606481481481481 0.025520833333333333 0.11388888888888889
0 0.17552083333333332 0.7689814814814815 0.11770833333333333 0.44166666666666665
0 0.6950520833333333 0.6564814814814814 0.03802083333333333 0.12962962962962962
0 0.5559895833333334 0.6699074074074074 0.030729166666666665 0.10277777777777777
0 0.04296875 0.7282407407407407 0.0859375 0.537962962962963
0 0.29583333333333334 0.6449074074074074 0.017708333333333333 0.05277777777777778
0 0.5783854166666667 0.6819444444444445 0.021354166666666667 0.07685185185185185
0 0.0515625 0.7546296296296297 0.08229166666666667 0.3962962962962963
