0 0.32369791666666664 0.6296296296296297 0.009895833333333333 0.044444444444444446
0 0.8838541666666667 0.5851851851851851 0.03333333333333333 0.12777777777777777
0 0.38697916666666665 0.6305555555555555 0.0125 0.027777777777777776
0 0.725 0.6032407407407407 0.0125 0.062037037037037036
0 0.31484375 0.6319444444444444 0.0109375 0.049074074074074076
0 0.9015625 0.5884259259259259 0.022916666666666665 0.11203703703703703
0 0.7177083333333333 0.6041666666666666 0.010416666666666666 0.05648148148148148
0 0.7125 0.6050925925925926 0.016666666666666666 0.0712962962962963
0 0.7052083333333333 0.6046296296296296 0.010416666666666666 0.06851851851851852
0 0.62109375 0.6087962962962963 0.0078125 0.03425925925925926
0 0.34036458333333336 0.6351851851851852 0.011979166666666667 0.06296296296296296
