0 0.30859375 0.6337962962962963 0.0109375 0.049074074074074076
0 0.9325520833333333 0.5768518518518518 0.027604166666666666 0.14814814814814814
0 0.37734375 0.6328703703703704 0.013020833333333334 0.028703703703703703
0 0.7471354166666667 0.6013888888888889 0.015104166666666667 0.06759259259259259
0 0.2989583333333333 0.6337962962962963 0.010416666666666666 0.05277777777777778
0 0.9513020833333333 0.5828703703703704 0.021354166666666667 0.12685185185185185
0 0.73359375 0.6046296296296296 0.013020833333333334 0.06111111111111111
0 0.7411458333333333 0.6037037037037037 0.016666666666666666 0.07777777777777778
0 0.7265625 0.6037037037037037 0.0125 0.07037037037037037
0 0.6234375 0.6106481481481482 0.008333333333333333 0.03796296296296296
0 0.3536458333333333 0.6259259259259259 0.010416666666666666 0.044444444444444446
0 0.33177083333333335 0.6398148148148148 0.01875 0.06851851851851852
