0 0.29739583333333336 0.6361111111111111 0.0125 0.053703703703703705
0 0.9841145833333333 0.575462962962963 0.030729166666666665 0.16018518518518518
0 0.36953125 0.6337962962962963 0.013020833333333334 0.030555555555555555
0 0.7705729166666667 0.6018518518518519 0.0171875 0.07407407407407407
0 0.28567708333333336 0.6347222222222222 0.011979166666666667 0.05648148148148148
0 0.9924479166666667 0.5782407407407407 0.0140625 0.15092592592592594
0 0.7520833333333333 0.6050925925925926 0.0125 0.07314814814814814
0 0.7739583333333333 0.600925925925926 0.017708333333333333 0.08888888888888889
0 0.7408854166666666 0.6046296296296296 0.011979166666666667 0.07592592592592592
0 0.6263020833333334 0.611574074074074 0.0078125 0.03981481481481482
0 0.34869791666666666 0.625 0.0109375 0.04259259259259259
0 0.32708333333333334 0.6407407407407407 0.020833333333333332 0.07592592592592592
