0 0.28567708333333336 0.6351851851851852 0.011979166666666667 0.05925925925925926
0 0.3625 0.6333333333333333 0.0125 0.03148148148148148
0 0.7963541666666667 0.5995370370370371 0.014583333333333334 0.08611111111111111
0 0.27291666666666664 0.6347222222222222 0.0125 0.062037037037037036
0 0.771875 0.6050925925925926 0.0125 0.07685185185185185
0 0.8088541666666667 0.600462962962963 0.01875 0.09166666666666666
0 0.75859375 0.6050925925925926 0.015104166666666667 0.0787037037037037
0 0.6291666666666667 0.6101851851851852 0.008333333333333333 0.040740740740740744
0 0.34296875 0.6217592592592592 0.0140625 0.04351851851851852
0 0.32135416666666666 0.6398148148148148 0.020833333333333332 0.08333333333333333
