0 0.27838541666666666 0.6365740740740741 0.013020833333333334 0.06018518518518518
0 0.35625 0.6347222222222222 0.0125 0.032407407407407406
0 0.8197916666666667 0.600462962962963 0.017708333333333333 0.09166666666666666
0 0.26171875 0.6337962962962963 0.013020833333333334 0.062037037037037036
0 0.7888020833333333 0.6060185185185185 0.016145833333333335 0.08425925925925926
0 0.8421875 0.5967592592592592 0.023958333333333335 0.10462962962962963
0 0.77421875 0.6060185185185185 0.015104166666666667 0.08425925925925926
0 0.6322916666666667 0.6134259259259259 0.011458333333333333 0.041666666666666664
0 0.7372395833333333 0.6055555555555555 0.013020833333333334 0.07592592592592592
0 0.3411458333333333 0.6226851851851852 0.010416666666666666 0.04537037037037037
0 0.31953125 0.6398148148148148 0.018229166666666668 0.09259259259259259
