0 0.28411458333333334 0.6351851851851852 0.011979166666666667 0.05925925925925926
0 0.3614583333333333 0.6333333333333333 0.0125 0.03148148148148148
0 0.8015625 0.5995370370370371 0.015625 0.08796296296296297
0 0.2708333333333333 0.6347222222222222 0.0125 0.062037037037037036
0 0.7755208333333333 0.6055555555555555 0.013541666666666667 0.07962962962962963
0 0.81484375 0.6 0.019270833333333334 0.09259259259259259
0 0.76171875 0.6055555555555555 0.015104166666666667 0.07962962962962963
0 0.6294270833333333 0.6101851851851852 0.008854166666666666 0.040740740740740744
0 0.3419270833333333 0.6212962962962963 0.0140625 0.044444444444444446
0 0.3216145833333333 0.6402777777777777 0.022395833333333334 0.08425925925925926
