0 0.27890625 0.6365740740740741 0.013020833333333334 0.06018518518518518
0 0.3567708333333333 0.6347222222222222 0.0125 0.032407407407407406
0 0.81796875 0.5995370370370371 0.0171875 0.09166666666666666
0 0.26276041666666666 0.6337962962962963 0.013020833333333334 0.062037037037037036
0 0.7869791666666667 0.6060185185185185 0.015625 0.08425925925925926
0 0.8393229166666667 0.5972222222222222 0.0234375 0.1037037037037037
0 0.77265625 0.6055555555555555 0.015104166666666667 0.08333333333333333
0 0.6317708333333333 0.6129629629629629 0.011458333333333333 0.040740740740740744
0 0.7361979166666667 0.6055555555555555 0.013020833333333334 0.07592592592592592
0 0.34270833333333334 0.6236111111111111 0.010416666666666666 0.04537037037037037
0 0.31979166666666664 0.6398148148148148 0.019791666666666666 0.09074074074074075
