0 0.2799479166666667 0.6365740740740741 0.013020833333333334 0.06018518518518518
0 0.3572916666666667 0.6347222222222222 0.0125 0.032407407407407406
0 0.8158854166666667 0.5995370370370371 0.0171875 0.09166666666666666
0 0.2638020833333333 0.6337962962962963 0.013020833333333334 0.062037037037037036
0 0.7859375 0.6060185185185185 0.015625 0.08425925925925926
0 0.8359375 0.5972222222222222 0.022916666666666665 0.10185185185185185
0 0.7716145833333333 0.6055555555555555 0.015104166666666667 0.08333333333333333
0 0.6317708333333333 0.6129629629629629 0.011458333333333333 0.040740740740740744
0 0.7354166666666667 0.6046296296296296 0.013541666666666667 0.07592592592592592
0 0.34348958333333335 0.624537037037037 0.0109375 0.04537037037037037
0 0.32005208333333335 0.6402777777777777 0.021354166666666667 0.08981481481481482
