0 0.28229166666666666 0.6351851851851852 0.0125 0.05925925925925926
0 0.35989583333333336 0.6333333333333333 0.0125 0.03148148148148148
0 0.8080729166666667 0.5981481481481481 0.016145833333333335 0.09074074074074075
0 0.2677083333333333 0.6347222222222222 0.0125 0.062037037037037036
0 0.7802083333333333 0.6060185185185185 0.014583333333333334 0.0824074074074074
0 0.8239583333333333 0.5995370370370371 0.020833333333333332 0.09722222222222222
0 0.7658854166666667 0.6050925925925926 0.015104166666666667 0.08055555555555556
0 0.6302083333333334 0.611574074074074 0.010416666666666666 0.03981481481481482
0 0.3421875 0.6222222222222222 0.013541666666666667 0.044444444444444446
0 0.32135416666666666 0.6398148148148148 0.025 0.08518518518518518
