0 0.27786458333333336 0.6365740740740741 0.013020833333333334 0.06018518518518518
0 0.35572916666666665 0.6347222222222222 0.0125 0.032407407407407406
0 0.8213541666666667 0.6 0.017708333333333333 0.09074074074074075
0 0.26119791666666664 0.6337962962962963 0.013020833333333334 0.062037037037037036
0 0.78984375 0.6060185185185185 0.016145833333333335 0.08425925925925926
0 0.8447916666666667 0.5972222222222222 0.023958333333333335 0.10555555555555556
0 0.77578125 0.6064814814814815 0.015104166666666667 0.08518518518518518
0 0.6322916666666667 0.6134259259259259 0.011458333333333333 0.041666666666666664
0 0.7380208333333333 0.6055555555555555 0.013541666666666667 0.07592592592592592
0 0.33958333333333335 0.6208333333333333 0.010416666666666666 0.04537037037037037
0 0.32005208333333335 0.6402777777777777 0.019270833333333334 0.09351851851851851
