0 0.2643229166666667 0.638425925925926 0.011979166666666667 0.062037037037037036
0 0.3453125 0.637962962962963 0.011458333333333333 0.03518518518518519
0 0.8588541666666667 0.6013888888888889 0.016666666666666666 0.09722222222222222
0 0.24947916666666667 0.6370370370370371 0.0125 0.06296296296296296
0 0.7619791666666667 0.6074074074074074 0.014583333333333334 0.07777777777777778
0 0.809375 0.6078703703703704 0.015625 0.08611111111111111
0 0.8888020833333333 0.5939814814814814 0.022395833333333334 0.11388888888888889
0 0.7986979166666667 0.6074074074074074 0.015104166666666667 0.08888888888888889
0 0.6401041666666667 0.6162037037037037 0.010416666666666666 0.04351851851851852
0 0.7497395833333333 0.6083333333333333 0.0140625 0.08333333333333333
0 0.3380208333333333 0.6268518518518519 0.0125 0.04814814814814815
0 0.81484375 0.6023148148148149 0.013020833333333334 0.08425925925925926
0 0.32109375 0.6444444444444445 0.015104166666666667 0.10740740740740741
