0 0.26484375 0.638425925925926 0.011979166666666667 0.062037037037037036
0 0.3458333333333333 0.637962962962963 0.011458333333333333 0.03518518518518519
0 0.8567708333333334 0.6013888888888889 0.016666666666666666 0.09722222222222222
0 0.25 0.6370370370370371 0.0125 0.06296296296296296
0 0.7614583333333333 0.6074074074074074 0.014583333333333334 0.07777777777777778
0 0.80859375 0.6083333333333333 0.016145833333333335 0.08703703703703704
0 0.88671875 0.5939814814814814 0.022395833333333334 0.11388888888888889
0 0.7981770833333334 0.6078703703703704 0.015104166666666667 0.08796296296296297
0 0.6395833333333333 0.6152777777777778 0.010416666666666666 0.04351851851851852
0 0.7494791666666667 0.6083333333333333 0.014583333333333334 0.08333333333333333
0 0.3380208333333333 0.6268518518518519 0.0125 0.04814814814814815
0 0.32083333333333336 0.6439814814814815 0.017708333333333333 0.10648148148148148
