0 0.25078125 0.6407407407407407 0.016145833333333335 0.06481481481481481
0 0.33125 0.6337962962962963 0.008333333333333333 0.05277777777777778
0 0.9096354166666667 0.5953703703703703 0.0265625 0.11666666666666667
0 0.8497395833333333 0.5930555555555556 0.022395833333333334 0.09907407407407408
0 0.23776041666666667 0.638425925925926 0.013020833333333334 0.06574074074074074
0 0.7786458333333334 0.6074074074074074 0.019791666666666666 0.08333333333333333
0 0.8291666666666667 0.6046296296296296 0.017708333333333333 0.09074074074074075
0 0.9484375 0.5851851851851851 0.028125 0.13148148148148148
0 0.7981770833333334 0.6097222222222223 0.015104166666666667 0.08611111111111111
0 0.8130208333333333 0.6041666666666666 0.014583333333333334 0.09722222222222222
0 0.6494791666666667 0.6157407407407407 0.010416666666666666 0.046296296296296294
0 0.7643229166666666 0.6083333333333333 0.0203125 0.08703703703703704
0 0.3341145833333333 0.6259259259259259 0.0109375 0.046296296296296294
0 0.8700520833333333 0.5944444444444444 0.021354166666666667 0.09444444444444444
0 0.3375 0.649074074074074 0.03229166666666667 0.1259259259259259
