0 0.24973958333333332 0.6412037037037037 0.016145833333333335 0.06574074074074074
0 0.33125 0.6337962962962963 0.009375 0.049074074074074076
0 0.9119791666666667 0.5958333333333333 0.027083333333333334 0.1175925925925926
0 0.8510416666666667 0.5930555555555556 0.022916666666666665 0.09907407407407408
0 0.23723958333333334 0.638425925925926 0.013020833333333334 0.06574074074074074
0 0.7794270833333333 0.6069444444444444 0.0203125 0.08425925925925926
0 0.8296875 0.6046296296296296 0.017708333333333333 0.09074074074074075
0 0.9510416666666667 0.5847222222222223 0.028125 0.13240740740740742
0 0.7994791666666666 0.6092592592592593 0.015625 0.08703703703703704
0 0.8135416666666667 0.6032407407407407 0.014583333333333334 0.09722222222222222
0 0.6502604166666667 0.6157407407407407 0.0109375 0.046296296296296294
0 0.7653645833333333 0.6069444444444444 0.0203125 0.08611111111111111
0 0.3341145833333333 0.6263888888888889 0.0109375 0.04722222222222222
0 0.8729166666666667 0.5939814814814814 0.020833333333333332 0.09537037037037037
0 0.33828125 0.6481481481481481 0.028645833333333332 0.12777777777777777
