0 0.6354166666666666 0.611574074074074 0.005208333333333333 0.030555555555555555
0 0.24088541666666666 0.6416666666666667 0.016145833333333335 0.06851851851851852
0 0.32369791666666664 0.6342592592592593 0.011979166666666667 0.053703703703703705
0 0.9559895833333333 0.5888888888888889 0.0265625 0.12962962962962962
0 0.88125 0.5879629629629629 0.021875 0.10925925925925926
0 0.23229166666666667 0.6398148148148148 0.011458333333333333 0.06666666666666667
0 0.80234375 0.6037037037037037 0.0171875 0.08888888888888889
0 0.8390625 0.6027777777777777 0.015625 0.09259259259259259
0 0.8104166666666667 0.6064814814814815 0.015625 0.08888888888888889
0 0.8263020833333333 0.6023148148148149 0.018229166666666668 0.10277777777777777
0 0.6588541666666666 0.6148148148148148 0.011458333333333333 0.04814814814814815
0 0.7755208333333333 0.6064814814814815 0.017708333333333333 0.09259259259259259
0 0.334375 0.6268518518518519 0.014583333333333334 0.04814814814814815
0 0.3614583333333333 0.6518518518518519 0.034375 0.14814814814814814
