0 0.6330729166666667 0.6125 0.0046875 0.030555555555555555
0 0.24270833333333333 0.6412037037037037 0.015625 0.06574074074074074
0 0.3265625 0.6337962962962963 0.0125 0.05462962962962963
0 0.9416666666666667 0.5912037037037037 0.025 0.125
0 0.87109375 0.5888888888888889 0.022395833333333334 0.10740740740740741
0 0.23359375 0.6407407407407407 0.013020833333333334 0.06851851851851852
0 0.7932291666666667 0.6055555555555555 0.025 0.08888888888888889
0 0.8361979166666667 0.6032407407407407 0.016145833333333335 0.09166666666666666
0 0.9802083333333333 0.5800925925925926 0.026041666666666668 0.1398148148148148
0 0.80703125 0.6069444444444444 0.0171875 0.08796296296296297
0 0.8205729166666667 0.6018518518518519 0.0140625 0.10185185185185185
0 0.65625 0.6152777777777778 0.011458333333333333 0.04722222222222222
0 0.7721354166666666 0.6055555555555555 0.016145833333333335 0.09074074074074075
0 0.334375 0.6268518518518519 0.014583333333333334 0.05
0 0.9075520833333334 0.5875 0.022395833333333334 0.10277777777777777
0 0.35260416666666666 0.6518518518518519 0.03333333333333333 0.14074074074074075
