0 0.6364583333333333 0.612037037037037 0.010416666666666666 0.03148148148148148
0 0.240625 0.6416666666666667 0.014583333333333334 0.06666666666666667
0 0.3221354166666667 0.6342592592592593 0.011979166666666667 0.053703703703703705
0 0.9658854166666667 0.5884259259259259 0.027604166666666666 0.13240740740740742
0 0.8869791666666667 0.587037037037037 0.01875 0.10740740740740741
0 0.23151041666666666 0.6407407407407407 0.011979166666666667 0.06666666666666667
0 0.8104166666666667 0.6013888888888889 0.017708333333333333 0.08981481481481482
0 0.84140625 0.6023148148148149 0.015104166666666667 0.09351851851851851
0 0.8119791666666667 0.6055555555555555 0.01875 0.09259259259259259
0 0.8268229166666666 0.6018518518518519 0.019270833333333334 0.09814814814814815
0 0.6606770833333333 0.6138888888888889 0.0109375 0.05
0 0.7786458333333334 0.6055555555555555 0.01875 0.09259259259259259
0 0.3338541666666667 0.6263888888888889 0.014583333333333334 0.04722222222222222
0 0.3692708333333333 0.6541666666666667 0.04895833333333333 0.15092592592592594
