0 0.6369791666666667 0.6111111111111112 0.010416666666666666 0.03148148148148148
0 0.24010416666666667 0.6416666666666667 0.013541666666666667 0.06481481481481481
0 0.32083333333333336 0.6342592592592593 0.011458333333333333 0.053703703703703705
0 0.9716145833333333 0.5884259259259259 0.028645833333333332 0.13425925925925927
0 0.8919270833333334 0.5861111111111111 0.021354166666666667 0.10925925925925926
0 0.23125 0.6407407407407407 0.0125 0.06666666666666667
0 0.815625 0.600462962962963 0.016666666666666666 0.08981481481481482
0 0.8427083333333333 0.6013888888888889 0.014583333333333334 0.09351851851851851
0 0.8130208333333333 0.6069444444444444 0.019791666666666666 0.09351851851851851
0 0.8268229166666666 0.6018518518518519 0.0203125 0.09444444444444444
0 0.66171875 0.6138888888888889 0.0109375 0.05
0 0.7809895833333333 0.6055555555555555 0.019270833333333334 0.09259259259259259
0 0.3338541666666667 0.6268518518518519 0.014583333333333334 0.046296296296296294
0 0.3736979166666667 0.6537037037037037 0.043229166666666666 0.15555555555555556
