0 0.640625 0.611574074074074 0.010416666666666666 0.03425925925925926
0 0.24036458333333333 0.6425925925925926 0.011979166666666667 0.06481481481481481
0 0.31744791666666666 0.6337962962962963 0.0109375 0.058333333333333334
0 0.9872395833333333 0.5837962962962963 0.0234375 0.14351851851851852
0 0.9080729166666667 0.5819444444444445 0.0234375 0.11944444444444445
0 0.22994791666666667 0.6412037037037037 0.013020833333333334 0.06759259259259259
0 0.8364583333333333 0.5976851851851852 0.01875 0.09351851851851851
0 0.8489583333333334 0.600925925925926 0.020833333333333332 0.10185185185185185
0 0.8130208333333333 0.6055555555555555 0.016666666666666666 0.09074074074074075
0 0.8265625 0.6032407407407407 0.026041666666666668 0.10833333333333334
0 0.6638020833333333 0.6148148148148148 0.009895833333333333 0.04814814814814815
0 0.7890625 0.6023148148148149 0.019791666666666666 0.09537037037037037
0 0.33255208333333336 0.6296296296296297 0.013020833333333334 0.046296296296296294
0 0.3971354166666667 0.6560185185185186 0.0515625 0.16944444444444445
