0 0.6395833333333333 0.6111111111111112 0.010416666666666666 0.03333333333333333
0 0.24036458333333333 0.6425925925925926 0.011979166666666667 0.06481481481481481
0 0.31796875 0.6337962962962963 0.0109375 0.05648148148148148
0 0.9841145833333333 0.5851851851851851 0.025520833333333333 0.14074074074074075
0 0.9044270833333333 0.5824074074074074 0.0234375 0.11666666666666667
0 0.22994791666666667 0.6412037037037037 0.013020833333333334 0.06759259259259259
0 0.83125 0.5990740740740741 0.017708333333333333 0.09259259259259259
0 0.8484375 0.6013888888888889 0.020833333333333332 0.09907407407407408
0 0.81328125 0.6060185185185185 0.018229166666666668 0.09166666666666666
0 0.82734375 0.6032407407407407 0.019270833333333334 0.10833333333333334
0 0.66328125 0.6152777777777778 0.009895833333333333 0.049074074074074076
0 0.7869791666666667 0.6037037037037037 0.019791666666666666 0.09444444444444444
0 0.3328125 0.6287037037037037 0.013541666666666667 0.046296296296296294
0 0.39036458333333335 0.6546296296296297 0.044270833333333336 0.16666666666666666
