0 0.6458333333333334 0.6111111111111112 0.010416666666666666 0.037037037037037035
0 0.24088541666666666 0.6435185185185185 0.0171875 0.06666666666666667
0 0.31744791666666666 0.6342592592592593 0.0109375 0.05925925925925926
0 0.93671875 0.5805555555555556 0.024479166666666666 0.12407407407407407
0 0.7846354166666667 0.6027777777777777 0.0171875 0.06851851851851852
0 0.22916666666666666 0.6416666666666667 0.013541666666666667 0.06851851851851852
0 0.8645833333333334 0.5930555555555556 0.021875 0.09722222222222222
0 0.8447916666666667 0.6027777777777777 0.016666666666666666 0.1
0 0.8096354166666667 0.6078703703703704 0.018229166666666668 0.09351851851851851
0 0.82578125 0.6050925925925926 0.022395833333333334 0.10648148148148148
0 0.8091145833333333 0.6023148148148149 0.021354166666666667 0.09722222222222222
0 0.33541666666666664 0.6282407407407408 0.011458333333333333 0.04351851851851852
0 0.44921875 0.6578703703703703 0.0484375 0.19166666666666668
