0 0.6484375 0.6106481481481482 0.010416666666666666 0.03611111111111111
0 0.24166666666666667 0.6421296296296296 0.016666666666666666 0.06388888888888888
0 0.31692708333333336 0.6342592592592593 0.011979166666666667 0.05740740740740741
0 0.94296875 0.5782407407407407 0.0265625 0.1287037037037037
0 0.78359375 0.6023148148148149 0.018229166666666668 0.0712962962962963
0 0.23020833333333332 0.6402777777777777 0.013541666666666667 0.06759259259259259
0 0.8708333333333333 0.5916666666666667 0.022916666666666665 0.09814814814814815
0 0.8440104166666667 0.6032407407407407 0.0203125 0.10092592592592593
0 0.8083333333333333 0.6074074074074074 0.01875 0.09259259259259259
0 0.8239583333333333 0.6046296296296296 0.019791666666666666 0.10925925925925926
0 0.8140625 0.600925925925926 0.01875 0.09814814814814815
0 0.4661458333333333 0.6574074074074074 0.03854166666666667 0.19814814814814816
