0 0.6494791666666667 0.6111111111111112 0.010416666666666666 0.037037037037037035
0 0.24479166666666666 0.6425925925925926 0.014583333333333334 0.06296296296296296
0 0.3177083333333333 0.6337962962962963 0.011458333333333333 0.05277777777777778
0 0.9526041666666667 0.5763888888888888 0.026041666666666668 0.13055555555555556
0 0.7802083333333333 0.6037037037037037 0.01875 0.06666666666666667
0 0.23203125 0.6402777777777777 0.013020833333333334 0.06574074074074074
0 0.878125 0.5916666666666667 0.023958333333333335 0.10185185185185185
0 0.8401041666666667 0.6046296296296296 0.021875 0.10185185185185185
0 0.8078125 0.6069444444444444 0.019791666666666666 0.09351851851851851
0 0.82265625 0.6046296296296296 0.0203125 0.10925925925925926
0 0.82109375 0.6 0.015104166666666667 0.1
0 0.49244791666666665 0.6587962962962963 0.04635416666666667 0.20277777777777778
