0 0.6494791666666667 0.6111111111111112 0.010416666666666666 0.037037037037037035
0 0.2453125 0.6425925925925926 0.014583333333333334 0.06296296296296296
0 0.31796875 0.6333333333333333 0.0109375 0.05185185185185185
0 0.9533854166666667 0.575925925925926 0.025520833333333333 0.12962962962962962
0 0.7799479166666666 0.6037037037037037 0.019270833333333334 0.06666666666666667
0 0.23203125 0.6402777777777777 0.013020833333333334 0.06574074074074074
0 0.8786458333333333 0.5916666666666667 0.023958333333333335 0.10185185185185185
0 0.8395833333333333 0.6046296296296296 0.021875 0.10185185185185185
0 0.8075520833333333 0.6069444444444444 0.019270833333333334 0.09351851851851851
0 0.8229166666666666 0.6046296296296296 0.020833333333333332 0.10925925925925926
0 0.8216145833333334 0.6 0.015104166666666667 0.1
0 0.4947916666666667 0.6583333333333333 0.042708333333333334 0.2037037037037037
