0 0.6494791666666667 0.6111111111111112 0.010416666666666666 0.037037037037037035
0 0.2453125 0.6425925925925926 0.013541666666666667 0.06481481481481481
0 0.3182291666666667 0.6333333333333333 0.010416666666666666 0.05
0 0.9567708333333333 0.575462962962963 0.025 0.1287037037037037
0 0.7791666666666667 0.6037037037037037 0.019791666666666666 0.06666666666666667
0 0.2328125 0.6402777777777777 0.0125 0.06388888888888888
0 0.8796875 0.5912037037037037 0.022916666666666665 0.10277777777777777
0 0.8375 0.6055555555555555 0.020833333333333332 0.10185185185185185
0 0.8067708333333333 0.6069444444444444 0.01875 0.09166666666666666
0 0.82265625 0.6046296296296296 0.022395833333333334 0.10740740740740741
0 0.82265625 0.6 0.015104166666666667 0.1
0 0.5036458333333333 0.6574074074074074 0.03333333333333333 0.2074074074074074
