0 0.65 0.6106481481481482 0.010416666666666666 0.03796296296296296
0 0.24817708333333333 0.6416666666666667 0.013020833333333334 0.06666666666666667
0 0.32005208333333335 0.6328703703703704 0.0109375 0.05092592592592592
0 0.9630208333333333 0.5736111111111111 0.021875 0.13240740740740742
0 0.7770833333333333 0.6046296296296296 0.020833333333333332 0.06666666666666667
0 0.234375 0.6393518518518518 0.013541666666666667 0.06388888888888888
0 0.8825520833333333 0.5898148148148148 0.021354166666666667 0.1037037037037037
0 0.8341145833333333 0.6055555555555555 0.021354166666666667 0.1
0 0.8052083333333333 0.6078703703703704 0.016666666666666666 0.08981481481481482
0 0.81953125 0.6027777777777777 0.0203125 0.10555555555555556
0 0.8244791666666667 0.5995370370370371 0.014583333333333334 0.10092592592592593
0 0.5223958333333333 0.6574074074074074 0.04479166666666667 0.20555555555555555
