0 0.65 0.6111111111111112 0.010416666666666666 0.03888888888888889
0 0.24635416666666668 0.6407407407407407 0.011458333333333333 0.06481481481481481
0 0.32109375 0.6328703703703704 0.011979166666666667 0.05277777777777778
0 0.9661458333333334 0.5726851851851852 0.020833333333333332 0.13425925925925927
0 0.77578125 0.6037037037037037 0.019270833333333334 0.06851851851851852
0 0.23567708333333334 0.6393518518518518 0.0140625 0.06388888888888888
0 0.8833333333333333 0.5898148148148148 0.021875 0.1037037037037037
0 0.8325520833333333 0.6055555555555555 0.021354166666666667 0.09814814814814815
0 0.8044270833333333 0.6078703703703704 0.0171875 0.08981481481481482
0 0.8182291666666667 0.6023148148148149 0.01875 0.10462962962962963
0 0.8260416666666667 0.5990740740740741 0.014583333333333334 0.10185185185185185
0 0.5299479166666666 0.6587962962962963 0.0515625 0.20462962962962963
