0 0.6510416666666666 0.6111111111111112 0.010416666666666666 0.03888888888888889
0 0.24895833333333334 0.6421296296296296 0.010416666666666666 0.06388888888888888
0 0.3221354166666667 0.6324074074074074 0.011979166666666667 0.05185185185185185
0 0.9721354166666667 0.5708333333333333 0.0234375 0.14166666666666666
0 0.7739583333333333 0.6018518518518519 0.016666666666666666 0.07037037037037037
0 0.23802083333333332 0.6388888888888888 0.013541666666666667 0.06481481481481481
0 0.8854166666666666 0.5893518518518519 0.022916666666666665 0.10462962962962963
0 0.8260416666666667 0.6055555555555555 0.020833333333333332 0.0962962962962963
0 0.80390625 0.6083333333333333 0.018229166666666668 0.09074074074074075
0 0.8161458333333333 0.6037037037037037 0.017708333333333333 0.10555555555555556
0 0.8278645833333333 0.5986111111111111 0.0140625 0.10277777777777777
0 0.55546875 0.6578703703703703 0.0328125 0.21574074074074073
