0 0.6505208333333333 0.6111111111111112 0.010416666666666666 0.03888888888888889
0 0.2484375 0.6412037037037037 0.010416666666666666 0.06388888888888888
0 0.3216145833333333 0.6324074074074074 0.011979166666666667 0.05185185185185185
0 0.9713541666666666 0.5712962962962963 0.022916666666666665 0.14074074074074075
0 0.7739583333333333 0.6018518518518519 0.016666666666666666 0.07037037037037037
0 0.23828125 0.6398148148148148 0.0140625 0.06481481481481481
0 0.8854166666666666 0.5893518518518519 0.022916666666666665 0.10462962962962963
0 0.8270833333333333 0.6060185185185185 0.020833333333333332 0.09722222222222222
0 0.80390625 0.6083333333333333 0.018229166666666668 0.09074074074074075
0 0.8166666666666667 0.6037037037037037 0.017708333333333333 0.10555555555555556
0 0.8278645833333333 0.5990740740740741 0.0140625 0.10185185185185185
0 0.5528645833333333 0.6583333333333333 0.0296875 0.21666666666666667
