0 0.6505208333333333 0.6111111111111112 0.010416666666666666 0.03888888888888889
0 0.24817708333333333 0.6416666666666667 0.0109375 0.06481481481481481
0 0.3216145833333333 0.6324074074074074 0.011979166666666667 0.05185185185185185
0 0.9692708333333333 0.5712962962962963 0.021875 0.1388888888888889
0 0.7744791666666667 0.6023148148148149 0.017708333333333333 0.06944444444444445
0 0.23723958333333334 0.6398148148148148 0.0140625 0.06481481481481481
0 0.8846354166666667 0.5893518518518519 0.022395833333333334 0.10462962962962963
0 0.8286458333333333 0.6050925925925926 0.020833333333333332 0.09722222222222222
0 0.8041666666666667 0.6083333333333333 0.017708333333333333 0.09074074074074075
0 0.8166666666666667 0.6027777777777777 0.017708333333333333 0.10555555555555556
0 0.8270833333333333 0.5990740740740741 0.014583333333333334 0.10185185185185185
0 0.5447916666666667 0.6583333333333333 0.03958333333333333 0.2111111111111111
