0 0.6520833333333333 0.6111111111111112 0.010416666666666666 0.040740740740740744
0 0.25729166666666664 0.6398148148148148 0.0125 0.06111111111111111
0 0.32395833333333335 0.6310185185185185 0.010416666666666666 0.04722222222222222
0 0.9825520833333333 0.5703703703703704 0.0234375 0.13703703703703704
0 0.7645833333333333 0.6037037037037037 0.01875 0.06666666666666667
0 0.24427083333333333 0.6393518518518518 0.013541666666666667 0.06388888888888888
0 0.8872395833333333 0.5893518518518519 0.022395833333333334 0.10462962962962963
0 0.8153645833333333 0.6055555555555555 0.016145833333333335 0.09444444444444444
0 0.7981770833333334 0.6074074074074074 0.019270833333333334 0.08518518518518518
0 0.8072916666666666 0.6032407407407407 0.01875 0.10277777777777777
0 0.8307291666666666 0.5995370370370371 0.016666666666666666 0.10462962962962963
0 0.6041666666666666 0.6555555555555556 0.036458333333333336 0.21666666666666667
