0 0.6520833333333333 0.6125 0.010416666666666666 0.041666666666666664
0 0.2578125 0.6416666666666667 0.0125 0.06296296296296296
0 0.32447916666666665 0.6305555555555555 0.010416666666666666 0.046296296296296294
0 0.98359375 0.5699074074074074 0.024479166666666666 0.13796296296296295
0 0.7622395833333333 0.6041666666666666 0.018229166666666668 0.06574074074074074
0 0.24609375 0.6398148148148148 0.013020833333333334 0.06296296296296296
0 0.8872395833333333 0.5898148148148148 0.021354166666666667 0.10555555555555556
0 0.8135416666666667 0.6055555555555555 0.014583333333333334 0.09444444444444444
0 0.79609375 0.6078703703703704 0.019270833333333334 0.08425925925925926
0 0.8046875 0.6023148148148149 0.01875 0.10092592592592593
0 0.8307291666666666 0.5995370370370371 0.016666666666666666 0.10462962962962963
0 0.6143229166666667 0.6560185185185186 0.04739583333333333 0.21388888888888888
