0 0.6526041666666667 0.6134259259259259 0.010416666666666666 0.041666666666666664
0 0.26197916666666665 0.6416666666666667 0.0125 0.06296296296296296
0 0.3268229166666667 0.6314814814814815 0.0109375 0.046296296296296294
0 0.98359375 0.5703703703703704 0.0265625 0.13703703703703704
0 0.7588541666666667 0.6041666666666666 0.016666666666666666 0.06759259259259259
0 0.25078125 0.6398148148148148 0.013020833333333334 0.06296296296296296
0 0.8872395833333333 0.5898148148148148 0.0203125 0.10555555555555556
0 0.8111979166666666 0.6046296296296296 0.0171875 0.08888888888888889
0 0.78984375 0.6074074074074074 0.021354166666666667 0.07962962962962963
0 0.7989583333333333 0.6037037037037037 0.01875 0.1
0 0.83125 0.5995370370370371 0.017708333333333333 0.10277777777777777
0 0.6395833333333333 0.65 0.03333333333333333 0.20925925925925926
