0 0.6526041666666667 0.6134259259259259 0.010416666666666666 0.041666666666666664
0 0.26145833333333335 0.6407407407407407 0.0125 0.06296296296296296
0 0.3268229166666667 0.6314814814814815 0.0109375 0.046296296296296294
0 0.9833333333333333 0.5694444444444444 0.026041666666666668 0.13703703703703704
0 0.7588541666666667 0.6037037037037037 0.016666666666666666 0.06666666666666667
0 0.25026041666666665 0.6393518518518518 0.013020833333333334 0.062037037037037036
0 0.8872395833333333 0.5898148148148148 0.0203125 0.10555555555555556
0 0.8114583333333333 0.6046296296296296 0.016666666666666666 0.08888888888888889
0 0.7908854166666667 0.6078703703703704 0.021354166666666667 0.08055555555555556
0 0.7994791666666666 0.6037037037037037 0.01875 0.1
0 0.83125 0.5995370370370371 0.017708333333333333 0.10277777777777777
0 0.6369791666666667 0.6509259259259259 0.03854166666666667 0.20925925925925926
