0 0.6536458333333334 0.6138888888888889 0.010416666666666666 0.040740740740740744
0 0.26927083333333335 0.6421296296296296 0.015625 0.058333333333333334
0 0.32890625 0.6314814814814815 0.0109375 0.046296296296296294
0 0.9817708333333334 0.5708333333333333 0.028125 0.1287037037037037
0 0.7544270833333333 0.6060185185185185 0.0171875 0.06388888888888888
0 0.25755208333333335 0.6398148148148148 0.011979166666666667 0.06111111111111111
0 0.8861979166666667 0.5907407407407408 0.022395833333333334 0.10555555555555556
0 0.8057291666666667 0.6041666666666666 0.01875 0.08425925925925926
0 0.7817708333333333 0.6078703703703704 0.015625 0.0787037037037037
0 0.7911458333333333 0.6074074074074074 0.017708333333333333 0.0962962962962963
0 0.83203125 0.5981481481481481 0.021354166666666667 0.10555555555555556
0 0.6747395833333333 0.649074074074074 0.0515625 0.2074074074074074
