0 0.6536458333333334 0.6138888888888889 0.010416666666666666 0.040740740740740744
0 0.26848958333333334 0.6412037037037037 0.015104166666666667 0.058333333333333334
0 0.32890625 0.6314814814814815 0.0109375 0.046296296296296294
0 0.98203125 0.5712962962962963 0.027604166666666666 0.12962962962962962
0 0.7546875 0.6060185185185185 0.016666666666666666 0.06388888888888888
0 0.2565104166666667 0.6388888888888888 0.011979166666666667 0.06111111111111111
0 0.88671875 0.5907407407407408 0.022395833333333334 0.10555555555555556
0 0.8065104166666667 0.6046296296296296 0.019270833333333334 0.08518518518518518
0 0.7822916666666667 0.6074074074074074 0.015625 0.07962962962962963
0 0.7916666666666666 0.6064814814814815 0.017708333333333333 0.0962962962962963
0 0.8317708333333333 0.5981481481481481 0.020833333333333332 0.10555555555555556
0 0.671875 0.649537037037037 0.05416666666666667 0.2064814814814815
