0 0.653125 0.6138888888888889 0.010416666666666666 0.040740740740740744
0 0.2669270833333333 0.6416666666666667 0.0140625 0.05925925925925926
0 0.32838541666666665 0.6314814814814815 0.0109375 0.046296296296296294
0 0.98203125 0.5703703703703704 0.027604166666666666 0.13148148148148148
0 0.7567708333333333 0.6060185185185185 0.016666666666666666 0.06388888888888888
0 0.2552083333333333 0.6393518518518518 0.0125 0.062037037037037036
0 0.88671875 0.5898148148148148 0.021354166666666667 0.10555555555555556
0 0.8078125 0.6041666666666666 0.019791666666666666 0.08611111111111111
0 0.7848958333333333 0.6069444444444444 0.016666666666666666 0.08055555555555556
0 0.7932291666666667 0.6069444444444444 0.017708333333333333 0.09722222222222222
0 0.8317708333333333 0.5981481481481481 0.019791666666666666 0.1037037037037037
0 0.6645833333333333 0.65 0.057291666666666664 0.20555555555555555
