0 0.653125 0.6134259259259259 0.010416666666666666 0.041666666666666664
0 0.26484375 0.6416666666666667 0.013020833333333334 0.06111111111111111
0 0.32786458333333335 0.6314814814814815 0.0109375 0.046296296296296294
0 0.9822916666666667 0.5699074074074074 0.027083333333333334 0.13240740740740742
0 0.7572916666666667 0.6050925925925926 0.016666666666666666 0.06574074074074074
0 0.253125 0.6388888888888888 0.0125 0.06296296296296296
0 0.8875 0.5898148148148148 0.020833333333333332 0.10555555555555556
0 0.809375 0.6041666666666666 0.020833333333333332 0.08796296296296297
0 0.7861979166666667 0.6069444444444444 0.018229166666666668 0.08055555555555556
0 0.7947916666666667 0.6055555555555555 0.017708333333333333 0.09814814814814815
0 0.8317708333333333 0.5995370370370371 0.01875 0.10277777777777777
0 0.6565104166666667 0.65 0.049479166666666664 0.2074074074074074
