0 0.6572916666666667 0.6111111111111112 0.008333333333333333 0.040740740740740744
0 0.28072916666666664 0.6402777777777777 0.013541666666666667 0.05462962962962963
0 0.98828125 0.5833333333333334 0.022395833333333334 0.17037037037037037
0 0.33489583333333334 0.6296296296296297 0.009375 0.044444444444444446
0 0.9763020833333333 0.5708333333333333 0.024479166666666666 0.12685185185185185
0 0.73984375 0.6069444444444444 0.011979166666666667 0.06388888888888888
0 0.26979166666666665 0.637962962962963 0.0125 0.05925925925925926
0 0.88671875 0.5907407407407408 0.024479166666666666 0.10555555555555556
0 0.78828125 0.6064814814814815 0.016145833333333335 0.08333333333333333
0 0.7619791666666667 0.6092592592592593 0.013541666666666667 0.07222222222222222
0 0.7776041666666667 0.6064814814814815 0.017708333333333333 0.09074074074074075
0 0.8372395833333334 0.5990740740740741 0.0234375 0.10925925925925926
0 0.7505208333333333 0.6430555555555556 0.057291666666666664 0.2064814814814815
