0 0.659375 0.6111111111111112 0.007291666666666667 0.03888888888888889
0 0.28619791666666666 0.6402777777777777 0.013020833333333334 0.05648148148148148
0 0.9734375 0.5773148148148148 0.03125 0.16574074074074074
0 0.33619791666666665 0.6282407407407408 0.008854166666666666 0.041666666666666664
0 0.978125 0.5731481481481482 0.028125 0.12777777777777777
0 0.7341145833333333 0.6069444444444444 0.0171875 0.058333333333333334
0 0.2760416666666667 0.637962962962963 0.0125 0.05740740740740741
0 0.8875 0.5898148148148148 0.023958333333333335 0.10555555555555556
0 0.99140625 0.5912037037037037 0.016145833333333335 0.15092592592592594
0 0.78125 0.6083333333333333 0.016666666666666666 0.07777777777777778
0 0.75546875 0.6092592592592593 0.0171875 0.07037037037037037
0 0.7708333333333334 0.6074074074074074 0.019791666666666666 0.08703703703703704
0 0.8416666666666667 0.5972222222222222 0.019791666666666666 0.10740740740740741
0 0.7815104166666667 0.6388888888888888 0.04739583333333333 0.2111111111111111
