0 0.6619791666666667 0.6125 0.007291666666666667 0.041666666666666664
0 0.28984375 0.6393518518518518 0.0140625 0.05462962962962963
0 0.9567708333333333 0.5856481481481481 0.040625 0.15462962962962962
0 0.33932291666666664 0.6300925925925925 0.009895833333333333 0.041666666666666664
0 0.9778645833333334 0.5717592592592593 0.028645833333333332 0.13055555555555556
0 0.7299479166666667 0.6083333333333333 0.016145833333333335 0.05740740740740741
0 0.28020833333333334 0.6370370370370371 0.010416666666666666 0.05555555555555555
0 0.8875 0.5888888888888889 0.022916666666666665 0.1037037037037037
0 0.98203125 0.5921296296296297 0.0328125 0.1398148148148148
0 0.7739583333333333 0.6092592592592593 0.016666666666666666 0.07777777777777778
0 0.7494791666666667 0.6092592592592593 0.0125 0.06666666666666667
0 0.7645833333333333 0.6083333333333333 0.019791666666666666 0.08333333333333333
0 0.8479166666666667 0.5981481481481481 0.019791666666666666 0.10740740740740741
0 0.8130208333333333 0.637962962962963 0.06354166666666666 0.21666666666666667
