0 0.6625 0.6125 0.007291666666666667 0.041666666666666664
0 0.2908854166666667 0.6393518518518518 0.0140625 0.05462962962962963
0 0.9541666666666667 0.5861111111111111 0.040625 0.1537037037037037
0 0.33932291666666664 0.6305555555555555 0.009895833333333333 0.04259259259259259
0 0.978125 0.5708333333333333 0.029166666666666667 0.13055555555555556
0 0.7296875 0.6074074074074074 0.015625 0.05740740740740741
0 0.28098958333333335 0.6370370370370371 0.0109375 0.05555555555555555
0 0.8880208333333334 0.5888888888888889 0.022916666666666665 0.10555555555555556
0 0.9796875 0.5921296296296297 0.035416666666666666 0.13796296296296295
0 0.77265625 0.6087962962962963 0.016145833333333335 0.07685185185185185
0 0.7486979166666666 0.6092592592592593 0.013020833333333334 0.06666666666666667
0 0.7640625 0.6074074074074074 0.019791666666666666 0.08333333333333333
0 0.8481770833333333 0.5972222222222222 0.019270833333333334 0.10740740740740741
0 0.8197916666666667 0.637962962962963 0.06354166666666666 0.21666666666666667
