0 0.66640625 0.6129629629629629 0.0078125 0.04259259259259259
0 0.29583333333333334 0.6402777777777777 0.013541666666666667 0.05648148148148148
0 0.9354166666666667 0.5893518518518519 0.03854166666666667 0.15092592592592594
0 0.34088541666666666 0.6324074074074074 0.0109375 0.046296296296296294
0 0.6453125 0.6125 0.00625 0.03425925925925926
0 0.97890625 0.5731481481481482 0.024479166666666666 0.12777777777777777
0 0.7229166666666667 0.6078703703703704 0.016666666666666666 0.06018518518518518
0 0.28515625 0.638425925925926 0.011979166666666667 0.05462962962962963
0 0.8908854166666667 0.5898148148148148 0.022395833333333334 0.10925925925925926
0 0.96171875 0.5912037037037037 0.021354166666666667 0.1175925925925926
0 0.7658854166666667 0.6092592592592593 0.0140625 0.07592592592592592
0 0.74375 0.6101851851851852 0.015625 0.06481481481481481
0 0.7583333333333333 0.6092592592592593 0.017708333333333333 0.08148148148148149
0 0.85234375 0.5967592592592592 0.018229166666666668 0.11018518518518519
0 0.8591145833333333 0.6347222222222222 0.05364583333333333 0.21574074074074073
