0 0.6674479166666667 0.6134259259259259 0.0078125 0.04351851851851852
0 0.296875 0.638425925925926 0.0125 0.05648148148148148
0 0.9299479166666667 0.5898148148148148 0.03802083333333333 0.15
0 0.34088541666666666 0.6328703703703704 0.0109375 0.04722222222222222
0 0.6458333333333334 0.6125 0.007291666666666667 0.03425925925925926
0 0.9796875 0.5726851851851852 0.025 0.1287037037037037
0 0.7223958333333333 0.6087962962962963 0.016666666666666666 0.058333333333333334
0 0.2859375 0.637962962962963 0.011458333333333333 0.053703703703703705
0 0.8919270833333334 0.5898148148148148 0.021354166666666667 0.10740740740740741
0 0.9559895833333333 0.5925925925925926 0.021354166666666667 0.11851851851851852
0 0.7635416666666667 0.6083333333333333 0.011458333333333333 0.07407407407407407
0 0.7421875 0.6092592592592593 0.016666666666666666 0.06481481481481481
0 0.7572916666666667 0.6087962962962963 0.015625 0.08055555555555556
0 0.85546875 0.5958333333333333 0.022395833333333334 0.10833333333333334
0 0.8731770833333333 0.6337962962962963 0.0546875 0.21574074074074073
