0 0.6734375 0.6148148148148148 0.008333333333333333 0.046296296296296294
0 0.30078125 0.638425925925926 0.013020833333333334 0.05092592592592592
0 0.90390625 0.5907407407407408 0.0265625 0.1425925925925926
0 0.3424479166666667 0.6324074074074074 0.009895833333333333 0.046296296296296294
0 0.6497395833333334 0.6125 0.0078125 0.03611111111111111
0 0.9890625 0.5666666666666667 0.020833333333333332 0.12962962962962962
0 0.7184895833333333 0.6087962962962963 0.016145833333333335 0.05462962962962963
0 0.28932291666666665 0.6370370370370371 0.0109375 0.053703703703703705
0 0.9283854166666666 0.5958333333333333 0.025520833333333333 0.1175925925925926
0 0.7625 0.6087962962962963 0.0125 0.07685185185185185
0 0.7330729166666666 0.6083333333333333 0.0109375 0.06296296296296296
0 0.7533854166666667 0.6083333333333333 0.0171875 0.07962962962962963
0 0.865625 0.5939814814814814 0.021875 0.11388888888888889
0 0.9502604166666667 0.6199074074074075 0.058854166666666666 0.22685185185185186
