0 0.6744791666666666 0.6148148148148148 0.008333333333333333 0.046296296296296294
0 0.30234375 0.6398148148148148 0.0140625 0.053703703703703705
0 0.9010416666666666 0.5930555555555556 0.03125 0.1398148148148148
0 0.34322916666666664 0.6319444444444444 0.010416666666666666 0.04537037037037037
0 0.65078125 0.6125 0.0078125 0.03611111111111111
0 0.9895833333333334 0.5689814814814815 0.019791666666666666 0.13240740740740742
0 0.7177083333333333 0.6097222222222223 0.016666666666666666 0.05277777777777778
0 0.29010416666666666 0.6375 0.011458333333333333 0.05277777777777778
0 0.9260416666666667 0.5962962962962963 0.025 0.11851851851851852
0 0.7622395833333333 0.6078703703703704 0.011979166666666667 0.075
0 0.73203125 0.6087962962962963 0.011979166666666667 0.062037037037037036
0 0.75234375 0.6074074074074074 0.016145833333333335 0.07962962962962963
0 0.8682291666666667 0.5944444444444444 0.022916666666666665 0.11481481481481481
0 0.9643229166666667 0.6175925925925926 0.058854166666666666 0.23148148148148148
