0 0.6796875 0.6157407407407407 0.010416666666666666 0.05
0 0.3033854166666667 0.6407407407407407 0.013020833333333334 0.05555555555555555
0 0.8859375 0.5949074074074074 0.027083333333333334 0.1361111111111111
0 0.3453125 0.6305555555555555 0.010416666666666666 0.04259259259259259
0 0.6536458333333334 0.612037037037037 0.010416666666666666 0.037037037037037035
0 0.7138020833333333 0.6083333333333333 0.013020833333333334 0.05555555555555555
0 0.2921875 0.6361111111111111 0.010416666666666666 0.053703703703703705
0 0.9158854166666667 0.5944444444444444 0.027604166666666666 0.12222222222222222
0 0.7609375 0.6074074074074074 0.0125 0.07222222222222222
0 0.7255208333333333 0.6092592592592593 0.014583333333333334 0.05925925925925926
0 0.7515625 0.6078703703703704 0.014583333333333334 0.0787037037037037
0 0.878125 0.5939814814814814 0.022916666666666665 0.12129629629629629
