0 0.24166666666666667 0.5347222222222222 0.020833333333333332 0.07685185185185185
0 0.7729166666666667 0.49074074074074076 0.019791666666666666 0.07222222222222222
0 0.22083333333333333 0.5407407407407407 0.021875 0.06481481481481481
0 0.9567708333333333 0.48564814814814816 0.011458333333333333 0.04722222222222222
0 0.23515625 0.5101851851851852 0.015104166666666667 0.04259259259259259
0 0.63515625 0.4962962962962963 0.021354166666666667 0.0962962962962963
0 0.6809895833333334 0.49675925925925923 0.024479166666666666 0.09166666666666666
0 0.32057291666666665 0.5259259259259259 0.018229166666666668 0.04814814814814815
0 0.653125 0.49953703703703706 0.023958333333333335 0.09166666666666666
0 0.9307291666666667 0.47685185185185186 0.011458333333333333 0.06481481481481481
0 0.36041666666666666 0.5074074074074074 0.016666666666666666 0.07592592592592592
0 0.33645833333333336 0.5175925925925926 0.020833333333333332 0.06851851851851852
0 0.24375 0.5092592592592593 0.011458333333333333 0.044444444444444446
0 0.9278645833333333 0.4875 0.0140625 0.05648148148148148
0 0.7591145833333334 0.4912037037037037 0.013020833333333334 0.06759259259259259
