0 0.23619791666666667 0.5347222222222222 0.021354166666666667 0.08055555555555556
0 0.7848958333333333 0.4888888888888889 0.020833333333333332 0.07407407407407407
0 0.12057291666666667 0.5282407407407408 0.011979166666666667 0.03796296296296296
0 0.21041666666666667 0.5416666666666666 0.022916666666666665 0.06666666666666667
0 0.9755208333333333 0.48518518518518516 0.0125 0.05
0 0.23255208333333333 0.5074074074074074 0.0140625 0.04259259259259259
0 0.64296875 0.49444444444444446 0.024479166666666666 0.10555555555555556
0 0.6875 0.49583333333333335 0.026041666666666668 0.09722222222222222
0 0.3138020833333333 0.5277777777777778 0.0203125 0.05
0 0.66015625 0.49722222222222223 0.0265625 0.0962962962962963
0 0.9424479166666667 0.475 0.011979166666666667 0.06851851851851852
0 0.353125 0.5083333333333333 0.01875 0.08148148148148149
0 0.33203125 0.5162037037037037 0.018229166666666668 0.07314814814814814
0 0.24166666666666667 0.5078703703703704 0.011458333333333333 0.04351851851851852
0 0.9375 0.4791666666666667 0.013541666666666667 0.05462962962962963
0 0.7705729166666667 0.49027777777777776 0.013020833333333334 0.06759259259259259
