0 0.196875 0.5393518518518519 0.022916666666666665 0.09166666666666666
0 0.8286458333333333 0.4861111111111111 0.021875 0.07592592592592592
0 0.10078125 0.5305555555555556 0.013020833333333334 0.040740740740740744
0 0.18020833333333333 0.5398148148148149 0.025 0.07037037037037037
0 0.22473958333333333 0.5050925925925925 0.011979166666666667 0.04537037037037037
0 0.6705729166666666 0.4861111111111111 0.019270833333333334 0.10555555555555556
0 0.71796875 0.4930555555555556 0.030729166666666665 0.10648148148148148
0 0.28854166666666664 0.5277777777777778 0.021875 0.06666666666666667
0 0.68828125 0.487962962962963 0.024479166666666666 0.10925925925925926
0 0.98046875 0.4722222222222222 0.013020833333333334 0.07777777777777778
0 0.3338541666666667 0.5101851851851852 0.025 0.09814814814814815
0 0.3065104166666667 0.5208333333333334 0.024479166666666666 0.0824074074074074
0 0.23411458333333332 0.5037037037037037 0.0109375 0.04259259259259259
0 0.9768229166666667 0.4828703703703704 0.011979166666666667 0.062037037037037036
0 0.8140625 0.4828703703703704 0.014583333333333334 0.07314814814814814
