0 0.2 0.5388888888888889 0.022916666666666665 0.09074074074074075
0 0.825 0.4861111111111111 0.021875 0.07592592592592592
0 0.10234375 0.5305555555555556 0.013020833333333334 0.040740740740740744
0 0.18385416666666668 0.5398148148148149 0.025 0.07037037037037037
0 0.22578125 0.5041666666666667 0.011979166666666667 0.04537037037037037
0 0.66796875 0.48703703703703705 0.019270833333333334 0.10555555555555556
0 0.71484375 0.4925925925925926 0.030729166666666665 0.10740740740740741
0 0.290625 0.5263888888888889 0.021875 0.06759259259259259
0 0.6864583333333333 0.4888888888888889 0.023958333333333335 0.10925925925925926
0 0.97734375 0.4722222222222222 0.013020833333333334 0.07777777777777778
0 0.3333333333333333 0.5125 0.025 0.09722222222222222
0 0.30833333333333335 0.5203703703703704 0.023958333333333335 0.08148148148148149
0 0.23463541666666668 0.5037037037037037 0.0109375 0.04259259259259259
0 0.9739583333333334 0.48333333333333334 0.0125 0.06111111111111111
0 0.81015625 0.48194444444444445 0.0140625 0.07314814814814814
