0 0.16276041666666666 0.5439814814814815 0.024479166666666666 0.10092592592592593
0 0.5244791666666667 0.5157407407407407 0.022916666666666665 0.07777777777777778
0 0.8651041666666667 0.4875 0.021875 0.08055555555555556
0 0.08541666666666667 0.5324074074074074 0.015625 0.040740740740740744
0 0.1484375 0.5486111111111112 0.026041666666666668 0.0787037037037037
0 0.21744791666666666 0.5087962962962963 0.011979166666666667 0.049074074074074076
0 0.6955729166666667 0.49166666666666664 0.018229166666666668 0.10740740740740741
0 0.740625 0.4981481481481482 0.025 0.12407407407407407
0 0.26614583333333336 0.538425925925926 0.020833333333333332 0.06388888888888888
0 0.71171875 0.49074074074074076 0.0265625 0.11296296296296296
0 0.31796875 0.5194444444444445 0.0296875 0.10925925925925926
0 0.2838541666666667 0.525 0.027083333333333334 0.09444444444444444
0 0.22760416666666666 0.5037037037037037 0.010416666666666666 0.044444444444444446
0 0.8505208333333333 0.4875 0.015625 0.08055555555555556
