0 0.13619791666666667 0.5597222222222222 0.0265625 0.10648148148148148
0 0.5244791666666667 0.5143518518518518 0.023958333333333335 0.0787037037037037
0 0.89375 0.4898148148148148 0.021875 0.09074074074074075
0 0.0734375 0.5347222222222222 0.017708333333333333 0.041666666666666664
0 0.11953125 0.5574074074074075 0.025520833333333333 0.08518518518518518
0 0.21067708333333332 0.5083333333333333 0.011979166666666667 0.05
0 0.71484375 0.4935185185185185 0.024479166666666666 0.12777777777777777
0 0.7609375 0.5013888888888889 0.027083333333333334 0.12685185185185185
0 0.24479166666666666 0.5467592592592593 0.020833333333333332 0.0712962962962963
0 0.7330729166666666 0.4949074074074074 0.027604166666666666 0.125
0 0.2955729166666667 0.5268518518518519 0.0296875 0.12037037037037036
0 0.26171875 0.5314814814814814 0.028645833333333332 0.10185185185185185
0 0.22083333333333333 0.5083333333333333 0.010416666666666666 0.05
0 0.88203125 0.48935185185185187 0.0171875 0.08425925925925926
