0 0.10911458333333333 0.5689814814814815 0.025520833333333333 0.11388888888888889
0 0.5247395833333334 0.5143518518518518 0.024479166666666666 0.08055555555555556
0 0.9153645833333334 0.49212962962962964 0.022395833333333334 0.09722222222222222
0 0.0640625 0.5375 0.015625 0.04722222222222222
0 0.09505208333333333 0.5625 0.025520833333333333 0.08425925925925926
0 0.5809895833333333 0.5064814814814815 0.024479166666666666 0.1111111111111111
0 0.20442708333333334 0.5055555555555555 0.011979166666666667 0.05
0 0.7302083333333333 0.5009259259259259 0.025 0.12962962962962962
0 0.28828125 0.5393518518518519 0.027604166666666666 0.10092592592592593
0 0.7760416666666666 0.5018518518518519 0.029166666666666667 0.13333333333333333
0 0.22708333333333333 0.5509259259259259 0.021875 0.07592592592592592
0 0.7450520833333333 0.49675925925925923 0.028645833333333332 0.13055555555555556
0 0.27890625 0.5319444444444444 0.0296875 0.1287037037037037
0 0.24348958333333334 0.5347222222222222 0.0296875 0.10648148148148148
0 0.21588541666666666 0.5101851851851852 0.0109375 0.05185185185185185
0 0.9049479166666666 0.4912037037037037 0.018229166666666668 0.08796296296296297
