0 0.08932291666666667 0.5689814814814815 0.025520833333333333 0.1175925925925926
0 0.525 0.5148148148148148 0.025 0.08148148148148149
0 0.9302083333333333 0.4925925925925926 0.022916666666666665 0.09814814814814815
0 0.05677083333333333 0.538425925925926 0.016666666666666666 0.04722222222222222
0 0.07734375 0.5611111111111111 0.0265625 0.07592592592592592
0 0.5869791666666667 0.5078703703703704 0.026041666666666668 0.1175925925925926
0 0.19973958333333333 0.5064814814814815 0.011979166666666667 0.05
0 0.7416666666666667 0.4981481481481482 0.027083333333333334 0.1388888888888889
0 0.27447916666666666 0.5416666666666666 0.029166666666666667 0.10555555555555556
0 0.7861979166666667 0.5018518518518519 0.030729166666666665 0.13703703703703704
0 0.21536458333333333 0.5578703703703703 0.024479166666666666 0.0712962962962963
0 0.7596354166666667 0.49722222222222223 0.030729166666666665 0.13148148148148148
0 0.26484375 0.5347222222222222 0.0296875 0.13425925925925927
0 0.2296875 0.5356481481481481 0.030208333333333334 0.10833333333333334
0 0.2125 0.5092592592592593 0.0125 0.05
0 0.92109375 0.4925925925925926 0.0171875 0.09074074074074075
