0 0.5716145833333334 0.5231481481481481 0.028645833333333332 0.1
0 0.029427083333333333 0.5726851851851852 0.0265625 0.1287037037037037
0 0.5223958333333333 0.524074074074074 0.03333333333333333 0.11296296296296296
0 0.9765625 0.49444444444444446 0.01875 0.10555555555555556
0 0.03333333333333333 0.5356481481481481 0.017708333333333333 0.049074074074074076
0 0.023697916666666666 0.5583333333333333 0.0265625 0.1111111111111111
0 0.5966145833333333 0.5083333333333333 0.0328125 0.14444444444444443
0 0.18515625 0.4981481481481482 0.011979166666666667 0.05
0 0.7763020833333333 0.49953703703703706 0.034895833333333334 0.1527777777777778
0 0.22890625 0.5486111111111112 0.034895833333333334 0.11944444444444445
0 0.8192708333333333 0.5009259259259259 0.035416666666666666 0.15
0 0.16640625 0.5546296296296296 0.027604166666666666 0.08333333333333333
0 0.7950520833333333 0.4981481481481482 0.0359375 0.1388888888888889
0 0.21536458333333333 0.5398148148148149 0.0296875 0.15185185185185185
0 0.18307291666666667 0.5402777777777777 0.03177083333333333 0.12685185185185185
0 0.1984375 0.49907407407407406 0.013541666666666667 0.04814814814814815
0 0.9677083333333333 0.49907407407407406 0.019791666666666666 0.09814814814814815
