0 0.5692708333333333 0.5361111111111111 0.027083333333333334 0.12222222222222222
0 0.5252604166666667 0.5361111111111111 0.03802083333333333 0.13703703703703704
0 0.01171875 0.5328703703703703 0.013020833333333334 0.05092592592592592
0 0.6059895833333333 0.5189814814814815 0.04010416666666667 0.1712962962962963
0 0.16953125 0.5013888888888889 0.011979166666666667 0.062037037037037036
0 0.80390625 0.5101851851851852 0.04010416666666667 0.17222222222222222
0 0.17213541666666668 0.562037037037037 0.0421875 0.13703703703703704
0 0.8705729166666667 0.5111111111111111 0.05364583333333333 0.17962962962962964
0 0.11822916666666666 0.5615740740740741 0.023958333333333335 0.08796296296296297
0 0.82421875 0.5087962962962963 0.0359375 0.16944444444444445
0 0.14973958333333334 0.5560185185185185 0.033854166666666664 0.175
0 0.12890625 0.5472222222222223 0.034895833333333334 0.15
0 0.18125 0.5023148148148148 0.013541666666666667 0.06388888888888888
