0 0.5682291666666667 0.5430555555555555 0.027083333333333334 0.13425925925925927
0 0.5294270833333333 0.5412037037037037 0.043229166666666666 0.14907407407407408
0 0.6114583333333333 0.5236111111111111 0.04375 0.1824074074074074
0 0.16223958333333333 0.5013888888888889 0.011979166666666667 0.062037037037037036
0 0.81171875 0.5189814814814815 0.0453125 0.18981481481481483
0 0.13567708333333334 0.5689814814814815 0.0359375 0.14907407407407408
0 0.8763020833333334 0.5111111111111111 0.0546875 0.18518518518518517
0 0.8393229166666667 0.5143518518518518 0.04114583333333333 0.18611111111111112
0 0.11614583333333334 0.5648148148148148 0.040625 0.18703703703703703
0 0.09947916666666666 0.55 0.035416666666666666 0.14814814814814814
0 0.17291666666666666 0.5041666666666667 0.014583333333333334 0.06574074074074074
