0 0.55703125 0.586574074074074 0.0515625 0.20092592592592592
0 0.8114583333333333 0.4773148148148148 0.027083333333333334 0.125
0 0.5010416666666667 0.5805555555555556 0.07916666666666666 0.19814814814814816
0 0.5989583333333334 0.5638888888888889 0.078125 0.26666666666666666
0 0.11796875 0.5175925925925926 0.0140625 0.07777777777777778
0 0.8161458333333333 0.5476851851851852 0.065625 0.24722222222222223
0 0.69140625 0.5888888888888889 0.05364583333333333 0.20555555555555555
0 0.93515625 0.5263888888888889 0.05572916666666667 0.2490740740740741
0 0.8658854166666666 0.5273148148148148 0.059895833333333336 0.2657407407407407
0 0.12942708333333333 0.5157407407407407 0.015104166666666667 0.07592592592592592
