0 0.57265625 0.5824074074074074 0.0421875 0.19444444444444445
0 0.8044270833333333 0.4787037037037037 0.0296875 0.1259259259259259
0 0.51640625 0.5777777777777777 0.07447916666666667 0.18888888888888888
0 0.60390625 0.5592592592592592 0.07447916666666667 0.2574074074074074
0 0.12161458333333333 0.5175925925925926 0.0140625 0.07777777777777778
0 0.8192708333333333 0.5467592592592593 0.06458333333333334 0.24537037037037038
0 0.6934895833333333 0.5856481481481481 0.05260416666666667 0.20092592592592592
0 0.9432291666666667 0.5268518518518519 0.057291666666666664 0.24814814814814815
0 0.865625 0.5268518518518519 0.059375 0.26296296296296295
0 0.13229166666666667 0.5148148148148148 0.015625 0.07592592592592592
