0 0.52890625 0.5939814814814814 0.0484375 0.2101851851851852
0 0.8309895833333333 0.475462962962963 0.0203125 0.12314814814814815
0 0.44140625 0.5879629629629629 0.09010416666666667 0.2074074074074074
0 0.56796875 0.5671296296296297 0.09427083333333333 0.287962962962963
0 0.10755208333333334 0.5194444444444445 0.0140625 0.07777777777777778
0 0.8 0.5467592592592593 0.065625 0.24722222222222223
0 0.6791666666666667 0.5981481481481481 0.058333333333333334 0.21851851851851853
0 0.93046875 0.5319444444444444 0.0578125 0.2675925925925926
0 0.8627604166666667 0.5268518518518519 0.059895833333333336 0.26666666666666666
0 0.12161458333333333 0.5185185185185185 0.015104166666666667 0.07592592592592592
