0 0.5359375 0.5925925925925926 0.04791666666666667 0.20925925925925926
0 0.82734375 0.475462962962963 0.0203125 0.12314814814814815
0 0.45208333333333334 0.586574074074074 0.08958333333333333 0.2064814814814815
0 0.5723958333333333 0.5662037037037037 0.0875 0.2824074074074074
0 0.10911458333333333 0.5185185185185185 0.0140625 0.07777777777777778
0 0.803125 0.5467592592592593 0.065625 0.24722222222222223
0 0.6825520833333333 0.5972222222222222 0.0578125 0.21666666666666667
0 0.93046875 0.5300925925925926 0.05677083333333333 0.262037037037037
0 0.8645833333333334 0.5268518518518519 0.06041666666666667 0.26666666666666666
0 0.12265625 0.5185185185185185 0.015104166666666667 0.07592592592592592
