0 0.5424479166666667 0.5912037037037037 0.04739583333333333 0.2064814814814815
0 0.8244791666666667 0.475462962962963 0.021875 0.12314814814814815
0 0.4627604166666667 0.5847222222222223 0.0890625 0.20462962962962963
0 0.5760416666666667 0.5634259259259259 0.07708333333333334 0.275
0 0.11015625 0.5185185185185185 0.0140625 0.07777777777777778
0 0.80625 0.5467592592592593 0.065625 0.24722222222222223
0 0.6846354166666667 0.5949074074074074 0.05677083333333333 0.21388888888888888
0 0.9299479166666667 0.5277777777777778 0.05572916666666667 0.2574074074074074
0 0.865625 0.5273148148148148 0.06041666666666667 0.2675925925925926
0 0.12421875 0.5175925925925926 0.015104166666666667 0.07592592592592592
