0 0.49895833333333334 0.5972222222222222 0.05 0.21481481481481482
0 0.8427083333333333 0.4773148148148148 0.022916666666666665 0.12314814814814815
0 0.40234375 0.5949074074074074 0.09010416666666667 0.2101851851851852
0 0.5356770833333333 0.5722222222222222 0.08802083333333334 0.3037037037037037
0 0.10182291666666667 0.5194444444444445 0.0140625 0.07777777777777778
0 0.7841145833333333 0.5462962962962963 0.06510416666666667 0.2462962962962963
0 0.815625 0.48148148148148145 0.016666666666666666 0.1259259259259259
0 0.66328125 0.6037037037037037 0.06197916666666667 0.22592592592592592
0 0.92578125 0.5314814814814814 0.0640625 0.2740740740740741
0 0.8375 0.5254629629629629 0.057291666666666664 0.2638888888888889
0 0.11692708333333333 0.5185185185185185 0.015104166666666667 0.07592592592592592
