0 0.49505208333333334 0.5972222222222222 0.050520833333333334 0.21481481481481482
0 0.8440104166666667 0.4773148148148148 0.0234375 0.12314814814814815
0 0.39869791666666665 0.5958333333333333 0.09114583333333333 0.20833333333333334
0 0.5317708333333333 0.5731481481481482 0.08854166666666667 0.3055555555555556
0 0.10078125 0.5203703703703704 0.0140625 0.07777777777777778
0 0.7817708333333333 0.5462962962962963 0.06458333333333334 0.2462962962962963
0 0.815625 0.48148148148148145 0.016666666666666666 0.1259259259259259
0 0.6609375 0.6041666666666666 0.0625 0.22685185185185186
0 0.921875 0.5291666666666667 0.065625 0.2712962962962963
0 0.8361979166666667 0.525 0.05677083333333333 0.26296296296296295
0 0.11588541666666667 0.5185185185185185 0.015104166666666667 0.07592592592592592
