0 0.43125 0.6041666666666666 0.07291666666666667 0.2212962962962963
0 0.85625 0.47824074074074074 0.025 0.12314814814814815
0 0.33203125 0.5944444444444444 0.07760416666666667 0.21851851851851853
0 0.48489583333333336 0.575462962962963 0.078125 0.32314814814814813
0 0.09348958333333333 0.5222222222222223 0.0140625 0.08148148148148149
0 0.7544270833333333 0.5444444444444444 0.0703125 0.24444444444444444
0 0.81875 0.4824074074074074 0.017708333333333333 0.1259259259259259
0 0.6247395833333333 0.6125 0.06927083333333334 0.23796296296296296
0 0.8802083333333334 0.5180555555555556 0.06770833333333333 0.25092592592592594
0 0.81328125 0.525 0.05260416666666667 0.25925925925925924
0 0.10989583333333333 0.5203703703703704 0.016666666666666666 0.07592592592592592
