0 0.3653645833333333 0.6060185185185185 0.07552083333333333 0.2212962962962963
0 0.8619791666666666 0.4791666666666667 0.025 0.12314814814814815
0 0.25364583333333335 0.6013888888888889 0.071875 0.2175925925925926
0 0.4125 0.5856481481481481 0.08541666666666667 0.3287037037037037
0 0.08776041666666666 0.5231481481481481 0.0140625 0.08333333333333333
0 0.7223958333333333 0.5462962962962963 0.06875 0.25
0 0.821875 0.48333333333333334 0.019791666666666666 0.1259259259259259
0 0.5651041666666666 0.6222222222222222 0.078125 0.25
0 0.8606770833333334 0.5157407407407407 0.0484375 0.23333333333333334
0 0.7752604166666667 0.524074074074074 0.05364583333333333 0.25
0 0.10364583333333334 0.5259259259259259 0.017708333333333333 0.07592592592592592
