0 0.3072916666666667 0.6060185185185185 0.06979166666666667 0.22314814814814815
0 0.8640625 0.4791666666666667 0.025 0.12314814814814815
0 0.20651041666666667 0.600462962962963 0.06927083333333334 0.21203703703703702
0 0.37005208333333334 0.5907407407407408 0.10677083333333333 0.3314814814814815
0 0.08463541666666667 0.5226851851851851 0.0140625 0.08425925925925926
0 0.7046875 0.5449074074074074 0.06770833333333333 0.24722222222222223
0 0.82265625 0.4842592592592593 0.0203125 0.12777777777777777
0 0.5119791666666667 0.6273148148148148 0.08541666666666667 0.2564814814814815
0 0.8401041666666667 0.5175925925925926 0.052083333333333336 0.22777777777777777
0 0.7494791666666667 0.5189814814814815 0.059375 0.2324074074074074
0 0.10052083333333334 0.5277777777777778 0.015625 0.07592592592592592
