0 0.27421875 0.6083333333333333 0.0671875 0.22407407407407406
0 0.865625 0.48009259259259257 0.025 0.12314814814814815
0 0.16953125 0.6092592592592593 0.07447916666666667 0.20185185185185187
0 0.31979166666666664 0.5935185185185186 0.08645833333333333 0.3296296296296296
0 0.08151041666666667 0.5231481481481481 0.0140625 0.08703703703703704
0 0.6890625 0.5425925925925926 0.06666666666666667 0.24259259259259258
0 0.8231770833333333 0.4861111111111111 0.0203125 0.12962962962962962
0 0.45677083333333335 0.6319444444444444 0.09270833333333334 0.262037037037037
0 0.8161458333333333 0.5203703703703704 0.05625 0.22592592592592592
0 0.7307291666666667 0.5217592592592593 0.059375 0.2324074074074074
0 0.09505208333333333 0.525 0.0203125 0.08888888888888889
