0 0.21484375 0.6162037037037037 0.049479166666666664 0.22314814814814815
0 0.8692708333333333 0.4828703703703704 0.025 0.12314814814814815
0 0.10651041666666666 0.6185185185185185 0.0609375 0.19814814814814816
0 0.24557291666666667 0.5990740740740741 0.08489583333333334 0.3296296296296296
0 0.07526041666666666 0.5282407407407408 0.0171875 0.08796296296296297
0 0.6645833333333333 0.5412037037037037 0.059375 0.23981481481481481
0 0.825 0.4875 0.021875 0.13240740740740742
0 0.37838541666666664 0.6439814814814815 0.0953125 0.2712962962962963
0 0.7799479166666666 0.5231481481481481 0.06197916666666667 0.2222222222222222
0 0.7083333333333334 0.5236111111111111 0.058333333333333334 0.22685185185185186
0 0.08723958333333333 0.5305555555555556 0.0203125 0.08888888888888889
