0 0.19036458333333334 0.6217592592592592 0.0546875 0.225
0 0.8713541666666667 0.4837962962962963 0.025 0.12314814814814815
0 0.08776041666666666 0.6231481481481481 0.06510416666666667 0.19074074074074074
0 0.225 0.6050925925925926 0.10416666666666667 0.3212962962962963
0 0.07005208333333333 0.5300925925925926 0.0140625 0.08796296296296297
0 0.65703125 0.5412037037037037 0.058854166666666666 0.23981481481481481
0 0.8260416666666667 0.48842592592592593 0.023958333333333335 0.13425925925925927
0 0.33125 0.6425925925925926 0.07916666666666666 0.28888888888888886
0 0.7666666666666667 0.5208333333333334 0.06354166666666666 0.21574074074074073
0 0.6869791666666667 0.5277777777777778 0.059375 0.23333333333333334
0 0.08359375 0.5300925925925926 0.018229166666666668 0.09351851851851851
