0 0.14140625 0.6268518518518519 0.059895833333333336 0.22407407407407406
0 0.036458333333333336 0.6282407407407408 0.06041666666666667 0.19166666666666668
0 0.15911458333333334 0.6152777777777778 0.09635416666666667 0.3287037037037037
0 0.061197916666666664 0.5310185185185186 0.0140625 0.08796296296296297
0 0.6427083333333333 0.5365740740740741 0.06770833333333333 0.2324074074074074
0 0.8286458333333333 0.48935185185185187 0.025 0.1361111111111111
0 0.2596354166666667 0.6555555555555556 0.07864583333333333 0.29814814814814816
0 0.7427083333333333 0.5185185185185185 0.065625 0.20555555555555555
0 0.66484375 0.5347222222222222 0.04114583333333333 0.2175925925925926
0 0.07838541666666667 0.5305555555555556 0.018229166666666668 0.09444444444444444
