0 0.5908854166666667 0.6560185185185186 0.011979166666666667 0.03981481481481482
0 0.06744791666666666 0.6736111111111112 0.0328125 0.15648148148148147
0 0.09479166666666666 0.6726851851851852 0.03958333333333333 0.16944444444444445
0 0.23020833333333332 0.663425925925926 0.019791666666666666 0.06759259259259259
0 0.67265625 0.6518518518518519 0.016145833333333335 0.06296296296296296
0 0.68984375 0.6564814814814814 0.0109375 0.037037037037037035
0 0.24609375 0.6662037037037037 0.0140625 0.06574074074074074
0 0.6856770833333333 0.65 0.013020833333333334 0.05555555555555555
0 0.39348958333333334 0.662962962962963 0.011979166666666667 0.04814814814814815
0 0.7619791666666667 0.687037037037037 0.040625 0.1925925925925926
