0 0.5924479166666666 0.6611111111111111 0.011979166666666667 0.04259259259259259
0 0.05859375 0.6824074074074075 0.0328125 0.15925925925925927
0 0.7338541666666667 0.6513888888888889 0.011458333333333333 0.06388888888888888
0 0.715625 0.6546296296296297 0.0125 0.06296296296296296
0 0.08229166666666667 0.6773148148148148 0.03854166666666667 0.16944444444444445
0 0.22213541666666667 0.6671296296296296 0.015104166666666667 0.06759259259259259
0 0.6729166666666667 0.6513888888888889 0.016666666666666666 0.062037037037037036
0 0.6908854166666667 0.6587962962962963 0.0109375 0.04351851851851852
0 0.23671875 0.6680555555555555 0.0140625 0.06574074074074074
0 0.6861979166666666 0.6518518518518519 0.013020833333333334 0.05555555555555555
0 0.3966145833333333 0.6657407407407407 0.011979166666666667 0.04814814814814815
0 0.7651041666666667 0.6907407407407408 0.040625 0.2037037037037037
