0 0.5934895833333333 0.6657407407407407 0.011979166666666667 0.044444444444444446
0 0.04869791666666667 0.6907407407407408 0.0328125 0.15925925925925927
0 0.7380208333333333 0.6569444444444444 0.0125 0.06388888888888888
0 0.7197916666666667 0.6574074074074074 0.013541666666666667 0.06296296296296296
0 0.07447916666666667 0.6875 0.036458333333333336 0.16944444444444445
0 0.21354166666666666 0.6759259259259259 0.01875 0.07037037037037037
0 0.6723958333333333 0.6587962962962963 0.016666666666666666 0.06574074074074074
0 0.6893229166666667 0.662962962962963 0.0109375 0.04259259259259259
0 0.23046875 0.6754629629629629 0.015104166666666667 0.06574074074074074
0 0.68671875 0.6537037037037037 0.013020833333333334 0.05555555555555555
0 0.39401041666666664 0.6796296296296296 0.011979166666666667 0.04814814814814815
0 0.7625 0.6995370370370371 0.041666666666666664 0.21574074074074073
