0 0.59609375 0.6754629629629629 0.011979166666666667 0.04722222222222222
0 0.03828125 0.7018518518518518 0.0328125 0.15925925925925927
0 0.7450520833333333 0.6671296296296296 0.013020833333333334 0.06388888888888888
0 0.72734375 0.6680555555555555 0.015104166666666667 0.06759259259259259
0 0.0625 0.6990740740740741 0.03958333333333333 0.17037037037037037
0 0.19505208333333332 0.6824074074074075 0.018229166666666668 0.07037037037037037
0 0.6713541666666667 0.6726851851851852 0.016666666666666666 0.06574074074074074
0 0.68671875 0.6782407407407407 0.0109375 0.041666666666666664
0 0.21119791666666668 0.6847222222222222 0.016145833333333335 0.0712962962962963
0 0.6877604166666667 0.6685185185185185 0.013020833333333334 0.05925925925925926
0 0.3924479166666667 0.6851851851851852 0.011979166666666667 0.04814814814814815
0 0.7486979166666666 0.7337962962962963 0.0421875 0.24166666666666667
