0 0.59609375 0.6773148148148148 0.011979166666666667 0.04722222222222222
0 0.03723958333333333 0.7023148148148148 0.0328125 0.16018518518518518
0 0.74609375 0.6680555555555555 0.013020833333333334 0.06388888888888888
0 0.7278645833333334 0.6699074074074074 0.015104166666666667 0.06944444444444445
0 0.0609375 0.6995370370370371 0.03958333333333333 0.1712962962962963
0 0.19322916666666667 0.6856481481481481 0.016666666666666666 0.0712962962962963
0 0.6713541666666667 0.674537037037037 0.016666666666666666 0.06574074074074074
0 0.6861979166666666 0.6791666666666667 0.0109375 0.041666666666666664
0 0.20911458333333333 0.6865740740740741 0.015104166666666667 0.06944444444444445
0 0.6872395833333333 0.6694444444444444 0.013020833333333334 0.05925925925925926
0 0.39348958333333334 0.687962962962963 0.011979166666666667 0.04814814814814815
0 0.74765625 0.7388888888888889 0.044270833333333336 0.24444444444444444
