0 0.5997395833333333 0.6893518518518519 0.011979166666666667 0.04722222222222222
0 0.026302083333333334 0.7101851851851851 0.0328125 0.1648148148148148
0 0.7552083333333334 0.6787037037037037 0.013541666666666667 0.06666666666666667
0 0.7356770833333334 0.6782407407407407 0.015104166666666667 0.075
0 0.40729166666666666 0.7037037037037037 0.022916666666666665 0.06851851851851852
0 0.04739583333333333 0.7023148148148148 0.03958333333333333 0.18055555555555555
0 0.17213541666666668 0.6912037037037037 0.019270833333333334 0.07685185185185185
0 0.42526041666666664 0.7046296296296296 0.022395833333333334 0.06851851851851852
0 0.6708333333333333 0.6837962962962963 0.016666666666666666 0.06574074074074074
0 0.68515625 0.6902777777777778 0.011979166666666667 0.041666666666666664
0 0.18255208333333334 0.6888888888888889 0.0140625 0.07222222222222222
0 0.6856770833333333 0.6819444444444445 0.013020833333333334 0.06388888888888888
0 0.39348958333333334 0.6953703703703704 0.011979166666666667 0.04814814814814815
0 0.7302083333333333 0.7620370370370371 0.058333333333333334 0.26851851851851855
