0 0.6002604166666666 0.6888888888888889 0.011979166666666667 0.04814814814814815
0 0.025260416666666667 0.7111111111111111 0.0328125 0.1648148148148148
0 0.7557291666666667 0.6791666666666667 0.013541666666666667 0.06759259259259259
0 0.73671875 0.6782407407407407 0.015104166666666667 0.075
0 0.4049479166666667 0.7037037037037037 0.0234375 0.06851851851851852
0 0.04635416666666667 0.7018518518518518 0.03958333333333333 0.1814814814814815
0 0.1703125 0.6916666666666667 0.019791666666666666 0.07777777777777778
0 0.42291666666666666 0.7055555555555556 0.021875 0.06851851851851852
0 0.6713541666666667 0.6837962962962963 0.016666666666666666 0.06574074074074074
0 0.6846354166666667 0.6902777777777778 0.011979166666666667 0.041666666666666664
0 0.18046875 0.6898148148148148 0.0140625 0.07222222222222222
0 0.6856770833333333 0.6819444444444445 0.013020833333333334 0.06388888888888888
0 0.39348958333333334 0.6962962962962963 0.011979166666666667 0.04814814814814815
0 0.725 0.7606481481481482 0.05520833333333333 0.27314814814814814
