0 0.60703125 0.6824074074074075 0.011979166666666667 0.053703703703703705
0 0.01953125 0.7055555555555556 0.0328125 0.1648148148148148
0 0.7638020833333333 0.6796296296296296 0.0140625 0.07222222222222222
0 0.74296875 0.6768518518518518 0.015104166666666667 0.07592592592592592
0 0.3802083333333333 0.7018518518518518 0.023958333333333335 0.07037037037037037
0 0.0359375 0.6967592592592593 0.03958333333333333 0.1824074074074074
0 0.15286458333333333 0.6842592592592592 0.019270833333333334 0.07777777777777778
0 0.4010416666666667 0.7074074074074074 0.016666666666666666 0.06851851851851852
0 0.6703125 0.6791666666666667 0.016666666666666666 0.06574074074074074
0 0.6841145833333333 0.6865740740740741 0.011979166666666667 0.04351851851851852
0 0.16328125 0.6856481481481481 0.018229166666666668 0.06759259259259259
0 0.6861979166666666 0.6754629629629629 0.013020833333333334 0.06388888888888888
0 0.39557291666666666 0.6907407407407408 0.011979166666666667 0.04814814814814815
0 0.6705729166666666 0.7754629629629629 0.0671875 0.3138888888888889
