0 0.6080729166666666 0.6819444444444445 0.011979166666666667 0.05462962962962963
0 0.01953125 0.7064814814814815 0.0328125 0.1648148148148148
0 0.7653645833333333 0.6810185185185185 0.0140625 0.07314814814814814
0 0.74453125 0.675 0.015104166666666667 0.07592592592592592
0 0.37864583333333335 0.7046296296296296 0.019791666666666666 0.06296296296296296
0 0.035416666666666666 0.6958333333333333 0.03958333333333333 0.1824074074074074
0 0.14921875 0.6805555555555556 0.019270833333333334 0.07407407407407407
0 0.39739583333333334 0.7064814814814815 0.016666666666666666 0.06851851851851852
0 0.6713541666666667 0.6773148148148148 0.016666666666666666 0.06574074074074074
0 0.684375 0.6861111111111111 0.0125 0.044444444444444446
0 0.16067708333333333 0.6837962962962963 0.019270833333333334 0.06574074074074074
0 0.6861979166666666 0.6736111111111112 0.013020833333333334 0.06388888888888888
0 0.39609375 0.6898148148148148 0.011979166666666667 0.04814814814814815
0 0.65859375 0.7773148148148148 0.0859375 0.3175925925925926
