0 0.6091145833333333 0.6805555555555556 0.011979166666666667 0.05555555555555555
0 0.018489583333333334 0.7055555555555556 0.0328125 0.1648148148148148
0 0.7669270833333334 0.6796296296296296 0.0140625 0.07407407407407407
0 0.7455729166666667 0.674074074074074 0.015104166666666667 0.07592592592592592
0 0.37447916666666664 0.7032407407407407 0.019791666666666666 0.06388888888888888
0 0.034895833333333334 0.6949074074074074 0.03958333333333333 0.1824074074074074
0 0.14635416666666667 0.6791666666666667 0.01875 0.0712962962962963
0 0.39375 0.7055555555555556 0.016666666666666666 0.06851851851851852
0 0.671875 0.6763888888888889 0.016666666666666666 0.06574074074074074
0 0.6848958333333334 0.6847222222222222 0.0125 0.04537037037037037
0 0.1578125 0.6824074074074075 0.019791666666666666 0.06851851851851852
0 0.68671875 0.6717592592592593 0.013020833333333334 0.06388888888888888
0 0.3966145833333333 0.687962962962963 0.011979166666666667 0.04814814814814815
0 0.6546875 0.7791666666666667 0.10104166666666667 0.32314814814814813
