0 0.6091145833333333 0.6805555555555556 0.011979166666666667 0.05555555555555555
0 0.018489583333333334 0.7055555555555556 0.0328125 0.1648148148148148
0 0.7669270833333334 0.6787037037037037 0.0140625 0.07407407407407407
0 0.7455729166666667 0.6731481481481482 0.015104166666666667 0.07592592592592592
0 0.3734375 0.7023148148148148 0.019791666666666666 0.06388888888888888
0 0.034895833333333334 0.6958333333333333 0.03958333333333333 0.1824074074074074
0 0.14583333333333334 0.6800925925925926 0.01875 0.0712962962962963
0 0.3921875 0.7046296296296296 0.016666666666666666 0.06851851851851852
0 0.671875 0.6754629629629629 0.016666666666666666 0.06574074074074074
0 0.6848958333333334 0.6847222222222222 0.0125 0.04537037037037037
0 0.15703125 0.6824074074074075 0.0203125 0.07037037037037037
0 0.68671875 0.6708333333333333 0.013020833333333334 0.06388888888888888
0 0.3966145833333333 0.687962962962963 0.011979166666666667 0.04814814814814815
0 0.6541666666666667 0.7791666666666667 0.10416666666666667 0.325
