0 0.6080729166666666 0.6810185185185185 0.011979166666666667 0.05462962962962963
0 0.019010416666666665 0.7064814814814815 0.0328125 0.1648148148148148
0 0.7658854166666667 0.6810185185185185 0.0140625 0.07314814814814814
0 0.74453125 0.675 0.015104166666666667 0.07592592592592592
0 0.3770833333333333 0.7041666666666667 0.019791666666666666 0.06388888888888888
0 0.035416666666666666 0.6949074074074074 0.03958333333333333 0.1824074074074074
0 0.14791666666666667 0.6800925925925926 0.01875 0.07314814814814814
0 0.3963541666666667 0.7055555555555556 0.016666666666666666 0.06851851851851852
0 0.671875 0.6773148148148148 0.016666666666666666 0.06574074074074074
0 0.684375 0.6851851851851852 0.0125 0.044444444444444446
0 0.15963541666666667 0.6828703703703703 0.019270833333333334 0.06574074074074074
0 0.6861979166666666 0.6726851851851852 0.013020833333333334 0.06388888888888888
0 0.39609375 0.6888888888888889 0.011979166666666667 0.04814814814814815
0 0.6565104166666667 0.7782407407407408 0.09114583333333333 0.3194444444444444
