0 0.6122395833333333 0.675 0.011979166666666667 0.05555555555555555
0 0.018489583333333334 0.7050925925925926 0.0328125 0.1638888888888889
0 0.7705729166666667 0.6652777777777777 0.0140625 0.075
0 0.7497395833333333 0.6685185185185185 0.015104166666666667 0.07592592592592592
0 0.3575520833333333 0.6986111111111111 0.022395833333333334 0.06388888888888888
0 0.03697916666666667 0.7074074074074074 0.03958333333333333 0.17962962962962964
0 0.13802083333333334 0.6861111111111111 0.01875 0.07037037037037037
0 0.378125 0.7 0.017708333333333333 0.06851851851851852
0 0.671875 0.6699074074074074 0.016666666666666666 0.06574074074074074
0 0.6856770833333333 0.6810185185185185 0.013020833333333334 0.049074074074074076
0 0.146875 0.6847222222222222 0.020833333333333332 0.07314814814814814
0 0.68671875 0.6699074074074074 0.013020833333333334 0.06388888888888888
0 0.39765625 0.6833333333333333 0.011979166666666667 0.04814814814814815
0 0.5986979166666667 0.7773148148148148 0.10260416666666666 0.3472222222222222
