0 0.61171875 0.6759259259259259 0.011979166666666667 0.05555555555555555
0 0.01796875 0.7041666666666667 0.0328125 0.1638888888888889
0 0.7700520833333333 0.6662037037037037 0.0140625 0.075
0 0.74921875 0.6694444444444444 0.015104166666666667 0.07592592592592592
0 0.35885416666666664 0.6990740740740741 0.022916666666666665 0.06296296296296296
0 0.036458333333333336 0.7074074074074074 0.03958333333333333 0.17962962962962964
0 0.13854166666666667 0.6861111111111111 0.01875 0.07037037037037037
0 0.3796875 0.700925925925926 0.017708333333333333 0.06851851851851852
0 0.671875 0.6708333333333333 0.016666666666666666 0.06574074074074074
0 0.6856770833333333 0.6805555555555556 0.013020833333333334 0.04814814814814815
0 0.14817708333333332 0.6847222222222222 0.021354166666666667 0.07314814814814814
0 0.68671875 0.6699074074074074 0.013020833333333334 0.06388888888888888
0 0.39765625 0.6842592592592592 0.011979166666666667 0.04814814814814815
0 0.6044270833333333 0.7777777777777778 0.0890625 0.34629629629629627
