0 0.6158854166666666 0.6685185185185185 0.011979166666666667 0.05555555555555555
0 0.021614583333333333 0.7129629629629629 0.0328125 0.15925925925925927
0 0.77734375 0.6648148148148149 0.0140625 0.07777777777777778
0 0.7544270833333333 0.6666666666666666 0.015104166666666667 0.07592592592592592
0 0.34010416666666665 0.6916666666666667 0.019791666666666666 0.06851851851851852
0 0.04895833333333333 0.7134259259259259 0.03958333333333333 0.175
0 0.12395833333333334 0.6805555555555556 0.01875 0.07037037037037037
0 0.359375 0.6949074074074074 0.01875 0.06944444444444445
0 0.6713541666666667 0.6717592592592593 0.016666666666666666 0.06759259259259259
0 0.6830729166666667 0.6791666666666667 0.013020833333333334 0.049074074074074076
0 0.134375 0.6782407407407407 0.017708333333333333 0.07314814814814814
0 0.6846354166666667 0.6703703703703704 0.013020833333333334 0.06666666666666667
0 0.5229166666666667 0.7833333333333333 0.10625 0.3611111111111111
