0 0.62421875 0.6685185185185185 0.011979166666666667 0.05555555555555555
0 0.04114583333333333 0.7050925925925926 0.034375 0.14722222222222223
0 0.7830729166666667 0.6620370370370371 0.0140625 0.07777777777777778
0 0.76171875 0.6652777777777777 0.015104166666666667 0.07685185185185185
0 0.30885416666666665 0.6837962962962963 0.019791666666666666 0.07314814814814814
0 0.07213541666666666 0.7069444444444445 0.034895833333333334 0.1712962962962963
0 0.1015625 0.6717592592592593 0.01875 0.075
0 0.32864583333333336 0.6865740740740741 0.01875 0.07314814814814814
0 0.6609375 0.6712962962962963 0.016666666666666666 0.07037037037037037
0 0.67890625 0.6810185185185185 0.013020833333333334 0.049074074074074076
0 0.11328125 0.6708333333333333 0.015104166666666667 0.07314814814814814
0 0.6783854166666666 0.6694444444444444 0.013020833333333334 0.07037037037037037
0 0.36276041666666664 0.8009259259259259 0.0890625 0.39444444444444443
