0 0.6263020833333334 0.6685185185185185 0.011979166666666667 0.05555555555555555
0 0.047135416666666666 0.7041666666666667 0.0359375 0.14537037037037037
0 0.7846354166666667 0.6620370370370371 0.0140625 0.07777777777777778
0 0.7638020833333333 0.6648148148148149 0.015104166666666667 0.07777777777777778
0 0.30052083333333335 0.6828703703703703 0.019791666666666666 0.07314814814814814
0 0.08072916666666667 0.7041666666666667 0.034375 0.16574074074074074
0 0.09583333333333334 0.6708333333333333 0.01875 0.075
0 0.32083333333333336 0.6856481481481481 0.01875 0.07314814814814814
0 0.659375 0.6703703703703704 0.016666666666666666 0.07037037037037037
0 0.67734375 0.6819444444444445 0.013020833333333334 0.049074074074074076
0 0.10755208333333334 0.6699074074074074 0.015104166666666667 0.07314814814814814
0 0.6768229166666667 0.6685185185185185 0.013020833333333334 0.07037037037037037
0 0.32864583333333336 0.8032407407407407 0.12604166666666666 0.39166666666666666
