0 0.62890625 0.6685185185185185 0.011979166666666667 0.06111111111111111
0 0.0546875 0.7037037037037037 0.03854166666666667 0.14444444444444443
0 0.78671875 0.662962962962963 0.0140625 0.07777777777777778
0 0.7653645833333333 0.6643518518518519 0.015104166666666667 0.0787037037037037
0 0.29322916666666665 0.6847222222222222 0.019791666666666666 0.07314814814814814
0 0.08802083333333334 0.6976851851851852 0.03958333333333333 0.1638888888888889
0 0.3125 0.6847222222222222 0.01875 0.07314814814814814
0 0.6578125 0.6703703703703704 0.016666666666666666 0.07037037037037037
0 0.6736979166666667 0.6819444444444445 0.013020833333333334 0.049074074074074076
0 0.10078125 0.6699074074074074 0.015104166666666667 0.07314814814814814
0 0.6747395833333333 0.6666666666666666 0.013020833333333334 0.07037037037037037
0 0.26927083333333335 0.7935185185185185 0.08645833333333333 0.4111111111111111
