0 0.309375 0.6532407407407408 0.009375 0.05648148148148148
0 0.8286458333333333 0.663425925925926 0.029166666666666667 0.13240740740740742
0 0.6083333333333333 0.6486111111111111 0.011458333333333333 0.04537037037037037
0 0.71875 0.6402777777777777 0.010416666666666666 0.04537037037037037
0 0.8885416666666667 0.6532407407407408 0.019791666666666666 0.08611111111111111
0 0.8703125 0.6527777777777778 0.025 0.09074074074074075
0 0.34036458333333336 0.6606481481481481 0.0109375 0.05648148148148148
0 0.8544270833333333 0.6662037037037037 0.0234375 0.11944444444444445
0 0.6026041666666667 0.6486111111111111 0.011458333333333333 0.04537037037037037
0 0.6640625 0.649074074074074 0.017708333333333333 0.06666666666666667
