0 0.31015625 0.6541666666666667 0.009895833333333333 0.05462962962962963
0 0.8203125 0.663425925925926 0.029166666666666667 0.13055555555555556
0 0.6067708333333334 0.6486111111111111 0.011458333333333333 0.04537037037037037
0 0.715625 0.6412037037037037 0.010416666666666666 0.04537037037037037
0 0.8822916666666667 0.6527777777777778 0.019791666666666666 0.08518518518518518
0 0.8640625 0.6527777777777778 0.025 0.08888888888888889
0 0.34140625 0.6611111111111111 0.0109375 0.05555555555555555
0 0.8458333333333333 0.6657407407407407 0.022916666666666665 0.11666666666666667
0 0.6015625 0.6486111111111111 0.011458333333333333 0.04537037037037037
0 0.6611979166666667 0.649074074074074 0.0171875 0.06666666666666667
