0 0.31666666666666665 0.6537037037037037 0.010416666666666666 0.044444444444444446
0 0.7744791666666667 0.662962962962963 0.021875 0.10925925925925926
0 0.5989583333333334 0.6532407407407408 0.011458333333333333 0.04537037037037037
0 0.6984375 0.6458333333333334 0.010416666666666666 0.04537037037037037
0 0.011458333333333333 0.6407407407407407 0.019791666666666666 0.13703703703703704
0 0.8447916666666667 0.6532407407407408 0.019791666666666666 0.0787037037037037
0 0.8255208333333334 0.6518518518518519 0.020833333333333332 0.08148148148148149
0 0.3458333333333333 0.6615740740740741 0.011458333333333333 0.05277777777777778
0 0.7979166666666667 0.6643518518518519 0.020833333333333332 0.10092592592592593
0 0.5916666666666667 0.6513888888888889 0.011458333333333333 0.04537037037037037
0 0.6450520833333333 0.6532407407407408 0.015104166666666667 0.06388888888888888
