0 0.3033854166666667 0.6532407407407408 0.011979166666666667 0.06018518518518518
0 0.8768229166666667 0.6657407407407407 0.027604166666666666 0.14444444444444443
0 0.6161458333333333 0.649537037037037 0.011458333333333333 0.04537037037037037
0 0.7354166666666667 0.6430555555555556 0.010416666666666666 0.05277777777777778
0 0.35208333333333336 0.6435185185185185 0.010416666666666666 0.040740740740740744
0 0.9197916666666667 0.6523148148148148 0.019791666666666666 0.09166666666666666
0 0.9036458333333334 0.6537037037037037 0.023958333333333335 0.09814814814814815
0 0.33541666666666664 0.6615740740740741 0.011458333333333333 0.06018518518518518
0 0.9020833333333333 0.6694444444444444 0.025 0.13333333333333333
0 0.6098958333333333 0.6486111111111111 0.011458333333333333 0.04537037037037037
0 0.6796875 0.6509259259259259 0.01875 0.07037037037037037
