0 0.4791666666666667 0.6574074074074074 0.017708333333333333 0.09259259259259259
0 0.83671875 0.6666666666666666 0.0328125 0.14629629629629629
0 0.5536458333333333 0.6541666666666667 0.023958333333333335 0.10092592592592593
0 0.8984375 0.6703703703703704 0.03854166666666667 0.15
0 0.8591145833333333 0.6527777777777778 0.027604166666666666 0.14444444444444443
0 0.5299479166666666 0.663425925925926 0.021354166666666667 0.10833333333333334
0 0.796875 0.6268518518518519 0.01875 0.06851851851851852
0 0.9338541666666667 0.7611111111111111 0.10729166666666666 0.40555555555555556
0 0.5997395833333333 0.6560185185185186 0.028645833333333332 0.09907407407407408
0 0.5106770833333333 0.6615740740740741 0.0234375 0.10092592592592593
0 0.975 0.6893518518518519 0.03229166666666667 0.2175925925925926
