0 0.48203125 0.6555555555555556 0.015104166666666667 0.08518518518518518
0 0.8325520833333333 0.6657407407407407 0.0328125 0.14629629629629629
0 0.5575520833333333 0.6509259259259259 0.021354166666666667 0.1
0 0.896875 0.6699074074074074 0.03854166666666667 0.14907407407407408
0 0.85546875 0.6532407407407408 0.0265625 0.14166666666666666
0 0.5315104166666667 0.6435185185185185 0.019270833333333334 0.07777777777777778
0 0.796875 0.6268518518518519 0.01875 0.06851851851851852
0 0.93125 0.7615740740740741 0.096875 0.3990740740740741
0 0.6033854166666667 0.6578703703703703 0.028645833333333332 0.09907407407407408
0 0.5125 0.6611111111111111 0.023958333333333335 0.1
0 0.98515625 0.6893518518518519 0.028645833333333332 0.2175925925925926
