0 0.48125 0.6564814814814814 0.016666666666666666 0.08888888888888889
0 0.83359375 0.6657407407407407 0.0328125 0.14629629629629629
0 0.5565104166666667 0.6523148148148148 0.022395833333333334 0.10092592592592593
0 0.8973958333333333 0.6699074074074074 0.03854166666666667 0.14907407407407408
0 0.8565104166666667 0.6527777777777778 0.0265625 0.1425925925925926
0 0.5307291666666667 0.649537037037037 0.019791666666666666 0.08796296296296297
0 0.796875 0.6268518518518519 0.01875 0.06851851851851852
0 0.9317708333333333 0.7592592592592593 0.103125 0.39814814814814814
0 0.60234375 0.6578703703703703 0.028645833333333332 0.09907407407407408
0 0.5119791666666667 0.6611111111111111 0.023958333333333335 0.1
0 0.9825520833333333 0.6893518518518519 0.0296875 0.2175925925925926
