0 0.4791666666666667 0.6583333333333333 0.017708333333333333 0.09259259259259259
0 0.8377604166666667 0.6666666666666666 0.0328125 0.14629629629629629
0 0.55234375 0.6541666666666667 0.024479166666666666 0.10092592592592593
0 0.8989583333333333 0.6703703703703704 0.03854166666666667 0.15
0 0.8596354166666667 0.6560185185185186 0.027604166666666666 0.14537037037037037
0 0.5296875 0.6638888888888889 0.020833333333333332 0.10925925925925926
0 0.796875 0.6268518518518519 0.01875 0.06851851851851852
0 0.9346354166666667 0.763425925925926 0.10677083333333333 0.4101851851851852
0 0.59921875 0.6560185185185186 0.028645833333333332 0.09907407407407408
0 0.51015625 0.6625 0.0234375 0.10092592592592593
0 0.9723958333333333 0.6893518518518519 0.03333333333333333 0.2175925925925926
