0 0.47760416666666666 0.6615740740740741 0.016666666666666666 0.09166666666666666
0 0.84453125 0.6685185185185185 0.0328125 0.14629629629629629
0 0.5489583333333333 0.6564814814814814 0.025 0.1037037037037037
0 0.9015625 0.6703703703703704 0.03854166666666667 0.15185185185185185
0 0.8669270833333333 0.6587962962962963 0.0296875 0.14907407407407408
0 0.5263020833333333 0.6643518518518519 0.019270833333333334 0.11018518518518519
0 0.796875 0.6268518518518519 0.01875 0.06851851851851852
0 0.5986979166666667 0.6694444444444444 0.0296875 0.11296296296296296
0 0.9393229166666667 0.7712962962962963 0.10989583333333333 0.43333333333333335
0 0.5940104166666667 0.6532407407407408 0.028645833333333332 0.09907407407407408
0 0.5075520833333333 0.662962962962963 0.0234375 0.10185185185185185
0 0.95703125 0.6893518518518519 0.03802083333333333 0.2175925925925926
