0 0.4635416666666667 0.6578703703703703 0.01875 0.09537037037037037
0 0.8565104166666667 0.6708333333333333 0.033854166666666664 0.15648148148148147
0 0.5411458333333333 0.6532407407407408 0.027083333333333334 0.10648148148148148
0 0.9078125 0.6717592592592593 0.03854166666666667 0.15648148148148147
0 0.8794270833333333 0.6583333333333333 0.0359375 0.15555555555555556
0 0.5208333333333334 0.6652777777777777 0.022916666666666665 0.11388888888888889
0 0.796875 0.6268518518518519 0.01875 0.06851851851851852
0 0.5893229166666667 0.6648148148148149 0.0296875 0.11296296296296296
0 0.9518229166666666 0.7796296296296297 0.0953125 0.4388888888888889
0 0.58203125 0.649537037037037 0.028645833333333332 0.09907407407407408
0 0.496875 0.6583333333333333 0.028125 0.1
0 0.92265625 0.6814814814814815 0.05572916666666667 0.21666666666666667
