0 0.43984375 0.6625 0.0234375 0.09907407407407408
0 0.8807291666666667 0.6787037037037037 0.03854166666666667 0.16666666666666666
0 0.51875 0.6597222222222222 0.021875 0.11388888888888889
0 0.9263020833333333 0.6833333333333333 0.043229166666666666 0.1814814814814815
0 0.92734375 0.6175925925925926 0.015104166666666667 0.06296296296296296
0 0.9018229166666667 0.6666666666666666 0.030729166666666665 0.1685185185185185
0 0.50546875 0.6712962962962963 0.0265625 0.12037037037037036
0 0.796875 0.6268518518518519 0.01875 0.06851851851851852
0 0.5697916666666667 0.6615740740740741 0.028125 0.11018518518518519
0 0.5450520833333333 0.6555555555555556 0.028645833333333332 0.1111111111111111
0 0.48515625 0.6620370370370371 0.0265625 0.10555555555555556
0 0.8875 0.6833333333333333 0.04479166666666667 0.20555555555555555
0 0.8638020833333333 0.6912037037037037 0.050520833333333334 0.2175925925925926
