0 0.434375 0.6601851851851852 0.026041666666666668 0.09444444444444444
0 0.88515625 0.6810185185185185 0.04114583333333333 0.1675925925925926
0 0.515625 0.6611111111111111 0.020833333333333332 0.11666666666666667
0 0.92734375 0.6856481481481481 0.0453125 0.18611111111111112
0 0.9268229166666667 0.6175925925925926 0.015104166666666667 0.06296296296296296
0 0.90703125 0.6657407407407407 0.030729166666666665 0.1685185185185185
0 0.5028645833333333 0.6717592592592593 0.025520833333333333 0.12129629629629629
0 0.7984375 0.6268518518518519 0.01875 0.06851851851851852
0 0.5674479166666667 0.6620370370370371 0.027604166666666666 0.10925925925925926
0 0.5403645833333334 0.6555555555555556 0.028645833333333332 0.1111111111111111
0 0.48385416666666664 0.6643518518518519 0.026041666666666668 0.11018518518518519
0 0.8755208333333333 0.6833333333333333 0.04479166666666667 0.2037037037037037
0 0.853125 0.6912037037037037 0.04895833333333333 0.2175925925925926
