0 0.44088541666666664 0.6606481481481481 0.0234375 0.09722222222222222
0 0.87734375 0.6763888888888889 0.03697916666666667 0.16574074074074074
0 0.52109375 0.6597222222222222 0.021354166666666667 0.11388888888888889
0 0.9252604166666667 0.6819444444444445 0.04114583333333333 0.1787037037037037
0 0.9278645833333333 0.6166666666666667 0.015104166666666667 0.06296296296296296
0 0.8981770833333333 0.6648148148148149 0.030729166666666665 0.16666666666666666
0 0.50703125 0.6699074074074074 0.027604166666666666 0.12129629629629629
0 0.796875 0.6268518518518519 0.01875 0.06851851851851852
0 0.5731770833333333 0.6611111111111111 0.028645833333333332 0.1111111111111111
0 0.9786458333333333 0.7953703703703704 0.041666666666666664 0.40555555555555556
0 0.5486979166666667 0.6555555555555556 0.028645833333333332 0.1111111111111111
0 0.4869791666666667 0.6601851851851852 0.027083333333333334 0.10185185185185185
0 0.89765625 0.6819444444444445 0.049479166666666664 0.2064814814814815
0 0.8723958333333334 0.6912037037037037 0.052083333333333336 0.2175925925925926
