0 0.43385416666666665 0.662962962962963 0.023958333333333335 0.09814814814814815
0 0.8885416666666667 0.6828703703703703 0.042708333333333334 0.1675925925925926
0 0.5143229166666666 0.6620370370370371 0.021354166666666667 0.11481481481481481
0 0.9283854166666666 0.6875 0.04739583333333333 0.18981481481481483
0 0.9263020833333333 0.6185185185185185 0.015104166666666667 0.06296296296296296
0 0.9111979166666667 0.6648148148148149 0.030729166666666665 0.1685185185185185
0 0.5 0.6717592592592593 0.025 0.12314814814814815
0 0.7994791666666666 0.6268518518518519 0.01875 0.06851851851851852
0 0.5661458333333333 0.6625 0.027083333333333334 0.10833333333333334
0 0.5372395833333333 0.6564814814814814 0.028645833333333332 0.1111111111111111
0 0.4825520833333333 0.6666666666666666 0.025520833333333333 0.11296296296296296
0 0.8684895833333334 0.6833333333333333 0.0484375 0.20185185185185187
0 0.84609375 0.6912037037037037 0.044270833333333336 0.2175925925925926
