0 0.43046875 0.6685185185185185 0.021354166666666667 0.1
0 0.9 0.687037037037037 0.0375 0.17592592592592593
0 0.51328125 0.6685185185185185 0.0234375 0.12222222222222222
0 0.93984375 0.6944444444444444 0.04739583333333333 0.2037037037037037
0 0.9247395833333333 0.6194444444444445 0.015104166666666667 0.06296296296296296
0 0.9252604166666667 0.6657407407407407 0.030729166666666665 0.1685185185185185
0 0.4921875 0.6773148148148148 0.027083333333333334 0.12685185185185185
0 0.8041666666666667 0.6296296296296297 0.01875 0.06851851851851852
0 0.5658854166666667 0.663425925925926 0.025520833333333333 0.10648148148148148
0 0.52265625 0.6620370370370371 0.028645833333333332 0.1111111111111111
0 0.48125 0.6708333333333333 0.025 0.11944444444444445
0 0.84296875 0.6861111111111111 0.0328125 0.20185185185185187
0 0.8192708333333333 0.6949074074074074 0.042708333333333334 0.2175925925925926
