0 0.4296875 0.6773148148148148 0.023958333333333335 0.09907407407407408
0 0.925 0.7023148148148148 0.0375 0.19537037037037036
0 0.51953125 0.6796296296296296 0.025520833333333333 0.12407407407407407
0 0.8979166666666667 0.6314814814814815 0.016666666666666666 0.06111111111111111
0 0.9578125 0.7226851851851852 0.053125 0.225
0 0.9190104166666667 0.6361111111111111 0.015104166666666667 0.06296296296296296
0 0.9486979166666667 0.6782407407407407 0.03177083333333333 0.17685185185185184
0 0.48333333333333334 0.6986111111111111 0.036458333333333336 0.1361111111111111
0 0.8083333333333333 0.6412037037037037 0.01875 0.06388888888888888
0 0.5703125 0.6689814814814815 0.025 0.09907407407407408
0 0.4903645833333333 0.6731481481481482 0.028645833333333332 0.1111111111111111
0 0.48151041666666666 0.6796296296296296 0.025520833333333333 0.1259259259259259
0 0.7846354166666667 0.7078703703703704 0.044270833333333336 0.19537037037037036
0 0.7614583333333333 0.7069444444444445 0.040625 0.19537037037037036
