0 0.428125 0.6782407407407407 0.025 0.10092592592592593
0 0.9200520833333333 0.7037037037037037 0.0359375 0.1925925925925926
0 0.51796875 0.6814814814814815 0.024479166666666666 0.1259259259259259
0 0.8979166666666667 0.6314814814814815 0.016666666666666666 0.06111111111111111
0 0.9536458333333333 0.725462962962963 0.05625 0.21944444444444444
0 0.9200520833333333 0.6314814814814815 0.015104166666666667 0.06296296296296296
0 0.9432291666666667 0.6819444444444445 0.03125 0.17314814814814813
0 0.4828125 0.6981481481481482 0.034375 0.13518518518518519
0 0.8067708333333333 0.6439814814814815 0.01875 0.06574074074074074
0 0.5697916666666667 0.6759259259259259 0.025 0.1
0 0.49557291666666664 0.674074074074074 0.028645833333333332 0.1111111111111111
0 0.48151041666666666 0.6791666666666667 0.025520833333333333 0.12685185185185185
0 0.7947916666666667 0.7078703703703704 0.04375 0.19722222222222222
0 0.771875 0.7069444444444445 0.040625 0.19722222222222222
