0 0.4296875 0.674074074074074 0.022916666666666665 0.1
0 0.9283854166666666 0.700462962962963 0.03802083333333333 0.19722222222222222
0 0.52109375 0.6773148148148148 0.0265625 0.12314814814814815
0 0.8979166666666667 0.6314814814814815 0.016666666666666666 0.06111111111111111
0 0.9598958333333333 0.7212962962962963 0.051041666666666666 0.22962962962962963
0 0.9190104166666667 0.6333333333333333 0.015104166666666667 0.06296296296296296
0 0.9513020833333333 0.6759259259259259 0.03177083333333333 0.17962962962962964
0 0.48359375 0.6972222222222222 0.0359375 0.1388888888888889
0 0.8104166666666667 0.637962962962963 0.01875 0.06296296296296296
0 0.5703125 0.6652777777777777 0.025 0.09722222222222222
0 0.4817708333333333 0.6796296296296296 0.026041666666666668 0.1259259259259259
0 0.7796875 0.6981481481481482 0.04375 0.19444444444444445
0 0.7552083333333334 0.7060185185185185 0.040625 0.1935185185185185
