0 0.43697916666666664 0.6722222222222223 0.026041666666666668 0.10555555555555556
0 0.9541666666666667 0.6981481481481482 0.040625 0.20185185185185187
0 0.528125 0.6805555555555556 0.026041666666666668 0.12777777777777777
0 0.903125 0.6287037037037037 0.016666666666666666 0.06111111111111111
0 0.9778645833333334 0.7194444444444444 0.043229166666666666 0.23703703703703705
0 0.91953125 0.6231481481481481 0.015104166666666667 0.06296296296296296
0 0.96953125 0.6782407407407407 0.033854166666666664 0.19722222222222222
0 0.49192708333333335 0.6972222222222222 0.033854166666666664 0.14074074074074075
0 0.821875 0.6296296296296297 0.01875 0.05925925925925926
0 0.5822916666666667 0.6615740740740741 0.025 0.10092592592592593
0 0.4890625 0.6819444444444445 0.029166666666666667 0.125
0 0.7346354166666667 0.6930555555555555 0.0390625 0.18611111111111112
0 0.7119791666666667 0.7050925925925926 0.040625 0.18425925925925926
