0 0.43723958333333335 0.6736111111111112 0.0265625 0.10648148148148148
0 0.9557291666666666 0.6990740740740741 0.040625 0.20185185185185187
0 0.52890625 0.6800925925925926 0.025520833333333333 0.12685185185185185
0 0.903125 0.6287037037037037 0.016666666666666666 0.06111111111111111
0 0.97890625 0.7189814814814814 0.04114583333333333 0.23796296296296296
0 0.91953125 0.6231481481481481 0.015104166666666667 0.06296296296296296
0 0.9708333333333333 0.6773148148148148 0.034375 0.19722222222222222
0 0.49244791666666665 0.6981481481481482 0.034895833333333334 0.14074074074074075
0 0.8223958333333333 0.6296296296296297 0.01875 0.05925925925925926
0 0.5828125 0.6606481481481481 0.025 0.10092592592592593
0 0.4895833333333333 0.6819444444444445 0.029166666666666667 0.125
0 0.7325520833333333 0.6935185185185185 0.0390625 0.18518518518518517
0 0.7098958333333333 0.7046296296296296 0.040625 0.18333333333333332
