0 0.44088541666666664 0.675 0.025520833333333333 0.10740740740740741
0 0.9638020833333333 0.7013888888888888 0.043229166666666666 0.20833333333333334
0 0.5322916666666667 0.6782407407407407 0.027083333333333334 0.12314814814814815
0 0.903125 0.6287037037037037 0.016666666666666666 0.06111111111111111
0 0.9854166666666667 0.7175925925925926 0.028125 0.2462962962962963
0 0.91796875 0.6240740740740741 0.015104166666666667 0.06296296296296296
0 0.4984375 0.6986111111111111 0.0375 0.14907407407407408
0 0.8265625 0.6277777777777778 0.01875 0.05555555555555555
0 0.5869791666666667 0.6606481481481481 0.025 0.10277777777777777
0 0.49140625 0.6837962962962963 0.030729166666666665 0.125
0 0.7197916666666667 0.6976851851851852 0.0375 0.1824074074074074
0 0.6953125 0.7037037037037037 0.040625 0.17962962962962964
