0 0.4434895833333333 0.675 0.027604166666666666 0.10925925925925926
0 0.9794270833333333 0.7055555555555556 0.04010416666666667 0.2222222222222222
0 0.5375 0.6916666666666667 0.03333333333333333 0.1425925925925926
0 0.9026041666666667 0.6259259259259259 0.016666666666666666 0.06111111111111111
0 0.91953125 0.6240740740740741 0.015104166666666667 0.06296296296296296
0 0.5052083333333334 0.7018518518518518 0.035416666666666666 0.1537037037037037
0 0.8302083333333333 0.6259259259259259 0.01875 0.04814814814814815
0 0.5924479166666666 0.6611111111111111 0.025520833333333333 0.10555555555555556
0 0.49140625 0.687962962962963 0.0328125 0.12962962962962962
0 0.69453125 0.6995370370370371 0.034895833333333334 0.17685185185185184
0 0.66875 0.7037037037037037 0.040625 0.17407407407407408
