0 0.44114583333333335 0.6800925925925926 0.029166666666666667 0.11388888888888889
0 0.5411458333333333 0.6962962962962963 0.03333333333333333 0.15
0 0.8963541666666667 0.6259259259259259 0.016666666666666666 0.06111111111111111
0 0.9138020833333333 0.625 0.015104166666666667 0.06296296296296296
0 0.5067708333333333 0.7046296296296296 0.035416666666666666 0.16111111111111112
0 0.5981770833333333 0.6648148148148149 0.0265625 0.10740740740740741
0 0.4901041666666667 0.6962962962962963 0.034375 0.13703703703703704
0 0.5854166666666667 0.6532407407407408 0.020833333333333332 0.08611111111111111
0 0.6682291666666667 0.6972222222222222 0.03229166666666667 0.17222222222222222
0 0.6416666666666667 0.7023148148148148 0.040625 0.1675925925925926
0 0.9768229166666667 0.6944444444444444 0.0359375 0.2074074074074074
