0 0.43411458333333336 0.6833333333333333 0.030729166666666665 0.11481481481481481
0 0.6619791666666667 0.649074074074074 0.01875 0.09074074074074075
0 0.5380208333333333 0.7 0.040625 0.1574074074074074
0 0.8901041666666667 0.6240740740740741 0.016666666666666666 0.06111111111111111
0 0.91015625 0.6212962962962963 0.015104166666666667 0.06296296296296296
0 0.509375 0.7087962962962963 0.03854166666666667 0.16944444444444445
0 0.59921875 0.6638888888888889 0.027604166666666666 0.10925925925925926
0 0.68359375 0.6865740740740741 0.03177083333333333 0.12314814814814815
0 0.4869791666666667 0.7064814814814815 0.036458333333333336 0.14629629629629629
0 0.5776041666666667 0.6550925925925926 0.020833333333333332 0.08796296296296297
0 0.6440104166666667 0.6944444444444444 0.0296875 0.16666666666666666
0 0.6171875 0.7 0.040625 0.1648148148148148
0 0.6734375 0.65 0.019791666666666666 0.08888888888888889
