0 0.43671875 0.6800925925925926 0.0296875 0.11388888888888889
0 0.5408854166666667 0.6990740740740741 0.03802083333333333 0.1537037037037037
0 0.8932291666666666 0.6240740740740741 0.016666666666666666 0.06111111111111111
0 0.9122395833333333 0.6231481481481481 0.015104166666666667 0.06296296296296296
0 0.50703125 0.7074074074074074 0.03802083333333333 0.1648148148148148
0 0.5989583333333334 0.663425925925926 0.027083333333333334 0.10833333333333334
0 0.48854166666666665 0.7023148148148148 0.035416666666666666 0.14166666666666666
0 0.5807291666666666 0.6555555555555556 0.020833333333333332 0.08703703703703704
0 0.65625 0.6958333333333333 0.03125 0.16944444444444445
0 0.6309895833333333 0.7 0.03802083333333333 0.1685185185185185
0 0.9768229166666667 0.6944444444444444 0.0359375 0.2074074074074074
