0 0.4328125 0.6847222222222222 0.03125 0.11574074074074074
0 0.6619791666666667 0.6509259259259259 0.01875 0.09074074074074075
0 0.5380208333333333 0.700462962962963 0.03958333333333333 0.15833333333333333
0 0.8895833333333333 0.6240740740740741 0.016666666666666666 0.06111111111111111
0 0.9096354166666667 0.6212962962962963 0.015104166666666667 0.06296296296296296
0 0.5098958333333333 0.7087962962962963 0.03854166666666667 0.1712962962962963
0 0.59921875 0.6638888888888889 0.027604166666666666 0.10925925925925926
0 0.6828125 0.6884259259259259 0.03125 0.12685185185185185
0 0.4864583333333333 0.7069444444444445 0.036458333333333336 0.14722222222222223
0 0.5755208333333334 0.6541666666666667 0.020833333333333332 0.08796296296296297
0 0.6401041666666667 0.6949074074074074 0.030208333333333334 0.1675925925925926
0 0.6125 0.7 0.040625 0.1648148148148148
0 0.6734375 0.65 0.019791666666666666 0.08888888888888889
