0 0.42942708333333335 0.6842592592592592 0.033854166666666664 0.12037037037037036
0 0.66171875 0.6527777777777778 0.019270833333333334 0.09074074074074075
0 0.5354166666666667 0.6990740740740741 0.0375 0.16666666666666666
0 0.6986979166666667 0.6888888888888889 0.0265625 0.1259259259259259
0 0.8890625 0.6240740740740741 0.016666666666666666 0.06111111111111111
0 0.8739583333333333 0.6273148148148148 0.017708333333333333 0.06388888888888888
0 0.5075520833333333 0.7111111111111111 0.0390625 0.17407407407407408
0 0.5981770833333333 0.6648148148148149 0.027604166666666666 0.10925925925925926
0 0.6791666666666667 0.6921296296296297 0.030208333333333334 0.13796296296296295
0 0.48203125 0.7032407407407407 0.03802083333333333 0.1527777777777778
0 0.5677083333333334 0.6546296296296297 0.020833333333333332 0.08888888888888889
0 0.6276041666666666 0.6953703703703704 0.034375 0.17037037037037037
0 0.5994791666666667 0.7 0.040625 0.1648148148148148
0 0.6729166666666667 0.65 0.019791666666666666 0.08888888888888889
