0 0.4309895833333333 0.6842592592592592 0.0328125 0.11851851851851852
0 0.6619791666666667 0.6527777777777778 0.01875 0.09074074074074075
0 0.5375 0.7013888888888888 0.03854166666666667 0.16203703703703703
0 0.69921875 0.6884259259259259 0.025520833333333333 0.12314814814814815
0 0.8890625 0.6240740740740741 0.016666666666666666 0.06111111111111111
0 0.8760416666666667 0.6273148148148148 0.017708333333333333 0.06388888888888888
0 0.9075520833333334 0.6212962962962963 0.015104166666666667 0.06296296296296296
0 0.5091145833333334 0.7106481481481481 0.0390625 0.17314814814814813
0 0.5986979166666667 0.6648148148148149 0.027604166666666666 0.10925925925925926
0 0.6809895833333334 0.6902777777777778 0.030729166666666665 0.13240740740740742
0 0.48411458333333335 0.7046296296296296 0.03697916666666667 0.15
0 0.571875 0.6541666666666667 0.020833333333333332 0.08796296296296297
0 0.6338541666666667 0.6944444444444444 0.03229166666666667 0.1685185185185185
0 0.60625 0.7 0.040625 0.1648148148148148
0 0.6729166666666667 0.65 0.019791666666666666 0.08888888888888889
