0 0.4203125 0.6875 0.0375 0.125
0 0.65625 0.6509259259259259 0.016666666666666666 0.09074074074074075
0 0.6916666666666667 0.65 0.019791666666666666 0.09814814814814815
0 0.5291666666666667 0.7041666666666667 0.03125 0.17685185185185184
0 0.6966145833333334 0.6939814814814815 0.028645833333333332 0.13796296296296295
0 0.6466145833333333 0.6666666666666666 0.013020833333333334 0.046296296296296294
0 0.865625 0.6273148148148148 0.017708333333333333 0.06388888888888888
0 0.37578125 0.6791666666666667 0.0234375 0.10462962962962963
0 0.49973958333333335 0.7148148148148148 0.043229166666666666 0.18703703703703703
0 0.5966145833333333 0.6666666666666666 0.027604166666666666 0.10925925925925926
0 0.6716145833333333 0.6967592592592593 0.03177083333333333 0.1527777777777778
0 0.4744791666666667 0.7083333333333334 0.040625 0.1537037037037037
0 0.5536458333333333 0.6560185185185186 0.020833333333333332 0.08981481481481482
0 0.6005208333333333 0.6976851851851852 0.03854166666666667 0.1712962962962963
0 0.5708333333333333 0.7018518518518518 0.040625 0.1648148148148148
0 0.6713541666666667 0.65 0.019791666666666666 0.08888888888888889
