0 0.41796875 0.687962962962963 0.03802083333333333 0.1259259259259259
0 0.6552083333333333 0.6509259259259259 0.015625 0.09074074074074075
0 0.6895833333333333 0.65 0.019791666666666666 0.09814814814814815
0 0.52890625 0.7041666666666667 0.0328125 0.1787037037037037
0 0.69609375 0.6953703703703704 0.028645833333333332 0.13703703703703704
0 0.6442708333333333 0.6671296296296296 0.013541666666666667 0.04722222222222222
0 0.8645833333333334 0.6273148148148148 0.017708333333333333 0.06388888888888888
0 0.3736979166666667 0.6800925925925926 0.022395833333333334 0.10462962962962963
0 0.49895833333333334 0.7162037037037037 0.04583333333333333 0.18796296296296297
0 0.5966145833333333 0.6666666666666666 0.027604166666666666 0.10925925925925926
0 0.6697916666666667 0.6976851851851852 0.03229166666666667 0.15462962962962962
0 0.47317708333333336 0.7097222222222223 0.04114583333333333 0.15648148148148147
0 0.5520833333333334 0.6564814814814814 0.020833333333333332 0.09074074074074075
0 0.5947916666666667 0.6986111111111111 0.0375 0.16944444444444445
0 0.5651041666666666 0.7018518518518518 0.040625 0.1648148148148148
0 0.6708333333333333 0.65 0.019791666666666666 0.08888888888888889
