0 0.41067708333333336 0.6916666666666667 0.03697916666666667 0.12777777777777777
0 0.6486979166666667 0.6518518518518519 0.015104166666666667 0.09074074074074075
0 0.6828125 0.6509259259259259 0.019791666666666666 0.09814814814814815
0 0.5252604166666667 0.7078703703703704 0.0390625 0.18796296296296297
0 0.69140625 0.6958333333333333 0.0296875 0.14351851851851852
0 0.6322916666666667 0.6712962962962963 0.016666666666666666 0.053703703703703705
0 0.8583333333333333 0.6273148148148148 0.017708333333333333 0.06388888888888888
0 0.36432291666666666 0.6805555555555556 0.019270833333333334 0.1037037037037037
0 0.4981770833333333 0.7203703703703703 0.0453125 0.1962962962962963
0 0.5950520833333334 0.6666666666666666 0.027604166666666666 0.10925925925925926
0 0.6640625 0.7027777777777777 0.03333333333333333 0.1574074074074074
0 0.47213541666666664 0.7129629629629629 0.04010416666666667 0.17037037037037037
0 0.5395833333333333 0.6564814814814814 0.020833333333333332 0.09074074074074075
0 0.5705729166666667 0.7023148148148148 0.034895833333333334 0.16203703703703703
0 0.5401041666666667 0.7027777777777777 0.040625 0.1648148148148148
0 0.6645833333333333 0.6527777777777778 0.019791666666666666 0.08888888888888889
0 0.6510416666666666 0.6513888888888889 0.020833333333333332 0.08611111111111111
