0 0.41432291666666665 0.6888888888888889 0.03802083333333333 0.1259259259259259
0 0.6518229166666667 0.6509259259259259 0.015104166666666667 0.09074074074074075
0 0.6848958333333334 0.6509259259259259 0.019791666666666666 0.09814814814814815
0 0.52578125 0.7060185185185185 0.03697916666666667 0.18425925925925926
0 0.6921875 0.6944444444444444 0.028125 0.14074074074074075
0 0.6377604166666667 0.6699074074074074 0.015104166666666667 0.05092592592592592
0 0.8609375 0.6273148148148148 0.017708333333333333 0.06388888888888888
0 0.36875 0.6796296296296296 0.020833333333333332 0.1037037037037037
0 0.4979166666666667 0.7199074074074074 0.04791666666666667 0.19166666666666668
0 0.59609375 0.6666666666666666 0.027604166666666666 0.10925925925925926
0 0.66640625 0.700462962962963 0.0328125 0.15648148148148147
0 0.4744791666666667 0.7087962962962963 0.042708333333333334 0.1638888888888889
0 0.5453125 0.6564814814814814 0.020833333333333332 0.09074074074074075
0 0.58125 0.7013888888888888 0.036458333333333336 0.16574074074074074
0 0.5515625 0.7018518518518518 0.040625 0.1648148148148148
0 0.6682291666666667 0.6509259259259259 0.019791666666666666 0.08888888888888889
