0 0.4158854166666667 0.6884259259259259 0.03802083333333333 0.12685185185185185
0 0.6533854166666667 0.6509259259259259 0.015104166666666667 0.09074074074074075
0 0.6864583333333333 0.65 0.019791666666666666 0.09814814814814815
0 0.5265625 0.7046296296296296 0.036458333333333336 0.1814814814814815
0 0.6940104166666666 0.6953703703703704 0.028645833333333332 0.1388888888888889
0 0.6401041666666667 0.6689814814814815 0.014583333333333334 0.049074074074074076
0 0.8625 0.6273148148148148 0.017708333333333333 0.06388888888888888
0 0.37057291666666664 0.6800925925925926 0.021354166666666667 0.10462962962962963
0 0.4973958333333333 0.7194444444444444 0.04895833333333333 0.18888888888888888
0 0.59609375 0.6666666666666666 0.027604166666666666 0.10925925925925926
0 0.6671875 0.6995370370370371 0.03229166666666667 0.15648148148148147
0 0.47421875 0.7092592592592593 0.0421875 0.16111111111111112
0 0.5484375 0.6564814814814814 0.020833333333333332 0.09074074074074075
0 0.58671875 0.7 0.03697916666666667 0.16666666666666666
0 0.5572916666666666 0.7018518518518518 0.040625 0.1648148148148148
0 0.6697916666666667 0.6509259259259259 0.019791666666666666 0.08888888888888889
