0 0.40729166666666666 0.6944444444444444 0.035416666666666666 0.12962962962962962
0 0.6466145833333333 0.6518518518518519 0.015104166666666667 0.09074074074074075
0 0.68125 0.6518518518518519 0.019791666666666666 0.09814814814814815
0 0.5244791666666667 0.7087962962962963 0.040625 0.19166666666666668
0 0.6908854166666667 0.6986111111111111 0.030729166666666665 0.14537037037037037
0 0.6286458333333333 0.6731481481481482 0.017708333333333333 0.05555555555555555
0 0.8557291666666667 0.6273148148148148 0.017708333333333333 0.06388888888888888
0 0.3609375 0.6791666666666667 0.01875 0.10277777777777777
0 0.5010416666666667 0.7222222222222222 0.04791666666666667 0.19814814814814816
0 0.59296875 0.6666666666666666 0.027604166666666666 0.10925925925925926
0 0.6606770833333333 0.7032407407407407 0.033854166666666664 0.16018518518518518
0 0.6864583333333333 0.649074074074074 0.021875 0.0962962962962963
0 0.4700520833333333 0.7148148148148148 0.04010416666666667 0.17407407407407408
0 0.5354166666666667 0.6564814814814814 0.020833333333333332 0.09074074074074075
0 0.56015625 0.7027777777777777 0.034895833333333334 0.16296296296296298
0 0.5296875 0.7037037037037037 0.040625 0.1648148148148148
0 0.6619791666666667 0.6518518518518519 0.019791666666666666 0.08888888888888889
0 0.6463541666666667 0.6509259259259259 0.021875 0.08518518518518518
