0 0.40859375 0.6930555555555555 0.0359375 0.1287037037037037
0 0.64765625 0.6518518518518519 0.015104166666666667 0.09074074074074075
0 0.6817708333333333 0.6518518518518519 0.019791666666666666 0.09814814814814815
0 0.5247395833333334 0.7083333333333334 0.04010416666666667 0.19074074074074074
0 0.69140625 0.6972222222222222 0.030729166666666665 0.14444444444444443
0 0.6299479166666667 0.6726851851851852 0.0171875 0.05462962962962963
0 0.8567708333333334 0.6273148148148148 0.017708333333333333 0.06388888888888888
0 0.3625 0.6805555555555556 0.01875 0.1037037037037037
0 0.5 0.7217592592592592 0.046875 0.19722222222222222
0 0.5934895833333333 0.6666666666666666 0.027604166666666666 0.10925925925925926
0 0.6614583333333334 0.7023148148148148 0.03333333333333333 0.16018518518518518
0 0.6864583333333333 0.649074074074074 0.021875 0.0962962962962963
0 0.4708333333333333 0.7148148148148148 0.03958333333333333 0.17407407407407408
0 0.5364583333333334 0.6564814814814814 0.020833333333333332 0.09074074074074075
0 0.5638020833333334 0.7027777777777777 0.034895833333333334 0.16296296296296298
0 0.5333333333333333 0.7037037037037037 0.040625 0.1648148148148148
0 0.6630208333333333 0.6527777777777778 0.019791666666666666 0.08888888888888889
0 0.64765625 0.6509259259259259 0.021354166666666667 0.08518518518518518
