0 0.38385416666666666 0.6958333333333333 0.04375 0.13796296296296295
0 0.6333333333333333 0.6527777777777778 0.016666666666666666 0.09074074074074075
0 0.6653645833333334 0.6527777777777778 0.0203125 0.09814814814814815
0 0.5286458333333334 0.7157407407407408 0.03958333333333333 0.20555555555555555
0 0.6861979166666666 0.7027777777777777 0.0328125 0.16111111111111112
0 0.6036458333333333 0.6685185185185185 0.017708333333333333 0.05555555555555555
0 0.8380208333333333 0.6277777777777778 0.01875 0.06666666666666667
0 0.3385416666666667 0.6819444444444445 0.01875 0.11944444444444445
0 0.5028645833333333 0.7268518518518519 0.044270833333333336 0.22407407407407406
0 0.5794270833333334 0.662962962962963 0.027604166666666666 0.10925925925925926
0 0.6526041666666667 0.7078703703703704 0.0375 0.17685185185185184
0 0.6765625 0.6481481481481481 0.021875 0.0962962962962963
0 0.45807291666666666 0.7180555555555556 0.0453125 0.18796296296296297
0 0.5072916666666667 0.6583333333333333 0.020833333333333332 0.09074074074074075
0 0.5044270833333333 0.7046296296296296 0.0328125 0.16666666666666666
0 0.4734375 0.7074074074074074 0.040625 0.16296296296296298
0 0.6463541666666667 0.6472222222222223 0.019791666666666666 0.08888888888888889
0 0.6177083333333333 0.6518518518518519 0.025 0.09259259259259259
