0 0.3854166666666667 0.6958333333333333 0.04375 0.13796296296296295
0 0.6354166666666666 0.6518518518518519 0.016666666666666666 0.09074074074074075
0 0.6669270833333333 0.6527777777777778 0.0203125 0.09814814814814815
0 0.5291666666666667 0.7162037037037037 0.03958333333333333 0.20462962962962963
0 0.68671875 0.7023148148148148 0.0328125 0.15833333333333333
0 0.6057291666666667 0.6685185185185185 0.017708333333333333 0.05555555555555555
0 0.8393229166666667 0.6277777777777778 0.018229166666666668 0.06666666666666667
0 0.34010416666666665 0.6828703703703703 0.01875 0.11944444444444445
0 0.5015625 0.7263888888888889 0.04479166666666667 0.2212962962962963
0 0.58046875 0.662962962962963 0.027604166666666666 0.10925925925925926
0 0.6533854166666667 0.7069444444444445 0.03697916666666667 0.175
0 0.6776041666666667 0.6481481481481481 0.021875 0.0962962962962963
0 0.4588541666666667 0.7175925925925926 0.04479166666666667 0.18703703703703703
0 0.509375 0.6574074074074074 0.020833333333333332 0.09074074074074075
0 0.5080729166666667 0.7046296296296296 0.0328125 0.16666666666666666
0 0.47708333333333336 0.7074074074074074 0.040625 0.16296296296296298
0 0.6473958333333333 0.6472222222222223 0.019791666666666666 0.08888888888888889
0 0.6197916666666666 0.6513888888888889 0.025 0.09166666666666666
