0 0.38255208333333335 0.6962962962962963 0.043229166666666666 0.1388888888888889
0 0.6322916666666667 0.6527777777777778 0.016666666666666666 0.09074074074074075
0 0.6643229166666667 0.6527777777777778 0.0203125 0.09814814814814815
0 0.5283854166666667 0.7148148148148148 0.0390625 0.2074074074074074
0 0.6861979166666666 0.7027777777777777 0.0328125 0.16296296296296298
0 0.6020833333333333 0.6685185185185185 0.017708333333333333 0.05555555555555555
0 0.8364583333333333 0.6273148148148148 0.01875 0.06759259259259259
0 0.33671875 0.6810185185185185 0.019270833333333334 0.11944444444444445
0 0.5028645833333333 0.7277777777777777 0.04635416666666667 0.22407407407407406
0 0.5783854166666667 0.662962962962963 0.027604166666666666 0.10925925925925926
0 0.6515625 0.7083333333333334 0.03854166666666667 0.17777777777777778
0 0.6760416666666667 0.6481481481481481 0.021875 0.0962962962962963
0 0.45729166666666665 0.7180555555555556 0.04583333333333333 0.18981481481481483
0 0.5057291666666667 0.6583333333333333 0.020833333333333332 0.09074074074074075
0 0.5013020833333334 0.7046296296296296 0.0328125 0.16666666666666666
0 0.46979166666666666 0.7074074074074074 0.040625 0.16296296296296298
0 0.6447916666666667 0.6472222222222223 0.019791666666666666 0.08888888888888889
0 0.615625 0.6509259259259259 0.025 0.09259259259259259
