0 0.328125 0.6967592592592593 0.042708333333333334 0.15648148148148147
0 0.6010416666666667 0.6518518518518519 0.016666666666666666 0.09074074074074075
0 0.6369791666666667 0.6518518518518519 0.020833333333333332 0.09814814814814815
0 0.5471354166666667 0.7245370370370371 0.0640625 0.23981481481481481
0 0.6950520833333333 0.7111111111111111 0.0390625 0.1925925925925926
0 0.5541666666666667 0.6731481481481482 0.017708333333333333 0.05
0 0.8026041666666667 0.6300925925925925 0.017708333333333333 0.06018518518518518
0 0.2872395833333333 0.6805555555555556 0.024479166666666666 0.12962962962962962
0 0.5059895833333333 0.7388888888888889 0.0640625 0.2611111111111111
0 0.55078125 0.6601851851851852 0.027604166666666666 0.10925925925925926
0 0.6393229166666666 0.7180555555555556 0.04739583333333333 0.21574074074074073
0 0.6546875 0.6481481481481481 0.021875 0.0962962962962963
0 0.440625 0.7333333333333333 0.059375 0.22777777777777777
0 0.4515625 0.6564814814814814 0.020833333333333332 0.09074074074074075
0 0.41796875 0.7064814814814815 0.0296875 0.17222222222222222
0 0.384375 0.7092592592592593 0.0375 0.16666666666666666
0 0.6145833333333334 0.649074074074074 0.019791666666666666 0.08888888888888889
0 0.5645833333333333 0.6541666666666667 0.025 0.09166666666666666
