0 0.32369791666666664 0.6967592592592593 0.043229166666666666 0.15833333333333333
0 0.5984375 0.6527777777777778 0.016666666666666666 0.09074074074074075
0 0.634375 0.6518518518518519 0.020833333333333332 0.09814814814814815
0 0.5484375 0.7273148148148149 0.06041666666666667 0.24351851851851852
0 0.6958333333333333 0.7129629629629629 0.040625 0.19444444444444445
0 0.55 0.6736111111111112 0.017708333333333333 0.05092592592592592
0 0.7994791666666666 0.6300925925925925 0.017708333333333333 0.06018518518518518
0 0.28177083333333336 0.6805555555555556 0.023958333333333335 0.13148148148148148
0 0.5072916666666667 0.7393518518518518 0.0625 0.2657407407407407
0 0.5486979166666667 0.6601851851851852 0.027604166666666666 0.10925925925925926
0 0.6375 0.7203703703703703 0.05 0.21666666666666667
0 0.6526041666666667 0.6476851851851851 0.021875 0.09537037037037037
0 0.44036458333333334 0.7324074074074074 0.05677083333333333 0.23703703703703705
0 0.446875 0.6555555555555556 0.020833333333333332 0.09074074074074075
0 0.41067708333333336 0.7064814814814815 0.0296875 0.17222222222222222
0 0.3776041666666667 0.7101851851851851 0.036458333333333336 0.16666666666666666
0 0.6119791666666666 0.649074074074074 0.019791666666666666 0.08888888888888889
0 0.5604166666666667 0.6550925925925926 0.025 0.09166666666666666
