0 0.3260416666666667 0.6962962962962963 0.042708333333333334 0.1574074074074074
0 0.6 0.6518518518518519 0.016666666666666666 0.09074074074074075
0 0.6359375 0.6518518518518519 0.020833333333333332 0.09814814814814815
0 0.5489583333333333 0.7268518518518519 0.0625 0.2388888888888889
0 0.6953125 0.711574074074074 0.03958333333333333 0.1935185185185185
0 0.5520833333333334 0.6736111111111112 0.017708333333333333 0.05092592592592592
0 0.8010416666666667 0.6300925925925925 0.017708333333333333 0.06018518518518518
0 0.28463541666666664 0.6800925925925926 0.024479166666666666 0.13055555555555556
0 0.5067708333333333 0.7393518518518518 0.06354166666666666 0.2638888888888889
0 0.5497395833333333 0.6601851851851852 0.027604166666666666 0.10925925925925926
0 0.63828125 0.7194444444444444 0.0484375 0.21666666666666667
0 0.6536458333333334 0.6481481481481481 0.021875 0.0962962962962963
0 0.44036458333333334 0.7328703703703704 0.0578125 0.2324074074074074
0 0.44947916666666665 0.6555555555555556 0.020833333333333332 0.09074074074074075
0 0.41432291666666665 0.7064814814814815 0.0296875 0.17222222222222222
0 0.3809895833333333 0.7092592592592593 0.03697916666666667 0.16666666666666666
0 0.6135416666666667 0.649074074074074 0.019791666666666666 0.08888888888888889
0 0.5625 0.6541666666666667 0.025 0.09166666666666666
