0 0.309375 0.700925925925926 0.04479166666666667 0.16296296296296298
0 0.5895833333333333 0.6537037037037037 0.016666666666666666 0.09074074074074075
0 0.628125 0.6518518518518519 0.020833333333333332 0.09814814814814815
0 0.54765625 0.7287037037037037 0.0546875 0.26481481481481484
0 0.7028645833333333 0.7138888888888889 0.03802083333333333 0.20555555555555555
0 0.5380208333333333 0.675 0.017708333333333333 0.05185185185185185
0 0.7901041666666667 0.6310185185185185 0.017708333333333333 0.06018518518518518
0 0.2671875 0.6828703703703703 0.026041666666666668 0.13796296296296295
0 0.50859375 0.7462962962962963 0.06822916666666666 0.2833333333333333
0 0.5424479166666667 0.6611111111111111 0.027604166666666666 0.10925925925925926
0 0.6403645833333333 0.7287037037037037 0.0484375 0.2222222222222222
0 0.6453125 0.6444444444444445 0.021875 0.09074074074074075
0 0.44296875 0.7356481481481482 0.0671875 0.25462962962962965
0 0.4328125 0.6555555555555556 0.020833333333333332 0.09074074074074075
0 0.38828125 0.7111111111111111 0.030729166666666665 0.1648148148148148
0 0.3572916666666667 0.712037037037037 0.034375 0.16666666666666666
0 0.6046875 0.65 0.019791666666666666 0.08888888888888889
0 0.5479166666666667 0.6550925925925926 0.025 0.09166666666666666
