0 0.24557291666666667 0.7106481481481481 0.049479166666666664 0.175
0 0.5635416666666667 0.6546296296296297 0.016666666666666666 0.09074074074074075
0 0.596875 0.6546296296296297 0.020833333333333332 0.09814814814814815
0 0.5880208333333333 0.7537037037037037 0.09270833333333334 0.31851851851851853
0 0.7421875 0.7328703703703704 0.04375 0.2490740740740741
0 0.484375 0.6773148148148148 0.017708333333333333 0.05277777777777778
0 0.7494791666666667 0.6375 0.016666666666666666 0.06018518518518518
0 0.21145833333333333 0.6925925925925925 0.03229166666666667 0.1537037037037037
0 0.5276041666666667 0.7814814814814814 0.08020833333333334 0.3592592592592593
0 0.5158854166666667 0.6657407407407407 0.027604166666666666 0.10925925925925926
0 0.6744791666666666 0.7532407407407408 0.06145833333333333 0.26944444444444443
0 0.6192708333333333 0.649074074074074 0.021875 0.08333333333333333
0 0.465625 0.7652777777777777 0.08125 0.31574074074074077
0 0.3796875 0.6643518518518519 0.020833333333333332 0.10462962962962963
0 0.30833333333333335 0.7060185185185185 0.0375 0.1638888888888889
0 0.2752604166666667 0.7037037037037037 0.03177083333333333 0.16111111111111112
0 0.5765625 0.6555555555555556 0.017708333333333333 0.08888888888888889
0 0.4942708333333333 0.6578703703703703 0.025 0.09166666666666666
