0 0.21666666666666667 0.7157407407407408 0.04791666666666667 0.17962962962962964
0 0.5520833333333334 0.6583333333333333 0.016666666666666666 0.09074074074074075
0 0.5776041666666667 0.6583333333333333 0.020833333333333332 0.09814814814814815
0 0.6299479166666667 0.7689814814814815 0.09114583333333333 0.3509259259259259
0 0.7755208333333333 0.7439814814814815 0.05416666666666667 0.275
0 0.4583333333333333 0.6842592592592592 0.017708333333333333 0.06111111111111111
0 0.728125 0.638425925925926 0.016666666666666666 0.06018518518518518
0 0.18776041666666668 0.700925925925926 0.03177083333333333 0.1648148148148148
0 0.56640625 0.7847222222222222 0.1046875 0.38425925925925924
0 0.50703125 0.6675925925925926 0.027604166666666666 0.10925925925925926
0 0.7138020833333333 0.7606481481481482 0.07135416666666666 0.29907407407407405
0 0.609375 0.65 0.021875 0.08333333333333333
0 0.5 0.7777777777777778 0.0875 0.35555555555555557
0 0.3541666666666667 0.6680555555555555 0.022916666666666665 0.10648148148148148
0 0.2703125 0.6981481481481482 0.0375 0.1648148148148148
0 0.23723958333333334 0.7037037037037037 0.03177083333333333 0.16111111111111112
0 0.5651041666666666 0.6555555555555556 0.017708333333333333 0.08888888888888889
0 0.46770833333333334 0.6615740740740741 0.025 0.09537037037037037
