0 0.20546875 0.7143518518518519 0.04739583333333333 0.18425925925925926
0 0.5479166666666667 0.6601851851851852 0.016666666666666666 0.09074074074074075
0 0.5729166666666666 0.6592592592592592 0.020833333333333332 0.09814814814814815
0 0.6466145833333333 0.762962962962963 0.08177083333333333 0.3574074074074074
0 0.7963541666666667 0.75 0.06666666666666667 0.2851851851851852
0 0.44635416666666666 0.6842592592592592 0.017708333333333333 0.06111111111111111
0 0.7197916666666667 0.6402777777777777 0.016666666666666666 0.06018518518518518
0 0.17682291666666666 0.6981481481481482 0.03177083333333333 0.1685185185185185
0 0.5794270833333334 0.7875 0.1078125 0.38981481481481484
0 0.5049479166666667 0.6675925925925926 0.027604166666666666 0.10925925925925926
0 0.734375 0.7620370370370371 0.05520833333333333 0.32407407407407407
0 0.6057291666666667 0.65 0.021875 0.08333333333333333
0 0.5221354166666666 0.7814814814814814 0.0921875 0.3611111111111111
0 0.34375 0.6689814814814815 0.023958333333333335 0.10648148148148148
0 0.2546875 0.6949074074074074 0.0375 0.1638888888888889
0 0.22057291666666667 0.700925925925926 0.03177083333333333 0.16111111111111112
0 0.5614583333333333 0.6546296296296297 0.017708333333333333 0.08888888888888889
0 0.4588541666666667 0.6648148148148149 0.025 0.1
