0 0.2109375 0.7143518518518519 0.04791666666666667 0.18055555555555555
0 0.55 0.6592592592592592 0.016666666666666666 0.09074074074074075
0 0.5755208333333334 0.6583333333333333 0.020833333333333332 0.09814814814814815
0 0.6380208333333334 0.7648148148148148 0.08541666666666667 0.3537037037037037
0 0.7861979166666667 0.7486111111111111 0.0453125 0.2824074074074074
0 0.45260416666666664 0.6842592592592592 0.017708333333333333 0.06111111111111111
0 0.7239583333333334 0.6393518518518518 0.016666666666666666 0.06018518518518518
0 0.18307291666666667 0.6990740740740741 0.03177083333333333 0.16666666666666666
0 0.575 0.7828703703703703 0.10520833333333333 0.38425925925925924
0 0.5059895833333333 0.6675925925925926 0.027604166666666666 0.10925925925925926
0 0.7223958333333333 0.7611111111111111 0.06041666666666667 0.30925925925925923
0 0.6078125 0.65 0.021875 0.08333333333333333
0 0.5106770833333333 0.7805555555555556 0.09427083333333333 0.35555555555555557
0 0.34921875 0.6689814814814815 0.0234375 0.10648148148148148
0 0.26197916666666665 0.6953703703703704 0.0375 0.1648148148148148
0 0.22890625 0.7018518518518518 0.03177083333333333 0.16111111111111112
0 0.5630208333333333 0.6555555555555556 0.017708333333333333 0.08888888888888889
0 0.4630208333333333 0.663425925925926 0.025 0.09722222222222222
