0 0.15859375 0.712037037037037 0.05364583333333333 0.1925925925925926
0 0.5380208333333333 0.6587962962962963 0.016666666666666666 0.08055555555555556
0 0.7416666666666667 0.7722222222222223 0.07083333333333333 0.39814814814814814
0 0.8940104166666667 0.7611111111111111 0.0609375 0.3314814814814815
0 0.40208333333333335 0.6861111111111111 0.017708333333333333 0.06111111111111111
0 0.6911458333333333 0.6439814814814815 0.016666666666666666 0.06018518518518518
0 0.16796875 0.7032407407407407 0.024479166666666666 0.18055555555555555
0 0.71328125 0.7888888888888889 0.1078125 0.4203703703703704
0 0.48880208333333336 0.6703703703703704 0.027604166666666666 0.10925925925925926
0 0.821875 0.7805555555555556 0.06354166666666666 0.3648148148148148
0 0.5932291666666667 0.6527777777777778 0.021875 0.08333333333333333
0 0.6265625 0.7921296296296296 0.103125 0.4083333333333333
0 0.3078125 0.6652777777777777 0.023958333333333335 0.10648148148148148
0 0.19140625 0.687962962962963 0.03697916666666667 0.15555555555555556
0 0.15703125 0.6921296296296297 0.03177083333333333 0.15462962962962962
0 0.5526041666666667 0.6555555555555556 0.017708333333333333 0.08518518518518518
0 0.41822916666666665 0.6652777777777777 0.025 0.10277777777777777
