0 0.15208333333333332 0.7125 0.051041666666666666 0.1935185185185185
0 0.5375 0.6587962962962963 0.016666666666666666 0.08055555555555556
0 0.7588541666666667 0.774537037037037 0.06666666666666667 0.4046296296296296
0 0.91171875 0.7689814814814815 0.08697916666666666 0.33240740740740743
0 0.39479166666666665 0.6851851851851852 0.017708333333333333 0.06111111111111111
0 0.6864583333333333 0.6449074074074074 0.016666666666666666 0.06018518518518518
0 0.16666666666666666 0.7050925925925926 0.023958333333333335 0.18425925925925926
0 0.7440104166666667 0.7847222222222222 0.10885416666666667 0.4287037037037037
0 0.48723958333333334 0.6731481481481482 0.027604166666666666 0.10925925925925926
0 0.8447916666666667 0.7805555555555556 0.07083333333333333 0.37592592592592594
0 0.5921875 0.6527777777777778 0.021875 0.08333333333333333
0 0.6578125 0.7967592592592593 0.10833333333333334 0.4046296296296296
0 0.3020833333333333 0.6662037037037037 0.023958333333333335 0.10648148148148148
0 0.17942708333333332 0.6837962962962963 0.034895833333333334 0.15833333333333333
0 0.14505208333333333 0.6902777777777778 0.03177083333333333 0.1527777777777778
0 0.5515625 0.6555555555555556 0.017708333333333333 0.08518518518518518
0 0.4125 0.6652777777777777 0.025 0.10277777777777777
