0 0.16145833333333334 0.711574074074074 0.05416666666666667 0.1935185185185185
0 0.5385416666666667 0.6583333333333333 0.016666666666666666 0.08148148148148149
0 0.7338541666666667 0.7717592592592593 0.07083333333333333 0.39537037037037037
0 0.88203125 0.7606481481481482 0.0578125 0.33055555555555555
0 0.40520833333333334 0.6851851851851852 0.017708333333333333 0.06111111111111111
0 0.6932291666666667 0.6439814814814815 0.016666666666666666 0.06018518518518518
0 0.16796875 0.7037037037037037 0.024479166666666666 0.17962962962962964
0 0.6984375 0.7902777777777777 0.10729166666666666 0.41759259259259257
0 0.48932291666666666 0.6694444444444444 0.027604166666666666 0.10925925925925926
0 0.8130208333333333 0.7814814814814814 0.071875 0.3592592592592593
0 0.59375 0.6518518518518519 0.021875 0.08333333333333333
0 0.6130208333333333 0.7861111111111111 0.09479166666666666 0.39814814814814814
0 0.3104166666666667 0.6652777777777777 0.023958333333333335 0.10648148148148148
0 0.19609375 0.6902777777777778 0.03802083333333333 0.15462962962962962
0 0.16223958333333333 0.6921296296296297 0.03177083333333333 0.15462962962962962
0 0.553125 0.6546296296296297 0.017708333333333333 0.08518518518518518
0 0.4203125 0.6652777777777777 0.025 0.10277777777777777
