0 0.14296875 0.7101851851851851 0.049479166666666664 0.19444444444444445
0 0.5380208333333333 0.6569444444444444 0.016666666666666666 0.08055555555555556
0 0.7880208333333333 0.7782407407407408 0.0625 0.41574074074074074
0 0.9518229166666666 0.7662037037037037 0.06614583333333333 0.3527777777777778
0 0.38385416666666666 0.6833333333333333 0.017708333333333333 0.06111111111111111
0 0.6807291666666667 0.6458333333333334 0.016666666666666666 0.06018518518518518
0 0.16510416666666666 0.7032407407407407 0.0375 0.1935185185185185
0 0.7872395833333333 0.7805555555555556 0.10885416666666667 0.43703703703703706
0 0.4861979166666667 0.6712962962962963 0.027604166666666666 0.10925925925925926
0 0.8833333333333333 0.7814814814814814 0.075 0.37592592592592594
0 0.5921875 0.6527777777777778 0.021875 0.08333333333333333
0 0.7080729166666667 0.7893518518518519 0.1140625 0.41944444444444445
0 0.29583333333333334 0.6643518518518519 0.023958333333333335 0.10648148148148148
0 0.16067708333333333 0.6819444444444445 0.033854166666666664 0.15833333333333333
0 0.12682291666666667 0.687962962962963 0.03177083333333333 0.15
0 0.5510416666666667 0.6564814814814814 0.017708333333333333 0.08518518518518518
0 0.4036458333333333 0.6652777777777777 0.025 0.10277777777777777
