0 0.1453125 0.7106481481481481 0.04895833333333333 0.19537037037037036
0 0.5375 0.6578703703703703 0.016666666666666666 0.08055555555555556
0 0.7807291666666667 0.7768518518518519 0.06354166666666666 0.412962962962963
0 0.940625 0.7662037037037037 0.06666666666666667 0.35462962962962963
0 0.38645833333333335 0.6842592592592592 0.017708333333333333 0.06111111111111111
0 0.6817708333333333 0.6458333333333334 0.016666666666666666 0.06018518518518518
0 0.16614583333333333 0.7027777777777777 0.035416666666666666 0.1925925925925926
0 0.775 0.7810185185185186 0.109375 0.4361111111111111
0 0.4861979166666667 0.6712962962962963 0.027604166666666666 0.10925925925925926
0 0.865625 0.7814814814814814 0.07916666666666666 0.37592592592592594
0 0.5921875 0.6527777777777778 0.021875 0.08333333333333333
0 0.6953125 0.7939814814814815 0.1125 0.4101851851851852
0 0.29739583333333336 0.6643518518518519 0.023958333333333335 0.10648148148148148
0 0.16458333333333333 0.6819444444444445 0.034375 0.15833333333333333
0 0.13046875 0.6884259259259259 0.03177083333333333 0.15092592592592594
0 0.5510416666666667 0.6564814814814814 0.017708333333333333 0.08518518518518518
0 0.40520833333333334 0.6652777777777777 0.025 0.10277777777777777
