0 0.11432291666666666 0.7083333333333334 0.0546875 0.2
0 0.5390625 0.6550925925925926 0.016666666666666666 0.0787037037037037
0 0.88515625 0.7791666666666667 0.06614583333333333 0.4398148148148148
0 0.35625 0.6851851851851852 0.017708333333333333 0.06111111111111111
0 0.6640625 0.6449074074074074 0.016666666666666666 0.06018518518518518
0 0.15104166666666666 0.7055555555555556 0.035416666666666666 0.2
0 0.68359375 0.6467592592592593 0.0140625 0.05092592592592592
0 0.9533854166666667 0.7726851851851851 0.06822916666666666 0.4527777777777778
0 0.4861979166666667 0.6685185185185185 0.027604166666666666 0.10925925925925926
0 0.9802083333333333 0.7773148148148148 0.03854166666666667 0.38425925925925924
0 0.8760416666666667 0.7800925925925926 0.11458333333333333 0.43796296296296294
0 0.27291666666666664 0.6625 0.023958333333333335 0.10648148148148148
0 0.10703125 0.6759259259259259 0.0296875 0.14444444444444443
0 0.08359375 0.6810185185185185 0.028645833333333332 0.14351851851851852
0 0.5515625 0.6555555555555556 0.017708333333333333 0.08518518518518518
0 0.375 0.6662037037037037 0.025 0.10277777777777777
