0 0.05286458333333333 0.7037037037037037 0.0546875 0.21296296296296297
0 0.5239583333333333 0.6481481481481481 0.016666666666666666 0.07777777777777778
0 0.9723958333333333 0.7731481481481481 0.05416666666666667 0.45185185185185184
0 0.3033854166666667 0.6824074074074075 0.021354166666666667 0.06666666666666667
0 0.6307291666666667 0.638425925925926 0.016666666666666666 0.06018518518518518
0 0.08984375 0.7018518518518518 0.0390625 0.2111111111111111
0 0.65625 0.6402777777777777 0.016666666666666666 0.05092592592592592
0 0.46171875 0.6597222222222222 0.027604166666666666 0.10833333333333334
0 0.22447916666666667 0.6564814814814814 0.023958333333333335 0.11666666666666667
0 0.037760416666666664 0.663425925925926 0.0296875 0.13425925925925927
0 0.011979166666666667 0.6662037037037037 0.023958333333333335 0.14907407407407408
0 0.5380208333333333 0.6462962962962963 0.017708333333333333 0.08518518518518518
0 0.3216145833333333 0.6597222222222222 0.027604166666666666 0.11388888888888889
