0 0.05520833333333333 0.7041666666666667 0.05416666666666667 0.21203703703703702
0 0.525 0.6481481481481481 0.016666666666666666 0.07777777777777778
0 0.9713541666666666 0.7726851851851851 0.05625 0.4527777777777778
0 0.3059895833333333 0.6828703703703703 0.021354166666666667 0.06574074074074074
0 0.6322916666666667 0.638425925925926 0.016666666666666666 0.06018518518518518
0 0.09296875 0.7013888888888888 0.0390625 0.2101851851851852
0 0.6572916666666667 0.6402777777777777 0.016666666666666666 0.05092592592592592
0 0.4627604166666667 0.6601851851851852 0.027604166666666666 0.10925925925925926
0 0.2265625 0.6574074074074074 0.023958333333333335 0.11666666666666667
0 0.040364583333333336 0.663425925925926 0.0296875 0.13425925925925927
0 0.012239583333333333 0.6671296296296296 0.024479166666666666 0.14907407407407408
0 0.5385416666666667 0.6462962962962963 0.017708333333333333 0.08518518518518518
0 0.32421875 0.6597222222222222 0.027604166666666666 0.11388888888888889
