0 0.05807291666666667 0.7041666666666667 0.05364583333333333 0.21203703703703702
0 0.5255208333333333 0.6476851851851851 0.016666666666666666 0.07685185185185185
0 0.9703125 0.7722222222222223 0.058333333333333334 0.4537037037037037
0 0.30859375 0.6828703703703703 0.021354166666666667 0.06574074074074074
0 0.6338541666666667 0.638425925925926 0.016666666666666666 0.06018518518518518
0 0.09557291666666666 0.7023148148148148 0.0390625 0.2101851851851852
0 0.6583333333333333 0.6402777777777777 0.016666666666666666 0.05092592592592592
0 0.46432291666666664 0.6601851851851852 0.027604166666666666 0.10925925925925926
0 0.228125 0.6569444444444444 0.023958333333333335 0.11574074074074074
0 0.04296875 0.6643518518518519 0.0296875 0.13425925925925927
0 0.0140625 0.6680555555555555 0.025 0.14907407407407408
0 0.5395833333333333 0.6472222222222223 0.017708333333333333 0.08518518518518518
0 0.3263020833333333 0.6597222222222222 0.027604166666666666 0.11388888888888889
