0 0.032552083333333336 0.7032407407407407 0.05364583333333333 0.2175925925925926
0 0.5166666666666667 0.6449074074074074 0.016666666666666666 0.07685185185185185
0 0.28619791666666666 0.6810185185185185 0.022395833333333334 0.06944444444444445
0 0.621875 0.638425925925926 0.016666666666666666 0.06018518518518518
0 0.07135416666666666 0.6990740740740741 0.0375 0.21851851851851853
0 0.45078125 0.6555555555555556 0.027604166666666666 0.1037037037037037
0 0.9799479166666667 0.6129629629629629 0.015104166666666667 0.06296296296296296
0 0.20989583333333334 0.6546296296296297 0.023958333333333335 0.12037037037037036
0 0.018229166666666668 0.6578703703703703 0.020833333333333332 0.1287037037037037
0 0.5307291666666667 0.6453703703703704 0.017708333333333333 0.08518518518518518
0 0.30390625 0.6597222222222222 0.027604166666666666 0.11574074074074074
