0 0.5361979166666667 0.6884259259259259 0.0234375 0.08425925925925926
0 0.778125 0.6814814814814815 0.020833333333333332 0.10185185185185185
0 0.5346354166666667 0.6902777777777778 0.015104166666666667 0.08055555555555556
0 0.1390625 0.6518518518518519 0.015625 0.06851851851851852
0 0.7901041666666667 0.6837962962962963 0.017708333333333333 0.09722222222222222
0 0.3859375 0.6847222222222222 0.028125 0.10277777777777777
0 0.26666666666666666 0.6564814814814814 0.010416666666666666 0.037037037037037035
0 0.4505208333333333 0.687037037037037 0.025 0.09444444444444444
0 0.528125 0.6680555555555555 0.011458333333333333 0.04537037037037037
0 0.5643229166666667 0.6791666666666667 0.018229166666666668 0.06759259259259259
