0 0.5447916666666667 0.6888888888888889 0.026041666666666668 0.1
0 0.8463541666666666 0.674074074074074 0.022916666666666665 0.11666666666666667
0 0.5361979166666667 0.687962962962963 0.027604166666666666 0.0962962962962963
0 0.10572916666666667 0.649537037037037 0.013541666666666667 0.0712962962962963
0 0.8575520833333333 0.675 0.0203125 0.10925925925925926
0 0.40182291666666664 0.687037037037037 0.04010416666666667 0.1259259259259259
0 0.25833333333333336 0.6541666666666667 0.010416666666666666 0.03796296296296296
0 0.5942708333333333 0.6620370370370371 0.011458333333333333 0.04814814814814815
0 0.2125 0.6476851851851851 0.010416666666666666 0.04351851851851852
0 0.47239583333333335 0.6888888888888889 0.029166666666666667 0.10925925925925926
0 0.534375 0.6662037037037037 0.011458333333333333 0.041666666666666664
0 0.5807291666666666 0.6763888888888889 0.01875 0.075
0 0.20494791666666667 0.649537037037037 0.011979166666666667 0.04351851851851852
0 0.5481770833333334 0.663425925925926 0.011979166666666667 0.04537037037037037
