0 0.5453125 0.6907407407407408 0.020833333333333332 0.10925925925925926
0 0.884375 0.6773148148148148 0.022916666666666665 0.12685185185185185
0 0.5380208333333333 0.6907407407407408 0.025 0.1037037037037037
0 0.0890625 0.6513888888888889 0.016666666666666666 0.06759259259259259
0 0.8979166666666667 0.6787037037037037 0.021875 0.11481481481481481
0 0.4127604166666667 0.6902777777777778 0.0296875 0.1361111111111111
0 0.25364583333333335 0.6518518518518519 0.010416666666666666 0.040740740740740744
0 0.59921875 0.6625 0.011979166666666667 0.049074074074074076
0 0.20833333333333334 0.6486111111111111 0.010416666666666666 0.04351851851851852
0 0.48854166666666665 0.6921296296296297 0.026041666666666668 0.1175925925925926
0 0.5359375 0.6657407407407407 0.011458333333333333 0.040740740740740744
0 0.5903645833333333 0.6773148148148148 0.019270833333333334 0.08055555555555556
0 0.19973958333333333 0.649537037037037 0.011979166666666667 0.04351851851851852
0 0.55078125 0.6597222222222222 0.011979166666666667 0.04537037037037037
