0 0.5450520833333333 0.6907407407407408 0.021354166666666667 0.1111111111111111
0 0.8921875 0.6763888888888889 0.022916666666666665 0.12685185185185185
0 0.5385416666666667 0.6902777777777778 0.023958333333333335 0.10462962962962963
0 0.08619791666666667 0.65 0.016145833333333335 0.06851851851851852
0 0.9067708333333333 0.6773148148148148 0.021875 0.11574074074074074
0 0.41458333333333336 0.6902777777777778 0.027083333333333334 0.13796296296296295
0 0.253125 0.6509259259259259 0.010416666666666666 0.040740740740740744
0 0.5997395833333333 0.662962962962963 0.011979166666666667 0.05
0 0.20729166666666668 0.6486111111111111 0.010416666666666666 0.04351851851851852
0 0.49192708333333335 0.6921296296296297 0.0265625 0.11944444444444445
0 0.5359375 0.6657407407407407 0.011458333333333333 0.040740740740740744
0 0.5919270833333333 0.6777777777777778 0.019270833333333334 0.08148148148148149
0 0.19921875 0.649537037037037 0.011979166666666667 0.04351851851851852
0 0.5513020833333333 0.6597222222222222 0.011979166666666667 0.04537037037037037
