0 0.5317708333333333 0.6990740740740741 0.03958333333333333 0.16666666666666666
0 0.5239583333333333 0.6995370370370371 0.040625 0.1527777777777778
0 0.5002604166666667 0.7125 0.05364583333333333 0.21203703703703702
0 0.23177083333333334 0.6509259259259259 0.011458333333333333 0.05185185185185185
0 0.77890625 0.6981481481481482 0.0234375 0.09259259259259259
0 0.6234375 0.6657407407407407 0.014583333333333334 0.05555555555555555
0 0.8166666666666667 0.6888888888888889 0.026041666666666668 0.1037037037037037
0 0.18333333333333332 0.6513888888888889 0.010416666666666666 0.05277777777777778
0 0.59453125 0.7087962962962963 0.04739583333333333 0.18796296296296297
0 0.7888020833333333 0.6643518518518519 0.015104166666666667 0.06574074074074074
0 0.553125 0.6615740740740741 0.011458333333333333 0.04537037037037037
0 0.6453125 0.6907407407407408 0.023958333333333335 0.10925925925925926
0 0.17734375 0.65 0.013020833333333334 0.05185185185185185
0 0.56796875 0.6615740740740741 0.011979166666666667 0.04537037037037037
