0 0.53046875 0.6986111111111111 0.03697916666666667 0.17314814814814813
0 0.5234375 0.700462962962963 0.0375 0.15648148148148147
0 0.5065104166666666 0.7125 0.0515625 0.21574074074074073
0 0.23125 0.6504629629629629 0.011458333333333333 0.05092592592592592
0 0.7828125 0.6976851851851852 0.023958333333333335 0.09351851851851851
0 0.6239583333333333 0.6657407407407407 0.014583333333333334 0.05555555555555555
0 0.8205729166666667 0.6884259259259259 0.0265625 0.10462962962962963
0 0.18229166666666666 0.6518518518518519 0.010416666666666666 0.053703703703703705
0 0.5997395833333333 0.7092592592592593 0.0484375 0.19074074074074074
0 0.7908854166666667 0.6643518518518519 0.015104166666666667 0.06574074074074074
0 0.5536458333333333 0.6615740740740741 0.011458333333333333 0.04537037037037037
0 0.6473958333333333 0.6912037037037037 0.023958333333333335 0.11018518518518519
0 0.17682291666666666 0.6504629629629629 0.013020833333333334 0.05277777777777778
0 0.5684895833333333 0.6615740740740741 0.011979166666666667 0.04537037037037037
