0 0.5328125 0.6990740740740741 0.041666666666666664 0.16111111111111112
0 0.5252604166666667 0.7 0.044270833333333336 0.15
0 0.4942708333333333 0.7129629629629629 0.05625 0.2074074074074074
0 0.2328125 0.6481481481481481 0.011458333333333333 0.046296296296296294
0 0.77578125 0.6981481481481482 0.0234375 0.09259259259259259
0 0.6223958333333334 0.6657407407407407 0.014583333333333334 0.05555555555555555
0 0.8135416666666667 0.6888888888888889 0.026041666666666668 0.10185185185185185
0 0.184375 0.6518518518518519 0.010416666666666666 0.05185185185185185
0 0.58984375 0.7078703703703704 0.04635416666666667 0.18611111111111112
0 0.7861979166666667 0.6638888888888889 0.015104166666666667 0.06481481481481481
0 0.5520833333333334 0.6615740740740741 0.011458333333333333 0.04537037037037037
0 0.6427083333333333 0.6902777777777778 0.023958333333333335 0.10833333333333334
0 0.17838541666666666 0.6504629629629629 0.013020833333333334 0.05092592592592592
0 0.5674479166666667 0.6625 0.011979166666666667 0.04537037037037037
