0 0.5119791666666667 0.7111111111111111 0.06354166666666666 0.18703703703703703
0 0.5075520833333333 0.7106481481481481 0.044270833333333336 0.16944444444444445
0 0.5513020833333333 0.7263888888888889 0.08177083333333333 0.25092592592592594
0 0.22421875 0.6481481481481481 0.011979166666666667 0.046296296296296294
0 0.8138020833333334 0.7037037037037037 0.025520833333333333 0.10185185185185185
0 0.6317708333333333 0.6666666666666666 0.015625 0.05740740740740741
0 0.853125 0.6884259259259259 0.028125 0.11388888888888889
0 0.17552083333333332 0.65 0.010416666666666666 0.05740740740740741
0 0.65 0.725462962962963 0.05625 0.225
0 0.8106770833333333 0.6652777777777777 0.015104166666666667 0.06759259259259259
0 0.5567708333333333 0.663425925925926 0.011458333333333333 0.04537037037037037
0 0.66875 0.6921296296296297 0.023958333333333335 0.12129629629629629
0 0.17057291666666666 0.649537037037037 0.0140625 0.06018518518518518
0 0.5731770833333333 0.6662037037037037 0.011979166666666667 0.04537037037037037
