0 0.5169270833333334 0.7050925925925926 0.059895833333333336 0.1824074074074074
0 0.5145833333333333 0.7069444444444445 0.03333333333333333 0.1638888888888889
0 0.5395833333333333 0.7194444444444444 0.07395833333333333 0.23703703703703705
0 0.22682291666666668 0.649074074074074 0.011979166666666667 0.04814814814814815
0 0.8036458333333333 0.7013888888888888 0.025 0.09907407407407408
0 0.62890625 0.6666666666666666 0.015104166666666667 0.05740740740740741
0 0.8419270833333333 0.687037037037037 0.027604166666666666 0.1111111111111111
0 0.17760416666666667 0.649074074074074 0.010416666666666666 0.05740740740740741
0 0.6302083333333334 0.7199074074074074 0.05625 0.2101851851851852
0 0.80390625 0.6648148148148149 0.015104166666666667 0.06666666666666667
0 0.55625 0.6625 0.011458333333333333 0.04537037037037037
0 0.6619791666666667 0.6884259259259259 0.023958333333333335 0.1175925925925926
0 0.17265625 0.649537037037037 0.0140625 0.058333333333333334
0 0.5716145833333334 0.6606481481481481 0.011979166666666667 0.04537037037037037
