0 0.5223958333333333 0.700925925925926 0.04583333333333333 0.18333333333333332
0 0.5174479166666667 0.7037037037037037 0.03177083333333333 0.16296296296296298
0 0.52890625 0.7152777777777778 0.059895833333333336 0.23055555555555557
0 0.22838541666666667 0.649537037037037 0.011979166666666667 0.049074074074074076
0 0.7966145833333333 0.700462962962963 0.024479166666666666 0.09722222222222222
0 0.62734375 0.6662037037037037 0.015104166666666667 0.05648148148148148
0 0.8348958333333333 0.687962962962963 0.027083333333333334 0.10925925925925926
0 0.1796875 0.649074074074074 0.010416666666666666 0.05740740740740741
0 0.6200520833333333 0.7152777777777778 0.05364583333333333 0.20277777777777778
0 0.7997395833333333 0.6648148148148149 0.015104166666666667 0.06666666666666667
0 0.5557291666666667 0.6625 0.011458333333333333 0.04537037037037037
0 0.6567708333333333 0.6865740740740741 0.023958333333333335 0.11574074074074074
0 0.17395833333333333 0.6504629629629629 0.013541666666666667 0.05648148148148148
0 0.5705729166666667 0.6643518518518519 0.011979166666666667 0.04537037037037037
