0 0.4434895833333333 0.737037037037037 0.049479166666666664 0.25
0 0.45208333333333334 0.7291666666666666 0.0625 0.23425925925925925
0 0.7236979166666667 0.7689814814814815 0.07447916666666667 0.3675925925925926
0 0.20677083333333332 0.6583333333333333 0.014583333333333334 0.06111111111111111
0 0.8885416666666667 0.7203703703703703 0.029166666666666667 0.12222222222222222
0 0.6502604166666667 0.6689814814814815 0.0171875 0.062037037037037036
0 0.93515625 0.7018518518518518 0.03177083333333333 0.13333333333333333
0 0.15833333333333333 0.6564814814814814 0.010416666666666666 0.06111111111111111
0 0.82890625 0.763425925925926 0.07864583333333333 0.3175925925925926
0 0.85546875 0.6694444444444444 0.015104166666666667 0.06851851851851852
0 0.5614583333333333 0.6717592592592593 0.011458333333333333 0.04537037037037037
0 0.7315104166666667 0.7134259259259259 0.028645833333333332 0.15462962962962962
0 0.14661458333333333 0.6578703703703703 0.013020833333333334 0.06388888888888888
0 0.58203125 0.6717592592592593 0.011979166666666667 0.04537037037037037
