0 0.40546875 0.7472222222222222 0.08802083333333334 0.2759259259259259
0 0.4171875 0.7375 0.065625 0.262037037037037
0 0.8075520833333333 0.7782407407407408 0.1109375 0.4064814814814815
0 0.19973958333333333 0.6546296296296297 0.015104166666666667 0.06296296296296296
0 0.9161458333333333 0.7236111111111111 0.028125 0.12685185185185185
0 0.6552083333333333 0.6694444444444444 0.017708333333333333 0.06296296296296296
0 0.9622395833333334 0.7037037037037037 0.0328125 0.14444444444444443
0 0.14895833333333333 0.6569444444444444 0.013541666666666667 0.06574074074074074
0 0.8997395833333334 0.7828703703703703 0.09635416666666667 0.3472222222222222
0 0.8690104166666667 0.6703703703703704 0.015104166666666667 0.06851851851851852
0 0.5625 0.6736111111111112 0.011458333333333333 0.04537037037037037
0 0.7510416666666667 0.7157407407407408 0.03229166666666667 0.16111111111111112
0 0.13984375 0.6560185185185186 0.013020833333333334 0.06388888888888888
0 0.58359375 0.6689814814814815 0.013020833333333334 0.04722222222222222
