0 0.4328125 0.7393518518518518 0.053125 0.25833333333333336
0 0.4434895833333333 0.7310185185185185 0.058854166666666666 0.24351851851851852
0 0.7473958333333334 0.7712962962962963 0.07708333333333334 0.3814814814814815
0 0.20494791666666667 0.6583333333333333 0.015104166666666667 0.06111111111111111
0 0.8963541666666667 0.7217592592592592 0.029166666666666667 0.12314814814814815
0 0.6515625 0.6694444444444444 0.017708333333333333 0.06296296296296296
0 0.9432291666666667 0.7018518518518518 0.03229166666666667 0.13703703703703704
0 0.15625 0.6555555555555556 0.010416666666666666 0.06111111111111111
0 0.84921875 0.7680555555555556 0.08697916666666666 0.3287037037037037
0 0.8596354166666667 0.6694444444444444 0.015104166666666667 0.06851851851851852
0 0.5614583333333333 0.6717592592592593 0.011458333333333333 0.04537037037037037
0 0.73828125 0.7148148148148148 0.0296875 0.15925925925925927
0 0.14453125 0.6569444444444444 0.013020833333333334 0.06388888888888888
0 0.5828125 0.6699074074074074 0.0125 0.04537037037037037
