0 0.4153645833333333 0.7444444444444445 0.08072916666666667 0.26851851851851855
0 0.42682291666666666 0.7356481481481482 0.058854166666666666 0.2564814814814815
0 0.7848958333333333 0.7768518518518519 0.1 0.4
0 0.20182291666666666 0.6560185185185186 0.015104166666666667 0.062037037037037036
0 0.9080729166666667 0.7226851851851852 0.028645833333333332 0.125
0 0.6536458333333334 0.6694444444444444 0.017708333333333333 0.06296296296296296
0 0.9544270833333334 0.7023148148148148 0.0328125 0.14351851851851852
0 0.15208333333333332 0.6564814814814814 0.013541666666666667 0.06481481481481481
0 0.8770833333333333 0.7754629629629629 0.096875 0.3435185185185185
0 0.8653645833333333 0.6703703703703704 0.015104166666666667 0.06851851851851852
0 0.5625 0.6726851851851852 0.011458333333333333 0.04537037037037037
0 0.7432291666666667 0.7143518518518519 0.03125 0.15648148148148147
0 0.14140625 0.6560185185185186 0.013020833333333334 0.06388888888888888
0 0.5830729166666667 0.6694444444444444 0.013020833333333334 0.046296296296296294
