0 0.36223958333333334 0.7518518518518519 0.06302083333333333 0.31851851851851853
0 0.3846354166666667 0.7416666666666667 0.07447916666666667 0.28888888888888886
0 0.91796875 0.7800925925925926 0.13072916666666667 0.4361111111111111
0 0.190625 0.6601851851851852 0.015625 0.05925925925925926
0 0.9479166666666666 0.7268518518518519 0.026041666666666668 0.13148148148148148
0 0.6604166666666667 0.6694444444444444 0.017708333333333333 0.06296296296296296
0 0.13802083333333334 0.6574074074074074 0.013541666666666667 0.06851851851851852
0 0.9828125 0.7824074074074074 0.03333333333333333 0.4074074074074074
0 0.88515625 0.6722222222222223 0.015104166666666667 0.06851851851851852
0 0.7822916666666667 0.7212962962962963 0.036458333333333336 0.1814814814814815
0 0.13020833333333334 0.6550925925925926 0.0125 0.06574074074074074
0 0.5848958333333333 0.6694444444444444 0.013541666666666667 0.05
