0 0.3765625 0.7518518518518519 0.071875 0.3055555555555556
0 0.3927083333333333 0.7416666666666667 0.08333333333333333 0.2777777777777778
0 0.88828125 0.7796296296296297 0.14114583333333333 0.4351851851851852
0 0.19322916666666667 0.6597222222222222 0.015625 0.06018518518518518
0 0.9403645833333333 0.7263888888888889 0.0265625 0.13055555555555556
0 0.659375 0.6694444444444444 0.017708333333333333 0.06296296296296296
0 0.140625 0.6569444444444444 0.013541666666666667 0.06759259259259259
0 0.96796875 0.7800925925925926 0.0578125 0.4064814814814815
0 0.8809895833333333 0.6712962962962963 0.015104166666666667 0.06851851851851852
0 0.7744791666666667 0.7194444444444444 0.035416666666666666 0.17592592592592593
0 0.13333333333333333 0.6546296296296297 0.0125 0.06481481481481481
0 0.584375 0.6689814814814815 0.013541666666666667 0.049074074074074076
