0 0.3294270833333333 0.7578703703703704 0.0921875 0.3416666666666667
0 0.35859375 0.7449074074074075 0.0640625 0.31203703703703706
0 0.97265625 0.7810185185185186 0.05364583333333333 0.4361111111111111
0 0.18411458333333333 0.6606481481481481 0.016145833333333335 0.06018518518518518
0 0.9640625 0.7287037037037037 0.025 0.13333333333333333
0 0.6630208333333333 0.6703703703703704 0.017708333333333333 0.06296296296296296
0 0.13333333333333333 0.6532407407407408 0.013541666666666667 0.06944444444444445
0 0.8942708333333333 0.6726851851851852 0.015625 0.06944444444444445
0 0.7973958333333333 0.7240740740740741 0.03854166666666667 0.19074074074074074
0 0.12395833333333334 0.6546296296296297 0.0125 0.06666666666666667
0 0.5872395833333334 0.6717592592592593 0.011979166666666667 0.05092592592592592
