0 0.30833333333333335 0.6305555555555555 0.020833333333333332 0.08148148148148149
0 0.62265625 0.5837962962962963 0.013020833333333334 0.058333333333333334
0 0.12395833333333334 0.6430555555555556 0.019791666666666666 0.08611111111111111
0 0.5890625 0.5884259259259259 0.011458333333333333 0.04722222222222222
0 0.15703125 0.625 0.016145833333333335 0.05185185185185185
0 0.6348958333333333 0.5828703703703704 0.011458333333333333 0.04537037037037037
0 0.09322916666666667 0.6393518518518518 0.01875 0.0787037037037037
0 0.25677083333333334 0.6199074074074075 0.0125 0.058333333333333334
0 0.2484375 0.6162037037037037 0.01875 0.06574074074074074
0 0.2875 0.6375 0.029166666666666667 0.062037037037037036
0 0.6684895833333333 0.5833333333333334 0.018229166666666668 0.07777777777777778
0 0.60546875 0.5861111111111111 0.0109375 0.05
