0 0.30755208333333334 0.6314814814814815 0.021354166666666667 0.07962962962962963
0 0.6205729166666667 0.5856481481481481 0.013020833333333334 0.058333333333333334
0 0.12864583333333332 0.6439814814814815 0.019791666666666666 0.08611111111111111
0 0.5888020833333333 0.5902777777777778 0.011979166666666667 0.04722222222222222
0 0.1625 0.6259259259259259 0.014583333333333334 0.05
0 0.6328125 0.5851851851851851 0.011458333333333333 0.044444444444444446
0 0.09791666666666667 0.6393518518518518 0.01875 0.0787037037037037
0 0.2515625 0.6162037037037037 0.01875 0.06574074074074074
0 0.2908854166666667 0.6356481481481482 0.027604166666666666 0.06018518518518518
0 0.6674479166666667 0.5842592592592593 0.0171875 0.07592592592592592
0 0.6041666666666666 0.587037037037037 0.010416666666666666 0.05185185185185185
