0 0.31354166666666666 0.6296296296296297 0.021875 0.09444444444444444
0 0.63515625 0.5791666666666667 0.013020833333333334 0.058333333333333334
0 0.09609375 0.6453703703703704 0.0265625 0.09814814814814815
0 0.59296875 0.587037037037037 0.0109375 0.053703703703703705
0 0.1265625 0.6259259259259259 0.017708333333333333 0.06111111111111111
0 0.6481770833333333 0.5800925925925926 0.011979166666666667 0.058333333333333334
0 0.06744791666666666 0.6407407407407407 0.021354166666666667 0.09444444444444444
0 0.23541666666666666 0.6199074074074075 0.0125 0.06018518518518518
0 0.225 0.6162037037037037 0.01875 0.0712962962962963
0 0.2677083333333333 0.6462962962962963 0.0375 0.05740740740740741
0 0.675 0.5814814814814815 0.019791666666666666 0.08148148148148149
0 0.6122395833333333 0.5824074074074074 0.0140625 0.05
