0 0.31276041666666665 0.6300925925925925 0.021354166666666667 0.09351851851851851
0 0.63359375 0.5791666666666667 0.013020833333333334 0.058333333333333334
0 0.09869791666666666 0.6453703703703704 0.0265625 0.09814814814814815
0 0.5924479166666666 0.586574074074074 0.0109375 0.05277777777777778
0 0.12916666666666668 0.625462962962963 0.017708333333333333 0.06018518518518518
0 0.6473958333333333 0.5824074074074074 0.011458333333333333 0.05555555555555555
0 0.06979166666666667 0.6402777777777777 0.020833333333333332 0.09166666666666666
0 0.2375 0.6185185185185185 0.0125 0.06111111111111111
0 0.22760416666666666 0.6166666666666667 0.01875 0.07037037037037037
0 0.26979166666666665 0.6462962962962963 0.0375 0.05740740740740741
0 0.6744791666666666 0.5814814814814815 0.019791666666666666 0.08148148148148149
0 0.6111979166666667 0.5819444444444445 0.0140625 0.049074074074074076
