0 0.3263020833333333 0.637962962962963 0.022395833333333334 0.10185185185185185
0 0.6528645833333333 0.5875 0.013020833333333334 0.058333333333333334
0 0.06458333333333334 0.6444444444444445 0.022916666666666665 0.09814814814814815
0 0.5971354166666667 0.5907407407407408 0.0109375 0.046296296296296294
0 0.08880208333333334 0.6287037037037037 0.016145833333333335 0.06481481481481481
0 0.29375 0.6106481481481482 0.010416666666666666 0.04722222222222222
0 0.6653645833333334 0.5884259259259259 0.013020833333333334 0.05092592592592592
0 0.03802083333333333 0.6449074074074074 0.021875 0.09907407407407408
0 0.21276041666666667 0.6231481481481481 0.015104166666666667 0.06851851851851852
0 0.2015625 0.6194444444444445 0.01875 0.07222222222222222
0 0.24713541666666666 0.6449074074074074 0.034895833333333334 0.08055555555555556
0 0.6854166666666667 0.5888888888888889 0.019791666666666666 0.08148148148148149
0 0.30859375 0.6092592592592593 0.013020833333333334 0.044444444444444446
0 0.6197916666666666 0.5842592592592593 0.013541666666666667 0.044444444444444446
