0 0.3299479166666667 0.6388888888888888 0.0234375 0.10740740740740741
0 0.6596354166666667 0.5875 0.013020833333333334 0.058333333333333334
0 0.05260416666666667 0.6458333333333334 0.022916666666666665 0.10277777777777777
0 0.5984375 0.5935185185185186 0.010416666666666666 0.044444444444444446
0 0.071875 0.6291666666666667 0.017708333333333333 0.06759259259259259
0 0.2890625 0.6134259259259259 0.010416666666666666 0.04722222222222222
0 0.6729166666666667 0.5893518518518519 0.0125 0.05277777777777778
0 0.027083333333333334 0.6472222222222223 0.021875 0.10185185185185185
0 0.20755208333333333 0.6268518518518519 0.015104166666666667 0.06666666666666667
0 0.19270833333333334 0.6189814814814815 0.01875 0.07314814814814814
0 0.23359375 0.6453703703703704 0.025520833333333333 0.09259259259259259
0 0.6880208333333333 0.5907407407407408 0.019791666666666666 0.08148148148148149
0 0.30494791666666665 0.6101851851851852 0.013020833333333334 0.044444444444444446
0 0.62109375 0.5884259259259259 0.011979166666666667 0.04537037037037037
