0 0.33515625 0.6416666666666667 0.0265625 0.1111111111111111
0 0.6653645833333334 0.5907407407407408 0.013020833333333334 0.06111111111111111
0 0.04296875 0.6472222222222223 0.0234375 0.10740740740740741
0 0.5994791666666667 0.5949074074074074 0.0125 0.04351851851851852
0 0.05963541666666667 0.6300925925925925 0.0171875 0.06944444444444445
0 0.28489583333333335 0.6162037037037037 0.010416666666666666 0.04722222222222222
0 0.678125 0.5907407407407408 0.011458333333333333 0.05555555555555555
0 0.019791666666666666 0.6476851851851851 0.020833333333333332 0.10462962962962963
0 0.20286458333333332 0.6305555555555555 0.015104166666666667 0.06666666666666667
0 0.18463541666666666 0.6231481481481481 0.019270833333333334 0.07592592592592592
0 0.22213541666666667 0.6449074074074074 0.024479166666666666 0.10092592592592593
0 0.68828125 0.5930555555555556 0.0203125 0.08425925925925926
0 0.30130208333333336 0.6138888888888889 0.013020833333333334 0.044444444444444446
0 0.6236979166666666 0.5907407407407408 0.013020833333333334 0.046296296296296294
