0 0.33359375 0.6412037037037037 0.025520833333333333 0.11018518518518519
0 0.66328125 0.5893518518518519 0.013020833333333334 0.06018518518518518
0 0.04609375 0.6462962962962963 0.0234375 0.10555555555555556
0 0.5994791666666667 0.5939814814814814 0.0125 0.04351851851851852
0 0.06354166666666666 0.6296296296296297 0.017708333333333333 0.06851851851851852
0 0.2859375 0.6152777777777778 0.010416666666666666 0.04722222222222222
0 0.6768229166666667 0.5902777777777778 0.011979166666666667 0.05462962962962963
0 0.022135416666666668 0.6481481481481481 0.021354166666666667 0.1037037037037037
0 0.20494791666666667 0.6291666666666667 0.015104166666666667 0.06574074074074074
0 0.18776041666666668 0.6217592592592592 0.019270833333333334 0.075
0 0.23151041666666666 0.6449074074074074 0.025520833333333333 0.09722222222222222
0 0.6880208333333333 0.5925925925925926 0.019791666666666666 0.08333333333333333
0 0.30234375 0.6129629629629629 0.013020833333333334 0.044444444444444446
0 0.6229166666666667 0.5898148148148148 0.0125 0.046296296296296294
