0 0.34739583333333335 0.6476851851851851 0.03333333333333333 0.11944444444444445
0 0.6768229166666667 0.5967592592592592 0.0140625 0.06759259259259259
0 0.5763020833333333 0.5939814814814814 0.013020833333333334 0.05277777777777778
0 0.029166666666666667 0.649074074074074 0.023958333333333335 0.1111111111111111
0 0.5994791666666667 0.5962962962962963 0.011458333333333333 0.04259259259259259
0 0.03463541666666667 0.638425925925926 0.015104166666666667 0.0712962962962963
0 0.2760416666666667 0.6152777777777778 0.010416666666666666 0.04722222222222222
0 0.6908854166666667 0.5930555555555556 0.015104166666666667 0.06018518518518518
0 0.00859375 0.6472222222222223 0.0171875 0.10925925925925926
0 0.18984375 0.6328703703703704 0.015104166666666667 0.0712962962962963
0 0.16822916666666668 0.6314814814814815 0.020833333333333332 0.08148148148148149
0 0.20807291666666666 0.65 0.0234375 0.10925925925925926
0 0.6901041666666666 0.6018518518518519 0.023958333333333335 0.09814814814814815
0 0.29296875 0.6212962962962963 0.013020833333333334 0.046296296296296294
0 0.628125 0.5944444444444444 0.015625 0.05
