0 0.34479166666666666 0.6467592592592593 0.03229166666666667 0.1175925925925926
0 0.67578125 0.5967592592592592 0.013020833333333334 0.06759259259259259
0 0.5747395833333333 0.5935185185185186 0.013020833333333334 0.053703703703703705
0 0.03125 0.649074074074074 0.023958333333333335 0.1111111111111111
0 0.5986979166666667 0.5949074074074074 0.0109375 0.041666666666666664
0 0.03958333333333333 0.6398148148148148 0.014583333333333334 0.07222222222222222
0 0.27760416666666665 0.6162037037037037 0.010416666666666666 0.04722222222222222
0 0.6888020833333334 0.5925925925925926 0.0140625 0.05925925925925926
0 0.009114583333333334 0.6472222222222223 0.018229166666666668 0.10925925925925926
0 0.19192708333333333 0.6324074074074074 0.015104166666666667 0.07037037037037037
0 0.17083333333333334 0.6314814814814815 0.020833333333333332 0.08148148148148149
0 0.21015625 0.649537037037037 0.0296875 0.10833333333333334
0 0.68984375 0.600462962962963 0.0234375 0.09537037037037037
0 0.29453125 0.6208333333333333 0.013020833333333334 0.04537037037037037
0 0.6278645833333333 0.5944444444444444 0.0140625 0.04814814814814815
