0 0.34036458333333336 0.6444444444444445 0.0296875 0.11481481481481481
0 0.6705729166666666 0.5939814814814814 0.013020833333333334 0.06388888888888888
0 0.035416666666666666 0.6481481481481481 0.023958333333333335 0.1111111111111111
0 0.59921875 0.5944444444444444 0.011979166666666667 0.04259259259259259
0 0.05182291666666667 0.637962962962963 0.015104166666666667 0.07222222222222222
0 0.28125 0.6171296296296296 0.010416666666666666 0.04722222222222222
0 0.68359375 0.5921296296296297 0.011979166666666667 0.058333333333333334
0 0.014322916666666666 0.6472222222222223 0.019270833333333334 0.10740740740740741
0 0.19765625 0.6314814814814815 0.015104166666666667 0.06851851851851852
0 0.17786458333333333 0.6273148148148148 0.0203125 0.0787037037037037
0 0.21588541666666666 0.6481481481481481 0.027604166666666666 0.10925925925925926
0 0.6890625 0.5962962962962963 0.021875 0.08888888888888889
0 0.29765625 0.6175925925925926 0.013020833333333334 0.044444444444444446
0 0.6260416666666667 0.5930555555555556 0.013541666666666667 0.04722222222222222
