0 0.3541666666666667 0.649537037037037 0.026041666666666668 0.13240740740740742
0 0.68359375 0.5976851851851852 0.015104166666666667 0.06759259259259259
0 0.5799479166666667 0.5976851851851852 0.013020833333333334 0.049074074074074076
0 0.0234375 0.6509259259259259 0.023958333333333335 0.1111111111111111
0 0.6026041666666667 0.5990740740740741 0.0125 0.046296296296296294
0 0.2708333333333333 0.6157407407407407 0.010416666666666666 0.04814814814814815
0 0.6981770833333333 0.5944444444444444 0.0171875 0.06111111111111111
0 0.0067708333333333336 0.6472222222222223 0.013541666666666667 0.10925925925925926
0 0.18333333333333332 0.637962962962963 0.014583333333333334 0.07037037037037037
0 0.16041666666666668 0.6324074074074074 0.020833333333333332 0.08148148148148149
0 0.20104166666666667 0.6541666666666667 0.03125 0.11203703703703703
0 0.6921875 0.6027777777777777 0.023958333333333335 0.09814814814814815
0 0.28880208333333335 0.6236111111111111 0.013020833333333334 0.049074074074074076
0 0.6302083333333334 0.5944444444444444 0.015625 0.05
