0 0.39010416666666664 0.6759259259259259 0.040625 0.15925925925925927
0 0.7127604166666667 0.6199074074074075 0.015104166666666667 0.06759259259259259
0 0.5927083333333333 0.6134259259259259 0.013541666666666667 0.05277777777777778
0 0.6106770833333334 0.625 0.0140625 0.05925925925925926
0 0.25677083333333334 0.637962962962963 0.014583333333333334 0.05185185185185185
0 0.7234375 0.6138888888888889 0.016666666666666666 0.06296296296296296
0 0.16171875 0.6564814814814814 0.016145833333333335 0.07962962962962963
0 0.13854166666666667 0.6486111111111111 0.020833333333333332 0.09351851851851851
0 0.19609375 0.6842592592592592 0.033854166666666664 0.13148148148148148
0 0.7010416666666667 0.6203703703703703 0.023958333333333335 0.09814814814814815
0 0.2752604166666667 0.6375 0.013020833333333334 0.05092592592592592
0 0.63984375 0.612037037037037 0.011979166666666667 0.053703703703703705
0 0.18463541666666666 0.6467592592592593 0.0109375 0.06018518518518518
