0 0.37734375 0.6689814814814815 0.03177083333333333 0.14351851851851852
0 0.7028645833333333 0.6078703703703704 0.015104166666666667 0.06759259259259259
0 0.5877604166666667 0.6129629629629629 0.013020833333333334 0.04814814814814815
0 0.6083333333333333 0.6171296296296296 0.014583333333333334 0.05092592592592592
0 0.2609375 0.6337962962962963 0.011458333333333333 0.049074074074074076
0 0.7135416666666666 0.6087962962962963 0.014583333333333334 0.06018518518518518
0 0.16927083333333334 0.6518518518518519 0.014583333333333334 0.07222222222222222
0 0.14583333333333334 0.6439814814814815 0.020833333333333332 0.08981481481481482
0 0.19739583333333333 0.674074074074074 0.03229166666666667 0.12777777777777777
0 0.6979166666666666 0.6129629629629629 0.023958333333333335 0.09814814814814815
0 0.2794270833333333 0.6347222222222222 0.013020833333333334 0.05092592592592592
0 0.63515625 0.6064814814814815 0.0109375 0.05
0 0.18828125 0.6439814814814815 0.0109375 0.06018518518518518
