0 0.38229166666666664 0.6722222222222223 0.03854166666666667 0.14814814814814814
0 0.7065104166666667 0.611574074074074 0.015104166666666667 0.06759259259259259
0 0.5895833333333333 0.6138888888888889 0.013541666666666667 0.05
0 0.6091145833333333 0.6208333333333333 0.015104166666666667 0.05092592592592592
0 0.259375 0.6351851851851852 0.0125 0.05
0 0.7174479166666666 0.6111111111111112 0.015104166666666667 0.06111111111111111
0 0.16640625 0.6532407407407408 0.015104166666666667 0.075
0 0.14375 0.6467592592592593 0.020833333333333332 0.09166666666666666
0 0.19791666666666666 0.674537037037037 0.030208333333333334 0.12685185185185185
0 0.6989583333333333 0.6166666666666667 0.023958333333333335 0.09814814814814815
0 0.27786458333333336 0.6365740740740741 0.013020833333333334 0.05092592592592592
0 0.6369791666666667 0.6078703703703704 0.011458333333333333 0.05092592592592592
0 0.18671875 0.6449074074074074 0.0109375 0.06018518518518518
