0 0.434375 0.6722222222222223 0.041666666666666664 0.18703703703703703
0 0.7356770833333334 0.6064814814814815 0.018229166666666668 0.06851851851851852
0 0.6028645833333334 0.6087962962962963 0.0140625 0.058333333333333334
0 0.6130208333333333 0.6083333333333333 0.014583333333333334 0.05925925925925926
0 0.24479166666666666 0.6259259259259259 0.016666666666666666 0.053703703703703705
0 0.7484375 0.6074074074074074 0.013541666666666667 0.06481481481481481
0 0.14765625 0.6421296296296296 0.016145833333333335 0.08425925925925926
0 0.1171875 0.6365740740740741 0.020833333333333332 0.09351851851851851
0 0.19895833333333332 0.6694444444444444 0.041666666666666664 0.14629629629629629
0 0.7067708333333333 0.6111111111111112 0.023958333333333335 0.09814814814814815
0 0.26484375 0.6277777777777778 0.0140625 0.053703703703703705
0 0.64609375 0.6027777777777777 0.011979166666666667 0.05
0 0.17109375 0.6282407407407408 0.0109375 0.06018518518518518
