0 0.45755208333333336 0.6657407407407407 0.04114583333333333 0.20185185185185187
0 0.746875 0.600462962962963 0.020833333333333332 0.0712962962962963
0 0.6106770833333334 0.600462962962963 0.0140625 0.06018518518518518
0 0.61484375 0.6032407407407407 0.015104166666666667 0.058333333333333334
0 0.2390625 0.6134259259259259 0.016666666666666666 0.05462962962962963
0 0.7604166666666666 0.6023148148148149 0.015625 0.06944444444444445
0 0.140625 0.6324074074074074 0.01875 0.08703703703703704
0 0.10625 0.624537037037037 0.020833333333333332 0.09351851851851851
0 0.20520833333333333 0.6611111111111111 0.0375 0.15925925925925927
0 0.7109375 0.6046296296296296 0.023958333333333335 0.09814814814814815
0 0.2591145833333333 0.6166666666666667 0.0140625 0.05555555555555555
0 0.6484375 0.5925925925925926 0.015625 0.05
0 0.16458333333333333 0.6199074074074075 0.011458333333333333 0.062037037037037036
