0 0.6114583333333333 0.6912037037037037 0.08229166666666667 0.2861111111111111
0 0.7989583333333333 0.5981481481481481 0.020833333333333332 0.08703703703703704
0 0.63203125 0.5976851851851852 0.0140625 0.06759259259259259
0 0.6221354166666667 0.5981481481481481 0.015104166666666667 0.05185185185185185
0 0.21614583333333334 0.6 0.020833333333333332 0.06851851851851852
0 0.8140625 0.600462962962963 0.020833333333333332 0.09722222222222222
0 0.10390625 0.6212962962962963 0.021354166666666667 0.09259259259259259
0 0.06927083333333334 0.6152777777777778 0.020833333333333332 0.12129629629629629
0 0.23880208333333333 0.649537037037037 0.0578125 0.1935185185185185
0 0.7119791666666667 0.5976851851851852 0.023958333333333335 0.10277777777777777
0 0.23411458333333332 0.6041666666666666 0.0140625 0.05648148148148148
0 0.6565104166666667 0.5916666666666667 0.011979166666666667 0.05185185185185185
0 0.13697916666666668 0.6069444444444444 0.017708333333333333 0.0712962962962963
