0 0.6786458333333333 0.711574074074074 0.090625 0.3194444444444444
0 0.8169270833333333 0.6023148148148149 0.022395833333333334 0.09537037037037037
0 0.6395833333333333 0.5986111111111111 0.014583333333333334 0.06759259259259259
0 0.6216145833333333 0.6083333333333333 0.0140625 0.05555555555555555
0 0.20625 0.611574074074074 0.016666666666666666 0.06944444444444445
0 0.83125 0.6074074074074074 0.01875 0.0962962962962963
0 0.09609375 0.6328703703703704 0.0234375 0.08796296296296297
0 0.0578125 0.6310185185185185 0.020833333333333332 0.11944444444444445
0 0.2643229166666667 0.6694444444444444 0.06614583333333333 0.21481481481481482
0 0.709375 0.6023148148148149 0.023958333333333335 0.10277777777777777
0 0.22526041666666666 0.6143518518518518 0.0140625 0.058333333333333334
0 0.6559895833333333 0.6027777777777777 0.011979166666666667 0.053703703703703705
0 0.125 0.6199074074074075 0.017708333333333333 0.0712962962962963
