0 0.6674479166666667 0.7106481481481481 0.08697916666666666 0.31203703703703706
0 0.81484375 0.5990740740740741 0.0234375 0.09444444444444444
0 0.6390625 0.5986111111111111 0.014583333333333334 0.06759259259259259
0 0.6216145833333333 0.6060185185185185 0.0140625 0.05462962962962963
0 0.20729166666666668 0.6106481481481482 0.016666666666666666 0.06944444444444445
0 0.82890625 0.6064814814814815 0.019270833333333334 0.0962962962962963
0 0.09765625 0.6319444444444444 0.0234375 0.08796296296296297
0 0.059375 0.6296296296296297 0.020833333333333332 0.12037037037037036
0 0.26197916666666665 0.6671296296296296 0.0625 0.21203703703703702
0 0.7088541666666667 0.6013888888888889 0.023958333333333335 0.10277777777777777
0 0.22682291666666668 0.612037037037037 0.0140625 0.05740740740740741
0 0.6559895833333333 0.6 0.011979166666666667 0.053703703703703705
0 0.12708333333333333 0.6180555555555556 0.017708333333333333 0.0712962962962963
