0 0.6622395833333333 0.7092592592592593 0.08489583333333334 0.3111111111111111
0 0.8140625 0.5981481481481481 0.023958333333333335 0.09444444444444444
0 0.63828125 0.5986111111111111 0.0140625 0.06759259259259259
0 0.6216145833333333 0.6060185185185185 0.0140625 0.05462962962962963
0 0.20833333333333334 0.6092592592592593 0.016666666666666666 0.06851851851851852
0 0.82734375 0.6055555555555555 0.019270833333333334 0.0962962962962963
0 0.09817708333333333 0.6310185185185185 0.0234375 0.08796296296296297
0 0.059895833333333336 0.6287037037037037 0.020833333333333332 0.12037037037037036
0 0.26067708333333334 0.6662037037037037 0.059895833333333336 0.2101851851851852
0 0.7088541666666667 0.600462962962963 0.023958333333333335 0.10277777777777777
0 0.22734375 0.612037037037037 0.0140625 0.05740740740740741
0 0.6559895833333333 0.5990740740740741 0.011979166666666667 0.053703703703703705
0 0.128125 0.6171296296296296 0.017708333333333333 0.0712962962962963
