0 0.6546875 0.7032407407407407 0.08229166666666667 0.30833333333333335
0 0.8109375 0.5972222222222222 0.023958333333333335 0.09444444444444444
0 0.63671875 0.5986111111111111 0.0140625 0.06759259259259259
0 0.621875 0.6037037037037037 0.014583333333333334 0.053703703703703705
0 0.20963541666666666 0.6074074074074074 0.0171875 0.06851851851851852
0 0.825 0.6046296296296296 0.019791666666666666 0.0962962962962963
0 0.09947916666666666 0.6287037037037037 0.022916666666666665 0.08888888888888889
0 0.06145833333333333 0.6263888888888889 0.020833333333333332 0.12129629629629629
0 0.25416666666666665 0.662962962962963 0.0625 0.2074074074074074
0 0.7088541666666667 0.5995370370370371 0.023958333333333335 0.10277777777777777
0 0.22890625 0.6101851851851852 0.0140625 0.05740740740740741
0 0.6559895833333333 0.5972222222222222 0.011979166666666667 0.053703703703703705
0 0.13020833333333334 0.6152777777777778 0.017708333333333333 0.0712962962962963
