0 0.7614583333333333 0.7194444444444444 0.08229166666666667 0.3425925925925926
0 0.8322916666666667 0.6078703703703704 0.020833333333333332 0.09537037037037037
0 0.6453125 0.5995370370370371 0.016666666666666666 0.06944444444444445
0 0.6216145833333333 0.6074074074074074 0.015104166666666667 0.053703703703703705
0 0.1984375 0.6226851851851852 0.016666666666666666 0.07314814814814814
0 0.8481770833333333 0.6078703703703704 0.0171875 0.09166666666666666
0 0.08541666666666667 0.6402777777777777 0.021875 0.09166666666666666
0 0.050520833333333334 0.6416666666666667 0.020833333333333332 0.11666666666666667
0 0.29401041666666666 0.6782407407407407 0.0546875 0.23055555555555557
0 0.26875 0.625 0.015625 0.053703703703703705
0 0.24661458333333333 0.6268518518518519 0.0140625 0.04814814814814815
0 0.7104166666666667 0.6078703703703704 0.023958333333333335 0.10277777777777777
0 0.2171875 0.6291666666666667 0.014583333333333334 0.0787037037037037
0 0.6552083333333333 0.6083333333333333 0.0125 0.053703703703703705
0 0.115625 0.6310185185185185 0.017708333333333333 0.0712962962962963
