0 0.86015625 0.725 0.08385416666666666 0.3648148148148148
0 0.8453125 0.6050925925925926 0.023958333333333335 0.10092592592592593
0 0.6510416666666666 0.600925925925926 0.01875 0.07037037037037037
0 0.6234375 0.6060185185185185 0.014583333333333334 0.05277777777777778
0 0.18958333333333333 0.6273148148148148 0.016666666666666666 0.07314814814814814
0 0.8625 0.6097222222222223 0.01875 0.09351851851851851
0 0.078125 0.6449074074074074 0.021875 0.10092592592592593
0 0.04739583333333333 0.6444444444444445 0.020833333333333332 0.11666666666666667
0 0.31588541666666664 0.6847222222222222 0.0703125 0.24351851851851852
0 0.265625 0.625 0.0125 0.053703703703703705
0 0.28463541666666664 0.6171296296296296 0.011979166666666667 0.04351851851851852
0 0.24088541666666666 0.6268518518518519 0.0140625 0.04814814814814815
0 0.7057291666666666 0.6106481481481482 0.023958333333333335 0.10277777777777777
0 0.20963541666666666 0.6291666666666667 0.015104166666666667 0.07685185185185185
0 0.6544270833333333 0.6064814814814815 0.013020833333333334 0.053703703703703705
0 0.10963541666666667 0.6361111111111111 0.018229166666666668 0.07407407407407407
