0 0.8846354166666667 0.6106481481481482 0.03177083333333333 0.11944444444444445
0 0.66015625 0.6074074074074074 0.0203125 0.08518518518518518
0 0.6283854166666667 0.6092592592592593 0.0140625 0.05185185185185185
0 0.90234375 0.6171296296296296 0.021354166666666667 0.11203703703703703
0 0.06927083333333334 0.6435185185185185 0.019791666666666666 0.10185185185185185
0 0.04583333333333333 0.6361111111111111 0.020833333333333332 0.11666666666666667
0 0.4125 0.6958333333333333 0.08541666666666667 0.2824074074074074
0 0.25807291666666665 0.625 0.0109375 0.053703703703703705
0 0.2794270833333333 0.6152777777777778 0.011979166666666667 0.04351851851851852
0 0.22630208333333332 0.6277777777777778 0.0140625 0.04814814814814815
0 0.6973958333333333 0.6134259259259259 0.023958333333333335 0.10277777777777777
0 0.18697916666666667 0.6296296296296297 0.016666666666666666 0.07592592592592592
0 0.64765625 0.6087962962962963 0.011979166666666667 0.05092592592592592
0 0.09270833333333334 0.6314814814814815 0.019791666666666666 0.08148148148148149
