0 0.8893229166666666 0.6106481481481482 0.03177083333333333 0.12129629629629629
0 0.66640625 0.6069444444444444 0.018229166666666668 0.08425925925925926
0 0.6278645833333333 0.6101851851851852 0.0140625 0.05185185185185185
0 0.90625 0.6162037037037037 0.020833333333333332 0.11388888888888889
0 0.06875 0.6425925925925926 0.019791666666666666 0.1037037037037037
0 0.04479166666666667 0.6361111111111111 0.020833333333333332 0.11666666666666667
0 0.42682291666666666 0.6972222222222222 0.0828125 0.28888888888888886
0 0.2578125 0.625 0.010416666666666666 0.053703703703703705
0 0.2794270833333333 0.6152777777777778 0.011979166666666667 0.04351851851851852
0 0.22473958333333333 0.6277777777777778 0.0140625 0.04814814814814815
0 0.6958333333333333 0.6134259259259259 0.023958333333333335 0.10277777777777777
0 0.18463541666666666 0.6291666666666667 0.0171875 0.07685185185185185
0 0.6466145833333333 0.6078703703703704 0.011979166666666667 0.05092592592592592
0 0.09010416666666667 0.6314814814814815 0.019791666666666666 0.08148148148148149
