0 0.9013020833333333 0.6092592592592593 0.03177083333333333 0.12777777777777777
0 0.6684895833333333 0.6064814814814815 0.0171875 0.08148148148148149
0 0.6270833333333333 0.6106481481481482 0.014583333333333334 0.05277777777777778
0 0.9171875 0.6152777777777778 0.020833333333333332 0.1175925925925926
0 0.24557291666666667 0.6226851851851852 0.011979166666666667 0.05277777777777778
0 0.06979166666666667 0.6425925925925926 0.020833333333333332 0.1037037037037037
0 0.041666666666666664 0.6351851851851852 0.020833333333333332 0.11666666666666667
0 0.4588541666666667 0.7 0.08125 0.3037037037037037
0 0.25625 0.6231481481481481 0.013541666666666667 0.053703703703703705
0 0.27890625 0.6152777777777778 0.011979166666666667 0.04351851851851852
0 0.22005208333333334 0.6277777777777778 0.0140625 0.04814814814814815
0 0.6932291666666667 0.6111111111111112 0.023958333333333335 0.1
0 0.17916666666666667 0.6291666666666667 0.019791666666666666 0.0824074074074074
0 0.6455729166666667 0.6074074074074074 0.013020833333333334 0.05185185185185185
0 0.08229166666666667 0.6305555555555555 0.019791666666666666 0.08148148148148149
