0 0.91796875 0.6055555555555555 0.03177083333333333 0.14074074074074075
0 0.6729166666666667 0.6023148148148149 0.016666666666666666 0.08055555555555556
0 0.6278645833333333 0.6041666666666666 0.016145833333333335 0.058333333333333334
0 0.93515625 0.6083333333333333 0.021354166666666667 0.11851851851851852
0 0.24244791666666668 0.6217592592592592 0.011979166666666667 0.05277777777777778
0 0.07109375 0.6435185185185185 0.021354166666666667 0.10185185185185185
0 0.03802083333333333 0.637962962962963 0.020833333333333332 0.11666666666666667
0 0.50625 0.7037037037037037 0.08229166666666667 0.3277777777777778
0 0.27630208333333334 0.6152777777777778 0.011979166666666667 0.04351851851851852
0 0.21223958333333334 0.6277777777777778 0.0140625 0.04814814814814815
0 0.690625 0.6064814814814815 0.023958333333333335 0.09259259259259259
0 0.17109375 0.6361111111111111 0.0203125 0.08333333333333333
0 0.6453125 0.6013888888888889 0.013541666666666667 0.05092592592592592
0 0.0765625 0.6333333333333333 0.019791666666666666 0.08148148148148149
