0 0.38125 0.3800925925925926 0.010416666666666666 0.04351851851851852
0 0.57109375 0.387037037037037 0.0296875 0.14444444444444443
0 0.28151041666666665 0.37916666666666665 0.0067708333333333336 0.023148148148148147
0 0.4234375 0.37546296296296294 0.008333333333333333 0.030555555555555555
0 0.5434895833333333 0.3925925925925926 0.025520833333333333 0.12962962962962962
0 0.41328125 0.37037037037037035 0.0109375 0.04259259259259259
0 0.43776041666666665 0.37222222222222223 0.011979166666666667 0.05555555555555555
0 0.3640625 0.37962962962962965 0.005208333333333333 0.025925925925925925
0 0.49583333333333335 0.37592592592592594 0.016666666666666666 0.08148148148148149
0 0.415625 0.37592592592592594 0.00625 0.027777777777777776
