0 0.3807291666666667 0.37916666666666665 0.010416666666666666 0.04351851851851852
0 0.55 0.3888888888888889 0.030208333333333334 0.13518518518518519
0 0.2799479166666667 0.37962962962962965 0.005729166666666666 0.022222222222222223
0 0.41770833333333335 0.37453703703703706 0.010416666666666666 0.030555555555555555
0 0.5252604166666667 0.3907407407407407 0.024479166666666666 0.12037037037037036
0 0.40625 0.37175925925925923 0.010416666666666666 0.03796296296296296
0 0.4296875 0.37453703703703706 0.0125 0.049074074074074076
0 0.36302083333333335 0.3800925925925926 0.005208333333333333 0.025
0 0.48125 0.3763888888888889 0.014583333333333334 0.07685185185185185
0 0.4122395833333333 0.375 0.005729166666666666 0.025925925925925925
