0 0.38125 0.37962962962962965 0.010416666666666666 0.044444444444444446
0 0.53984375 0.38935185185185184 0.030729166666666665 0.13055555555555556
0 0.2791666666666667 0.37962962962962965 0.005208333333333333 0.022222222222222223
0 0.415625 0.37407407407407406 0.010416666666666666 0.02962962962962963
0 0.5158854166666667 0.3902777777777778 0.0234375 0.11574074074074074
0 0.40286458333333336 0.37175925925925923 0.009895833333333333 0.03611111111111111
0 0.42578125 0.37546296296296294 0.013020833333333334 0.04537037037037037
0 0.3625 0.38101851851851853 0.005208333333333333 0.025
0 0.47421875 0.3768518518518518 0.0140625 0.07407407407407407
0 0.41067708333333336 0.37407407407407406 0.005729166666666666 0.024074074074074074
