0 0.38177083333333334 0.38101851851851853 0.010416666666666666 0.04351851851851852
0 0.6013020833333333 0.3939814814814815 0.033854166666666664 0.15648148148148147
0 0.28359375 0.38055555555555554 0.0067708333333333336 0.024074074074074074
0 0.4283854166666667 0.37546296296296294 0.0078125 0.030555555555555555
0 0.5705729166666667 0.3958333333333333 0.025520833333333333 0.14166666666666666
0 0.425 0.3731481481481482 0.011458333333333333 0.044444444444444446
0 0.45078125 0.375 0.013020833333333334 0.05925925925925926
0 0.3651041666666667 0.3819444444444444 0.005208333333333333 0.028703703703703703
0 0.5192708333333333 0.3787037037037037 0.019791666666666666 0.09074074074074075
0 0.43411458333333336 0.36898148148148147 0.005729166666666666 0.026851851851851852
0 0.41875 0.3773148148148148 0.00625 0.030555555555555555
