0 0.38229166666666664 0.38101851851851853 0.010416666666666666 0.04351851851851852
0 0.61953125 0.39675925925925926 0.03697916666666667 0.16203703703703703
0 0.28411458333333334 0.38101851851851853 0.0067708333333333336 0.025
0 0.4309895833333333 0.3763888888888889 0.0078125 0.030555555555555555
0 0.58671875 0.39814814814814814 0.0265625 0.14814814814814814
0 0.4315104166666667 0.375 0.011979166666666667 0.046296296296296294
0 0.45859375 0.3768518518518518 0.0140625 0.06111111111111111
0 0.3658854166666667 0.3824074074074074 0.005729166666666666 0.02962962962962963
0 0.5328125 0.38101851851851853 0.020833333333333332 0.09722222222222222
0 0.43645833333333334 0.37083333333333335 0.00625 0.028703703703703703
0 0.42109375 0.37824074074074077 0.0067708333333333336 0.032407407407407406
