0 0.3815104166666667 0.3814814814814815 0.0109375 0.046296296296296294
0 0.6494791666666667 0.4023148148148148 0.03125 0.17685185185185184
0 0.28541666666666665 0.3824074074074074 0.00625 0.027777777777777776
0 0.4348958333333333 0.3768518518518518 0.007291666666666667 0.03148148148148148
0 0.6138020833333333 0.4046296296296296 0.03177083333333333 0.1574074074074074
0 0.44166666666666665 0.3768518518518518 0.0125 0.05185185185185185
0 0.471875 0.3800925925925926 0.01875 0.06574074074074074
0 0.36666666666666664 0.3851851851851852 0.00625 0.02962962962962963
0 0.5557291666666667 0.3851851851851852 0.020833333333333332 0.1111111111111111
0 0.43984375 0.3731481481481482 0.0067708333333333336 0.03148148148148148
0 0.425 0.3824074074074074 0.009375 0.037037037037037035
