0 0.28958333333333336 0.40185185185185185 0.03333333333333333 0.10555555555555556
0 0.621875 0.3638888888888889 0.013541666666666667 0.046296296296296294
0 0.24427083333333333 0.38101851851851853 0.010416666666666666 0.05277777777777778
0 0.13229166666666667 0.3851851851851852 0.010416666666666666 0.05185185185185185
0 0.4739583333333333 0.3814814814814815 0.014583333333333334 0.06296296296296296
0 0.3015625 0.40370370370370373 0.03229166666666667 0.09259259259259259
0 0.32864583333333336 0.3875 0.0125 0.04537037037037037
0 0.19244791666666666 0.38333333333333336 0.0109375 0.053703703703703705
0 0.4552083333333333 0.37453703703703706 0.011458333333333333 0.05462962962962963
0 0.46953125 0.38472222222222224 0.011979166666666667 0.058333333333333334
