0 0.2515625 0.5527777777777778 0.011458333333333333 0.03888888888888889
0 0.8791666666666667 0.5398148148148149 0.01875 0.08888888888888889
0 0.0890625 0.5509259259259259 0.010416666666666666 0.044444444444444446
0 0.10338541666666666 0.5583333333333333 0.0140625 0.06851851851851852
0 0.1734375 0.5435185185185185 0.010416666666666666 0.03518518518518519
0 0.24166666666666667 0.5421296296296296 0.010416666666666666 0.04351851851851852
0 0.89453125 0.5430555555555555 0.021354166666666667 0.08425925925925926
0 0.21354166666666666 0.55 0.010416666666666666 0.04259259259259259
0 0.17760416666666667 0.5412037037037037 0.014583333333333334 0.04537037037037037
0 0.27578125 0.5444444444444444 0.011979166666666667 0.03518518518518519
0 0.33541666666666664 0.5689814814814815 0.016666666666666666 0.10092592592592593
