0 0.22473958333333333 0.5347222222222222 0.0140625 0.04351851851851852
0 0.99453125 0.538425925925926 0.009895833333333333 0.09351851851851851
0 0.04973958333333333 0.5476851851851852 0.009895833333333333 0.049074074074074076
0 0.020833333333333332 0.5574074074074075 0.01875 0.08888888888888889
0 0.15208333333333332 0.5398148148148149 0.010416666666666666 0.03888888888888889
0 0.2760416666666667 0.5314814814814814 0.010416666666666666 0.037037037037037035
0 0.21458333333333332 0.5342592592592592 0.010416666666666666 0.05185185185185185
0 0.17604166666666668 0.5412037037037037 0.009375 0.05092592592592592
0 0.15598958333333332 0.538425925925926 0.011979166666666667 0.04537037037037037
0 0.25416666666666665 0.5310185185185186 0.010416666666666666 0.03981481481481482
0 0.3111979166666667 0.5648148148148148 0.0390625 0.12777777777777777
