0 0.22604166666666667 0.5337962962962963 0.014583333333333334 0.04351851851851852
0 0.9919270833333333 0.5361111111111111 0.015104166666666667 0.09814814814814815
0 0.0515625 0.5462962962962963 0.010416666666666666 0.04814814814814815
0 0.025 0.5546296296296296 0.01875 0.08888888888888889
0 0.15260416666666668 0.5388888888888889 0.010416666666666666 0.03888888888888889
0 0.215625 0.5328703703703703 0.010416666666666666 0.05092592592592592
0 0.17760416666666667 0.5398148148148149 0.009375 0.05
0 0.15651041666666668 0.5361111111111111 0.011979166666666667 0.044444444444444446
0 0.2546875 0.5291666666666667 0.010416666666666666 0.03981481481481482
0 0.31276041666666665 0.562037037037037 0.03802083333333333 0.1259259259259259
