0 0.2296875 0.5305555555555556 0.014583333333333334 0.04259259259259259
0 0.9731770833333333 0.5287037037037037 0.016145833333333335 0.10185185185185185
0 0.058333333333333334 0.5356481481481481 0.010416666666666666 0.04722222222222222
0 0.040364583333333336 0.5467592592592593 0.018229166666666668 0.08796296296296297
0 0.15677083333333333 0.5342592592592592 0.010416666666666666 0.037037037037037035
0 0.22083333333333333 0.5282407407407408 0.010416666666666666 0.04537037037037037
0 0.9856770833333334 0.5277777777777778 0.021354166666666667 0.1
0 0.18463541666666666 0.5337962962962963 0.008854166666666666 0.04722222222222222
0 0.16041666666666668 0.5282407407407408 0.010416666666666666 0.04537037037037037
0 0.25833333333333336 0.5236111111111111 0.010416666666666666 0.03981481481481482
0 0.3171875 0.5527777777777778 0.034375 0.12037037037037036
