0 0.22161458333333334 0.5351851851851852 0.0140625 0.044444444444444446
0 0.044270833333333336 0.5523148148148148 0.009375 0.05092592592592592
0 0.0109375 0.5638888888888889 0.016666666666666666 0.08703703703703704
0 0.15026041666666667 0.5430555555555555 0.009895833333333333 0.03981481481481482
0 0.27239583333333334 0.5347222222222222 0.007291666666666667 0.03611111111111111
0 0.2109375 0.5356481481481481 0.010416666666666666 0.05277777777777778
0 0.17109375 0.5462962962962963 0.009895833333333333 0.053703703703703705
0 0.15286458333333333 0.5439814814814815 0.011979166666666667 0.04537037037037037
0 0.2518229166666667 0.5347222222222222 0.0109375 0.041666666666666664
0 0.30911458333333336 0.5689814814814815 0.034895833333333334 0.13240740740740742
