0 0.19140625 0.5509259259259259 0.0171875 0.05
0 0.006510416666666667 0.562037037037037 0.0109375 0.05740740740740741
0 0.13541666666666666 0.5569444444444445 0.009375 0.04351851851851852
0 0.2421875 0.5435185185185185 0.010416666666666666 0.03888888888888889
0 0.18098958333333334 0.5504629629629629 0.009895833333333333 0.05277777777777778
0 0.13229166666666667 0.5638888888888889 0.011458333333333333 0.06111111111111111
0 0.13776041666666666 0.5564814814814815 0.011979166666666667 0.04814814814814815
0 0.22786458333333334 0.5444444444444444 0.008854166666666666 0.046296296296296294
0 0.5927083333333333 0.5305555555555556 0.010416666666666666 0.03518518518518519
0 0.3341145833333333 0.5879629629629629 0.06510416666666667 0.18333333333333332
