0 0.18854166666666666 0.5564814814814815 0.01875 0.05185185185185185
0 0.0033854166666666668 0.5726851851851852 0.0067708333333333336 0.05648148148148148
0 0.13359375 0.5601851851851852 0.008854166666666666 0.044444444444444446
0 0.23828125 0.549537037037037 0.009895833333333333 0.03981481481481482
0 0.17760416666666667 0.5564814814814815 0.010416666666666666 0.05555555555555555
0 0.12734375 0.5694444444444444 0.011979166666666667 0.06296296296296296
0 0.13645833333333332 0.5606481481481481 0.0125 0.049074074074074076
0 0.225 0.5504629629629629 0.009375 0.04537037037037037
0 0.5940104166666667 0.5337962962962963 0.008854166666666666 0.03611111111111111
0 0.34296875 0.5921296296296297 0.043229166666666666 0.19537037037037036
