0 0.190625 0.5509259259259259 0.017708333333333333 0.05
0 0.005989583333333334 0.5648148148148148 0.009895833333333333 0.05740740740740741
0 0.13489583333333333 0.5578703703703703 0.009375 0.04351851851851852
0 0.24114583333333334 0.5449074074074074 0.010416666666666666 0.03981481481481482
0 0.18020833333333333 0.5518518518518518 0.010416666666666666 0.053703703703703705
0 0.13151041666666666 0.5662037037037037 0.011979166666666667 0.062037037037037036
0 0.1375 0.5574074074074075 0.0125 0.04814814814814815
0 0.22682291666666668 0.5453703703703704 0.008854166666666666 0.046296296296296294
0 0.59296875 0.5314814814814814 0.008854166666666666 0.03518518518518519
0 0.33671875 0.5884259259259259 0.059895833333333336 0.18611111111111112
