0 0.23723958333333334 0.5606481481481481 0.0078125 0.041666666666666664
0 0.17369791666666667 0.5680555555555555 0.018229166666666668 0.05648148148148148
0 0.2625 0.5587962962962963 0.007291666666666667 0.03611111111111111
0 0.12760416666666666 0.5708333333333333 0.013541666666666667 0.049074074074074076
0 0.22057291666666667 0.5625 0.009895833333333333 0.041666666666666664
0 0.16302083333333334 0.5689814814814815 0.010416666666666666 0.05648148148148148
0 0.10182291666666667 0.5879629629629629 0.013020833333333334 0.06851851851851852
0 0.13333333333333333 0.5689814814814815 0.011458333333333333 0.05277777777777778
0 0.15182291666666667 0.5675925925925925 0.011979166666666667 0.04259259259259259
0 0.603125 0.5402777777777777 0.007291666666666667 0.03796296296296296
0 0.21276041666666667 0.5638888888888889 0.009895833333333333 0.05
0 0.5950520833333334 0.5416666666666666 0.009895833333333333 0.03518518518518519
0 0.24140625 0.5615740740740741 0.0078125 0.03981481481481482
0 0.25286458333333334 0.5606481481481481 0.009895833333333333 0.04351851851851852
0 0.4109375 0.6092592592592593 0.0625 0.22777777777777777
