0 0.21276041666666667 0.5587962962962963 0.008854166666666666 0.04351851851851852
0 0.15520833333333334 0.5689814814814815 0.015625 0.058333333333333334
0 0.25625 0.5578703703703703 0.008333333333333333 0.03796296296296296
0 0.12473958333333333 0.5638888888888889 0.008854166666666666 0.05
0 0.19322916666666667 0.562037037037037 0.011458333333333333 0.046296296296296294
0 0.14479166666666668 0.5634259259259259 0.0125 0.06388888888888888
0 0.06588541666666667 0.5884259259259259 0.013020833333333334 0.0787037037037037
0 0.13151041666666666 0.5638888888888889 0.009895833333333333 0.053703703703703705
0 0.12109375 0.5652777777777778 0.011979166666666667 0.04351851851851852
0 0.60859375 0.5453703703703704 0.008854166666666666 0.040740740740740744
0 0.19869791666666667 0.5611111111111111 0.009895833333333333 0.05185185185185185
0 0.6 0.5453703703703704 0.008333333333333333 0.03888888888888889
0 0.21979166666666666 0.5578703703703703 0.008333333333333333 0.041666666666666664
0 0.22942708333333334 0.5592592592592592 0.0109375 0.046296296296296294
0 0.5513020833333333 0.6236111111111111 0.06302083333333333 0.2972222222222222
