0 0.215625 0.5578703703703703 0.009375 0.041666666666666664
0 0.15729166666666666 0.5689814814814815 0.015625 0.058333333333333334
0 0.2559895833333333 0.5564814814814815 0.008854166666666666 0.03888888888888889
0 0.12421875 0.5638888888888889 0.011979166666666667 0.05
0 0.1953125 0.5597222222222222 0.010416666666666666 0.04722222222222222
0 0.14635416666666667 0.562962962962963 0.0125 0.06481481481481481
0 0.06953125 0.587037037037037 0.011979166666666667 0.07777777777777778
0 0.13151041666666666 0.5634259259259259 0.009895833333333333 0.05462962962962963
0 0.125 0.5652777777777778 0.0125 0.04351851851851852
0 0.6075520833333333 0.5453703703703704 0.0078125 0.040740740740740744
0 0.20052083333333334 0.5606481481481481 0.010416666666666666 0.05092592592592592
0 0.59921875 0.5458333333333333 0.008854166666666666 0.03981481481481482
0 0.221875 0.5569444444444445 0.008333333333333333 0.041666666666666664
0 0.23203125 0.5574074074074075 0.0109375 0.046296296296296294
0 0.52734375 0.6226851851851852 0.06927083333333334 0.287962962962963
