0 0.1875 0.5375 0.011458333333333333 0.04537037037037037
0 0.13489583333333333 0.5393518518518519 0.017708333333333333 0.062037037037037036
0 0.24791666666666667 0.5375 0.008333333333333333 0.03796296296296296
0 0.16536458333333334 0.5375 0.009895833333333333 0.04722222222222222
0 0.12317708333333334 0.5412037037037037 0.011979166666666667 0.06574074074074074
0 0.019270833333333334 0.5615740740740741 0.016666666666666666 0.08425925925925926
0 0.08880208333333334 0.5375 0.009895833333333333 0.04537037037037037
0 0.61640625 0.5375 0.0078125 0.04351851851851852
0 0.17734375 0.5370370370370371 0.011979166666666667 0.05740740740740741
0 0.6096354166666667 0.5398148148148149 0.0078125 0.040740740740740744
0 0.19635416666666666 0.5365740740740741 0.009375 0.04537037037037037
0 0.20338541666666668 0.5351851851851852 0.008854166666666666 0.04814814814814815
0 0.7815104166666667 0.6560185185185186 0.0765625 0.3972222222222222
