0 0.18854166666666666 0.5412037037037037 0.011458333333333333 0.04537037037037037
0 0.1359375 0.5421296296296296 0.017708333333333333 0.06388888888888888
0 0.24895833333333334 0.5412037037037037 0.010416666666666666 0.03796296296296296
0 0.16640625 0.5421296296296296 0.009895833333333333 0.04722222222222222
0 0.12447916666666667 0.5453703703703704 0.011458333333333333 0.06481481481481481
0 0.021354166666666667 0.5657407407407408 0.016666666666666666 0.08333333333333333
0 0.09010416666666667 0.5412037037037037 0.010416666666666666 0.04537037037037037
0 0.6158854166666666 0.5393518518518519 0.0078125 0.04351851851851852
0 0.178125 0.5416666666666666 0.011458333333333333 0.05740740740740741
0 0.6091145833333333 0.5402777777777777 0.0078125 0.03981481481481482
0 0.19713541666666667 0.5398148148148149 0.008854166666666666 0.044444444444444446
0 0.20442708333333334 0.5398148148148149 0.008854166666666666 0.04814814814814815
0 0.7669270833333334 0.6564814814814814 0.08489583333333334 0.3888888888888889
