0 0.4080729166666667 0.6726851851851852 0.0171875 0.08055555555555556
0 0.2708333333333333 0.6541666666666667 0.019791666666666666 0.09537037037037037
0 0.7106770833333333 0.6787037037037037 0.0171875 0.05740740740740741
0 0.6552083333333333 0.675 0.020833333333333332 0.06851851851851852
0 0.32760416666666664 0.6606481481481481 0.017708333333333333 0.08981481481481482
0 0.4153645833333333 0.6759259259259259 0.018229166666666668 0.06666666666666667
0 0.6705729166666666 0.6754629629629629 0.0140625 0.06018518518518518
0 0.7395833333333334 0.6703703703703704 0.01875 0.05
0 0.7153645833333333 0.6699074074074074 0.013020833333333334 0.04537037037037037
0 0.31692708333333336 0.6597222222222222 0.0171875 0.08981481481481482
