0 0.09635416666666667 0.7337962962962963 0.05416666666666667 0.2564814814814815
0 0.10234375 0.6601851851851852 0.018229166666666668 0.08888888888888889
0 0.24036458333333333 0.6620370370370371 0.015104166666666667 0.044444444444444446
0 0.4705729166666667 0.6680555555555555 0.0140625 0.04351851851851852
0 0.28359375 0.6657407407407407 0.0109375 0.046296296296296294
0 0.5322916666666667 0.6625 0.011458333333333333 0.04722222222222222
0 0.25442708333333336 0.6685185185185185 0.013020833333333334 0.04814814814814815
0 0.5575520833333333 0.6611111111111111 0.011979166666666667 0.05
0 0.27291666666666664 0.662962962962963 0.010416666666666666 0.053703703703703705
0 0.5403645833333334 0.663425925925926 0.013020833333333334 0.04537037037037037
