0 0.10911458333333333 0.7305555555555555 0.05260416666666667 0.2462962962962963
0 0.10651041666666666 0.6597222222222222 0.018229166666666668 0.08796296296296297
0 0.24140625 0.6620370370370371 0.015104166666666667 0.044444444444444446
0 0.47161458333333334 0.6666666666666666 0.0140625 0.04259259259259259
0 0.28515625 0.662962962962963 0.0109375 0.046296296296296294
0 0.5317708333333333 0.662962962962963 0.011458333333333333 0.046296296296296294
0 0.2565104166666667 0.6666666666666666 0.013020833333333334 0.04814814814814815
0 0.5575520833333333 0.6583333333333333 0.011979166666666667 0.05
0 0.27395833333333336 0.6620370370370371 0.010416666666666666 0.053703703703703705
0 0.5403645833333334 0.6620370370370371 0.013020833333333334 0.046296296296296294
