0 0.06484375 0.7407407407407407 0.0578125 0.2777777777777778
0 0.09296875 0.6606481481481481 0.018229166666666668 0.08981481481481482
0 0.23828125 0.663425925925926 0.015104166666666667 0.04537037037037037
0 0.22578125 0.6717592592592593 0.011979166666666667 0.04537037037037037
0 0.46901041666666665 0.6703703703703704 0.013020833333333334 0.044444444444444446
0 0.28125 0.6680555555555555 0.011458333333333333 0.04722222222222222
0 0.5341145833333333 0.6652777777777777 0.011979166666666667 0.049074074074074076
0 0.24973958333333332 0.6708333333333333 0.013020833333333334 0.049074074074074076
0 0.55859375 0.6657407407407407 0.011979166666666667 0.05
0 0.27005208333333336 0.6671296296296296 0.0109375 0.05462962962962963
0 0.540625 0.6648148148148149 0.0125 0.044444444444444446
