0 0.73828125 0.6736111111111112 0.021354166666666667 0.07314814814814814
0 0.5466145833333333 0.6541666666666667 0.0140625 0.05277777777777778
0 0.21067708333333332 0.6638888888888889 0.016145833333333335 0.05185185185185185
0 0.14869791666666668 0.6643518518518519 0.0171875 0.062037037037037036
0 0.7088541666666667 0.6736111111111112 0.026041666666666668 0.11574074074074074
0 0.59609375 0.6574074074074074 0.0140625 0.06296296296296296
0 0.4434895833333333 0.6685185185185185 0.016145833333333335 0.05
0 0.23541666666666666 0.6662037037037037 0.016666666666666666 0.062037037037037036
0 0.5815104166666667 0.663425925925926 0.0171875 0.062037037037037036
0 0.18151041666666667 0.6694444444444444 0.0140625 0.06111111111111111
0 0.10625 0.6657407407407407 0.016666666666666666 0.06666666666666667
0 0.346875 0.6648148148148149 0.014583333333333334 0.05740740740740741
0 0.5872395833333334 0.6597222222222222 0.0140625 0.06388888888888888
0 0.225 0.663425925925926 0.013541666666666667 0.06018518518518518
0 0.09322916666666667 0.6643518518518519 0.016666666666666666 0.06759259259259259
0 0.5583333333333333 0.6523148148148148 0.014583333333333334 0.05462962962962963
0 0.17604166666666668 0.6837962962962963 0.013541666666666667 0.041666666666666664
