0 0.7752604166666667 0.6680555555555555 0.022395833333333334 0.0787037037037037
0 0.5567708333333333 0.6592592592592592 0.015625 0.05925925925925926
0 0.203125 0.6643518518518519 0.016666666666666666 0.05648148148148148
0 0.11380208333333333 0.6680555555555555 0.019270833333333334 0.0712962962962963
0 0.7700520833333333 0.6787037037037037 0.030729166666666665 0.13148148148148148
0 0.6177083333333333 0.6601851851851852 0.014583333333333334 0.06296296296296296
0 0.43359375 0.6712962962962963 0.021354166666666667 0.06111111111111111
0 0.21979166666666666 0.6689814814814815 0.016666666666666666 0.06388888888888888
0 0.6078125 0.6657407407407407 0.017708333333333333 0.06666666666666667
0 0.15234375 0.6731481481481482 0.015104166666666667 0.07037037037037037
0 0.0625 0.6726851851851852 0.01875 0.075
0 0.3502604166666667 0.6708333333333333 0.018229166666666668 0.062037037037037036
0 0.6065104166666667 0.662962962962963 0.016145833333333335 0.07407407407407407
0 0.20598958333333334 0.6657407407407407 0.0140625 0.06666666666666667
0 0.049479166666666664 0.6754629629629629 0.017708333333333333 0.075
0 0.571875 0.6574074074074074 0.015625 0.05740740740740741
0 0.14505208333333333 0.6856481481481481 0.0140625 0.04351851851851852
