0 0.77890625 0.6680555555555555 0.022395833333333334 0.0787037037037037
0 0.5578125 0.6569444444444444 0.015625 0.06018518518518518
0 0.20208333333333334 0.6625 0.016666666666666666 0.05648148148148148
0 0.11015625 0.6671296296296296 0.019270833333333334 0.07314814814814814
0 0.7783854166666667 0.674074074074074 0.0296875 0.13703703703703704
0 0.6197916666666666 0.6597222222222222 0.014583333333333334 0.06388888888888888
0 0.43255208333333334 0.6689814814814815 0.0203125 0.062037037037037036
0 0.21770833333333334 0.6680555555555555 0.016666666666666666 0.06388888888888888
0 0.6111979166666667 0.6643518518518519 0.019270833333333334 0.06759259259259259
0 0.14947916666666666 0.6717592592592593 0.015625 0.0712962962962963
0 0.057291666666666664 0.6717592592592593 0.01875 0.075
0 0.35 0.6685185185185185 0.017708333333333333 0.06296296296296296
0 0.60859375 0.6625 0.016145833333333335 0.075
0 0.20390625 0.663425925925926 0.0140625 0.06759259259259259
0 0.04479166666666667 0.675 0.017708333333333333 0.07592592592592592
0 0.5731770833333333 0.6550925925925926 0.016145833333333335 0.058333333333333334
0 0.14192708333333334 0.6828703703703703 0.0140625 0.04351851851851852
