0 0.85 0.6537037037037037 0.027083333333333334 0.0962962962962963
0 0.5822916666666667 0.6393518518518518 0.01875 0.07314814814814814
0 0.18463541666666666 0.6643518518518519 0.018229166666666668 0.06574074074074074
0 0.03125 0.6708333333333333 0.020833333333333332 0.08611111111111111
0 0.9403645833333333 0.6625 0.033854166666666664 0.19907407407407407
0 0.6643229166666667 0.6402777777777777 0.019270833333333334 0.07314814814814814
0 0.41432291666666665 0.6615740740740741 0.0234375 0.075
0 0.5510416666666667 0.6398148148148148 0.014583333333333334 0.05555555555555555
0 0.18177083333333333 0.662962962962963 0.01875 0.07777777777777778
0 0.6765625 0.6564814814814814 0.025 0.09259259259259259
0 0.0828125 0.6708333333333333 0.019791666666666666 0.08055555555555556
0 0.35494791666666664 0.6615740740740741 0.0171875 0.075
0 0.6484375 0.6462962962962963 0.01875 0.08333333333333333
0 0.1671875 0.6615740740740741 0.017708333333333333 0.075
0 0.60078125 0.6416666666666667 0.018229166666666668 0.07037037037037037
0 0.07552083333333333 0.6861111111111111 0.014583333333333334 0.05555555555555555
