0 0.88984375 0.6550925925925926 0.030729166666666665 0.10833333333333334
0 0.59453125 0.6444444444444445 0.019270833333333334 0.08148148148148149
0 0.17291666666666666 0.6689814814814815 0.01875 0.0712962962962963
0 0.6864583333333333 0.6453703703703704 0.021875 0.08888888888888889
0 0.3984375 0.6638888888888889 0.026041666666666668 0.08333333333333333
0 0.5583333333333333 0.6393518518518518 0.014583333333333334 0.05092592592592592
0 0.16354166666666667 0.6662037037037037 0.01875 0.08425925925925926
0 0.71171875 0.6587962962962963 0.025520833333333333 0.09907407407407408
0 0.6481770833333333 0.6333333333333333 0.016145833333333335 0.05
0 0.046875 0.6796296296296296 0.022916666666666665 0.08888888888888889
0 0.36015625 0.6638888888888889 0.021354166666666667 0.08148148148148149
0 0.6684895833333333 0.6453703703703704 0.0203125 0.09074074074074075
0 0.14921875 0.6671296296296296 0.019270833333333334 0.0824074074074074
0 0.6161458333333333 0.6412037037037037 0.021875 0.0787037037037037
0 0.03671875 0.6944444444444444 0.019270833333333334 0.05555555555555555
