0 0.9236979166666667 0.6578703703703703 0.0328125 0.11944444444444445
0 0.60546875 0.638425925925926 0.021354166666666667 0.08611111111111111
0 0.16614583333333333 0.6643518518518519 0.01875 0.07685185185185185
0 0.71015625 0.6412037037037037 0.022395833333333334 0.09537037037037037
0 0.6736979166666667 0.6282407407407408 0.0203125 0.06759259259259259
0 0.3893229166666667 0.6611111111111111 0.0265625 0.09074074074074075
0 0.5653645833333333 0.6337962962962963 0.015104166666666667 0.05277777777777778
0 0.1453125 0.662962962962963 0.01875 0.08888888888888889
0 0.7471354166666667 0.6527777777777778 0.0265625 0.10925925925925926
0 0.6596354166666667 0.6296296296296297 0.015104166666666667 0.05555555555555555
0 0.013541666666666667 0.6796296296296296 0.023958333333333335 0.09814814814814815
0 0.36223958333333334 0.6601851851851852 0.0203125 0.08888888888888889
0 0.6927083333333334 0.6407407407407407 0.023958333333333335 0.09814814814814815
0 0.13229166666666667 0.6615740740740741 0.019791666666666666 0.08796296296296297
0 0.6302083333333334 0.638425925925926 0.023958333333333335 0.08425925925925926
