0 0.9846354166666667 0.6597222222222222 0.0296875 0.11944444444444445
0 0.6309895833333333 0.6458333333333334 0.025520833333333333 0.09351851851851851
0 0.15026041666666667 0.6717592592592593 0.018229166666666668 0.08611111111111111
0 0.7552083333333334 0.6481481481481481 0.023958333333333335 0.10925925925925926
0 0.68984375 0.6347222222222222 0.0203125 0.06759259259259259
0 0.36302083333333335 0.6717592592592593 0.035416666666666666 0.10277777777777777
0 0.57890625 0.6393518518518518 0.016145833333333335 0.05648148148148148
0 0.12083333333333333 0.6680555555555555 0.020833333333333332 0.09537037037037037
0 0.8213541666666667 0.6601851851851852 0.03229166666666667 0.13333333333333333
0 0.6763020833333333 0.6356481481481482 0.015104166666666667 0.06018518518518518
0 0.37135416666666665 0.6689814814814815 0.027083333333333334 0.09537037037037037
0 0.7354166666666667 0.6449074074074074 0.026041666666666668 0.11203703703703703
0 0.10598958333333333 0.6657407407407407 0.021354166666666667 0.0962962962962963
0 0.6578125 0.6430555555555556 0.026041666666666668 0.09166666666666666
