0 0.6559895833333333 0.65 0.0265625 0.10555555555555556
0 0.13671875 0.6782407407407407 0.0234375 0.09537037037037037
0 0.7927083333333333 0.6523148148148148 0.025 0.11944444444444445
0 0.70546875 0.6375 0.0203125 0.06759259259259259
0 0.33880208333333334 0.674074074074074 0.024479166666666666 0.11851851851851852
0 0.58828125 0.6421296296296296 0.0171875 0.05648148148148148
0 0.09765625 0.6694444444444444 0.024479166666666666 0.09814814814814815
0 0.8901041666666667 0.6680555555555555 0.036458333333333336 0.1527777777777778
0 0.6908854166666667 0.6421296296296296 0.019270833333333334 0.06018518518518518
0 0.38307291666666665 0.6717592592592593 0.0265625 0.10833333333333334
0 0.775 0.6518518518518519 0.027083333333333334 0.1259259259259259
0 0.08333333333333333 0.6657407407407407 0.01875 0.10185185185185185
0 0.6825520833333333 0.649537037037037 0.028645833333333332 0.10092592592592593
