0 0.6822916666666666 0.6615740740740741 0.029166666666666667 0.11944444444444445
0 0.11770833333333333 0.6814814814814815 0.021875 0.10185185185185185
0 0.8359375 0.6587962962962963 0.029166666666666667 0.13240740740740742
0 0.71875 0.6425925925925926 0.019791666666666666 0.07037037037037037
0 0.3125 0.6907407407407408 0.035416666666666666 0.12222222222222222
0 0.6002604166666666 0.6476851851851851 0.018229166666666668 0.058333333333333334
0 0.07552083333333333 0.6773148148148148 0.025 0.10277777777777777
0 0.96484375 0.6856481481481481 0.033854166666666664 0.1638888888888889
0 0.7044270833333334 0.6504629629629629 0.0203125 0.062037037037037036
0 0.3924479166666667 0.6837962962962963 0.027604166666666666 0.1175925925925926
0 0.815625 0.6587962962962963 0.028125 0.13796296296296295
0 0.06197916666666667 0.6726851851851852 0.023958333333333335 0.10833333333333334
0 0.7109375 0.6583333333333333 0.03229166666666667 0.11296296296296296
