0 0.72421875 0.674537037037037 0.03697916666666667 0.1361111111111111
0 0.09661458333333334 0.6949074074074074 0.028645833333333332 0.11388888888888889
0 0.8966145833333333 0.6759259259259259 0.028645833333333332 0.15
0 0.7364583333333333 0.6537037037037037 0.019791666666666666 0.07407407407407407
0 0.26901041666666664 0.7046296296296296 0.0484375 0.14814814814814814
0 0.61484375 0.6606481481481481 0.019270833333333334 0.06574074074074074
0 0.051041666666666666 0.6856481481481481 0.023958333333333335 0.1175925925925926
0 0.721875 0.6574074074074074 0.020833333333333332 0.06851851851851852
0 0.4109375 0.700462962962963 0.04479166666666667 0.13240740740740742
0 0.8755208333333333 0.6722222222222223 0.0375 0.16296296296296298
0 0.034375 0.6814814814814815 0.023958333333333335 0.11666666666666667
0 0.7494791666666667 0.6689814814814815 0.023958333333333335 0.12685185185185185
