0 0.70390625 0.6648148148148149 0.033854166666666664 0.12777777777777777
0 0.10755208333333334 0.6888888888888889 0.027604166666666666 0.10925925925925926
0 0.86796875 0.6643518518518519 0.03177083333333333 0.14166666666666666
0 0.7302083333333333 0.6472222222222223 0.019791666666666666 0.07222222222222222
0 0.28828125 0.6935185185185185 0.028645833333333332 0.14074074074074075
0 0.6083333333333333 0.6537037037037037 0.01875 0.06111111111111111
0 0.06276041666666667 0.6814814814814815 0.024479166666666666 0.10925925925925926
0 0.7135416666666666 0.6550925925925926 0.020833333333333332 0.06574074074074074
0 0.4041666666666667 0.6893518518518519 0.034375 0.125
0 0.8466145833333333 0.6620370370370371 0.0328125 0.15185185185185185
0 0.046875 0.6759259259259259 0.023958333333333335 0.11296296296296296
0 0.7309895833333333 0.662962962962963 0.0265625 0.12037037037037036
