0 0.7721354166666666 0.6921296296296297 0.04010416666666667 0.15462962962962962
0 0.07135416666666666 0.7069444444444445 0.027083333333333334 0.12685185185185185
0 0.9591145833333333 0.6902777777777778 0.027604166666666666 0.16018518518518518
0 0.7544270833333333 0.6703703703703704 0.019270833333333334 0.07777777777777778
0 0.21979166666666666 0.7236111111111111 0.036458333333333336 0.16574074074074074
0 0.6317708333333333 0.675 0.019791666666666666 0.07222222222222222
0 0.027083333333333334 0.6944444444444444 0.026041666666666668 0.12222222222222222
0 0.7401041666666667 0.674074074074074 0.020833333333333332 0.07592592592592592
0 0.4328125 0.7203703703703703 0.03229166666666667 0.15185185185185185
0 0.9375 0.6861111111111111 0.035416666666666666 0.1814814814814815
0 0.013802083333333333 0.6912037037037037 0.021354166666666667 0.125
0 0.7924479166666667 0.6902777777777778 0.027604166666666666 0.14722222222222223
