0 0.5466145833333333 0.6625 0.0078125 0.03425925925925926
0 0.035416666666666666 0.6305555555555555 0.01875 0.12222222222222222
0 0.55 0.662962962962963 0.010416666666666666 0.03888888888888889
0 0.8791666666666667 0.6722222222222223 0.015625 0.08518518518518518
0 0.012760416666666666 0.6305555555555555 0.024479166666666666 0.12037037037037036
0 0.5440104166666667 0.6652777777777777 0.0078125 0.03611111111111111
0 0.86875 0.6726851851851852 0.014583333333333334 0.0824074074074074
0 0.5296875 0.6675925925925926 0.014583333333333334 0.05740740740740741
0 0.97421875 0.6689814814814815 0.018229166666666668 0.10092592592592593
0 0.8236979166666667 0.6824074074074075 0.0171875 0.11296296296296296
0 0.9934895833333334 0.6717592592592593 0.011979166666666667 0.11203703703703703
