0 0.5119791666666667 0.6513888888888889 0.010416666666666666 0.04351851851851852
0 0.5143229166666666 0.6532407407407408 0.011979166666666667 0.03611111111111111
0 0.87890625 0.6273148148148148 0.0171875 0.08796296296296297
0 0.5067708333333333 0.6541666666666667 0.007291666666666667 0.041666666666666664
0 0.5544270833333333 0.649537037037037 0.0078125 0.032407407407407406
0 0.55 0.6523148148148148 0.010416666666666666 0.032407407407407406
0 0.4901041666666667 0.662962962962963 0.019791666666666666 0.07037037037037037
0 0.853125 0.6453703703703704 0.030208333333333334 0.10925925925925926
0 0.9432291666666667 0.6523148148148148 0.025 0.13055555555555556
0 0.28411458333333334 0.6449074074074074 0.011979166666666667 0.06388888888888888
0 0.8971354166666666 0.6324074074074074 0.016145833333333335 0.07592592592592592
