0 0.48385416666666664 0.6550925925925926 0.0125 0.05277777777777778
0 0.6361979166666667 0.6504629629629629 0.011979166666666667 0.04537037037037037
0 0.49270833333333336 0.6560185185185186 0.0125 0.04722222222222222
0 0.5723958333333333 0.649537037037037 0.008333333333333333 0.03611111111111111
0 0.48151041666666666 0.6546296296296297 0.008854166666666666 0.05185185185185185
0 0.5565104166666667 0.649537037037037 0.008854166666666666 0.03796296296296296
0 0.5486979166666667 0.6527777777777778 0.0078125 0.03148148148148148
0 0.44921875 0.6685185185185185 0.0296875 0.10740740740740741
0 0.6169270833333333 0.649537037037037 0.009895833333333333 0.03981481481481482
0 0.20703125 0.6523148148148148 0.015104166666666667 0.08425925925925926
