0 0.47994791666666664 0.6546296296296297 0.009895833333333333 0.05185185185185185
0 0.64453125 0.6458333333333334 0.011979166666666667 0.049074074074074076
0 0.48776041666666664 0.6555555555555556 0.013020833333333334 0.046296296296296294
0 0.58125 0.6476851851851851 0.008333333333333333 0.03425925925925926
0 0.47630208333333335 0.6518518518518519 0.009895833333333333 0.053703703703703705
0 0.5630208333333333 0.6444444444444445 0.010416666666666666 0.040740740740740744
0 0.55390625 0.65 0.008854166666666666 0.03333333333333333
0 0.6690104166666667 0.6564814814814814 0.016145833333333335 0.05925925925925926
0 0.43255208333333334 0.6694444444444444 0.0328125 0.11851851851851852
0 0.6283854166666667 0.6453703703703704 0.009895833333333333 0.04259259259259259
0 0.18151041666666667 0.6532407407407408 0.016145833333333335 0.08981481481481482
