0 0.48125 0.6560185185185186 0.010416666666666666 0.05092592592592592
0 0.6401041666666667 0.6486111111111111 0.0125 0.04722222222222222
0 0.4903645833333333 0.6569444444444444 0.011979166666666667 0.04722222222222222
0 0.5770833333333333 0.649074074074074 0.008333333333333333 0.03518518518518519
0 0.4783854166666667 0.6546296296296297 0.009895833333333333 0.05185185185185185
0 0.559375 0.6472222222222223 0.009375 0.03888888888888889
0 0.5510416666666667 0.6504629629629629 0.008333333333333333 0.032407407407407406
0 0.6627604166666666 0.6569444444444444 0.0140625 0.05648148148148148
0 0.44088541666666664 0.6689814814814815 0.022395833333333334 0.11388888888888889
0 0.62265625 0.6472222222222223 0.009895833333333333 0.040740740740740744
0 0.19401041666666666 0.6550925925925926 0.0140625 0.08611111111111111
