0 0.47239583333333335 0.6601851851851852 0.0125 0.05925925925925926
0 0.15859375 0.6462962962962963 0.0140625 0.05740740740740741
0 0.6666666666666666 0.6504629629629629 0.0125 0.05277777777777778
0 0.47942708333333334 0.6625 0.015104166666666667 0.05092592592592592
0 0.909375 0.6541666666666667 0.01875 0.09907407407407408
0 0.6010416666666667 0.6513888888888889 0.010416666666666666 0.041666666666666664
0 0.30026041666666664 0.649537037037037 0.008854166666666666 0.03796296296296296
0 0.46588541666666666 0.6583333333333333 0.011979166666666667 0.05925925925925926
0 0.5791666666666667 0.6509259259259259 0.010416666666666666 0.04259259259259259
0 0.8533854166666667 0.6643518518518519 0.021354166666666667 0.10092592592592593
0 0.9213541666666667 0.649074074074074 0.019791666666666666 0.11851851851851852
0 0.5669270833333333 0.6564814814814814 0.0078125 0.03333333333333333
0 0.7002604166666667 0.6620370370370371 0.016145833333333335 0.06666666666666667
0 0.38567708333333334 0.6865740740740741 0.049479166666666664 0.1638888888888889
0 0.6588541666666666 0.65 0.0125 0.04814814814814815
0 0.8291666666666667 0.6555555555555556 0.021875 0.12222222222222222
0 0.11614583333333334 0.6606481481481481 0.021875 0.11388888888888889
