0 0.4674479166666667 0.6638888888888889 0.0171875 0.06296296296296296
0 0.14973958333333334 0.65 0.013020833333333334 0.05740740740740741
0 0.6729166666666667 0.6527777777777778 0.013541666666666667 0.053703703703703705
0 0.4752604166666667 0.6662037037037037 0.011979166666666667 0.05648148148148148
0 0.9411458333333333 0.6541666666666667 0.022916666666666665 0.10277777777777777
0 0.6080729166666666 0.6532407407407408 0.0109375 0.04351851851851852
0 0.2981770833333333 0.6527777777777778 0.008854166666666666 0.040740740740740744
0 0.4625 0.6620370370370371 0.014583333333333334 0.06296296296296296
0 0.58515625 0.6546296296296297 0.011979166666666667 0.044444444444444446
0 0.8830729166666667 0.6652777777777777 0.021354166666666667 0.11018518518518519
0 0.9611979166666667 0.6509259259259259 0.0265625 0.12222222222222222
0 0.5729166666666666 0.6592592592592592 0.008333333333333333 0.03888888888888889
0 0.71171875 0.6643518518518519 0.0171875 0.0712962962962963
0 0.36692708333333335 0.6958333333333333 0.05364583333333333 0.18425925925925926
0 0.6703125 0.6518518518518519 0.0125 0.05
0 0.8567708333333334 0.6578703703703703 0.023958333333333335 0.13240740740740742
0 0.090625 0.6652777777777777 0.022916666666666665 0.12314814814814815
