0 0.46510416666666665 0.6662037037037037 0.019791666666666666 0.06574074074074074
0 0.1453125 0.6518518518518519 0.0125 0.05740740740740741
0 0.6765625 0.6550925925925926 0.013541666666666667 0.05462962962962963
0 0.47421875 0.6689814814814815 0.013020833333333334 0.058333333333333334
0 0.9565104166666667 0.6537037037037037 0.024479166666666666 0.10555555555555556
0 0.6119791666666666 0.6560185185185186 0.011458333333333333 0.04537037037037037
0 0.29739583333333336 0.6546296296296297 0.009375 0.040740740740740744
0 0.45989583333333334 0.6643518518518519 0.019791666666666666 0.062037037037037036
0 0.58828125 0.6550925925925926 0.011979166666666667 0.04537037037037037
0 0.8981770833333333 0.6662037037037037 0.022395833333333334 0.11388888888888889
0 0.9815104166666667 0.65 0.025520833333333333 0.12962962962962962
0 0.5744791666666667 0.6587962962962963 0.010416666666666666 0.03981481481481482
0 0.7171875 0.6657407407407407 0.017708333333333333 0.07222222222222222
0 0.35390625 0.700462962962963 0.04739583333333333 0.19722222222222222
0 0.6768229166666667 0.6523148148148148 0.013020833333333334 0.05092592592592592
0 0.8703125 0.6597222222222222 0.025 0.13796296296296295
0 0.07552083333333333 0.6689814814814815 0.023958333333333335 0.1287037037037037
