0 0.4666666666666667 0.6652777777777777 0.017708333333333333 0.06388888888888888
0 0.14869791666666668 0.65 0.013020833333333334 0.05740740740740741
0 0.6744791666666666 0.6541666666666667 0.013541666666666667 0.05462962962962963
0 0.475 0.6671296296296296 0.0125 0.05648148148148148
0 0.9458333333333333 0.6532407407407408 0.023958333333333335 0.10277777777777777
0 0.6096354166666667 0.6546296296296297 0.0109375 0.044444444444444446
0 0.29765625 0.6527777777777778 0.008854166666666666 0.040740740740740744
0 0.46145833333333336 0.662962962962963 0.016666666666666666 0.06296296296296296
0 0.5861979166666667 0.6546296296296297 0.011979166666666667 0.044444444444444446
0 0.8880208333333334 0.6657407407407407 0.021875 0.1111111111111111
0 0.9682291666666667 0.6513888888888889 0.028125 0.12314814814814815
0 0.5723958333333333 0.6583333333333333 0.010416666666666666 0.03888888888888889
0 0.7135416666666666 0.6643518518518519 0.017708333333333333 0.0712962962962963
0 0.36223958333333334 0.6976851851851852 0.0515625 0.18796296296296297
0 0.67265625 0.6518518518518519 0.013020833333333334 0.05
0 0.8609375 0.6587962962962963 0.023958333333333335 0.13425925925925927
0 0.08567708333333333 0.6662037037037037 0.0234375 0.125
