0 0.4427083333333333 0.6680555555555555 0.017708333333333333 0.0787037037037037
0 0.10390625 0.6476851851851851 0.013020833333333334 0.06944444444444445
0 0.7158854166666667 0.6574074074074074 0.015104166666666667 0.06296296296296296
0 0.45078125 0.6717592592592593 0.013020833333333334 0.06759259259259259
0 0.6473958333333333 0.6578703703703703 0.013541666666666667 0.05092592592592592
0 0.29348958333333336 0.6537037037037037 0.008854166666666666 0.04259259259259259
0 0.4388020833333333 0.6662037037037037 0.015104166666666667 0.075
0 0.6190104166666667 0.6560185185185186 0.013020833333333334 0.05277777777777778
0 0.596875 0.6652777777777777 0.010416666666666666 0.04537037037037037
0 0.778125 0.663425925925926 0.023958333333333335 0.08611111111111111
0 0.1 0.7569444444444444 0.10833333333333334 0.4101851851851852
0 0.73125 0.6555555555555556 0.013541666666666667 0.06111111111111111
