0 0.4479166666666667 0.6662037037037037 0.014583333333333334 0.07685185185185185
0 0.11067708333333333 0.6476851851851851 0.011979166666666667 0.06388888888888888
0 0.7088541666666667 0.6550925925925926 0.015625 0.062037037037037036
0 0.4549479166666667 0.6708333333333333 0.015104166666666667 0.06574074074074074
0 0.6403645833333333 0.6564814814814814 0.013020833333333334 0.05
0 0.29401041666666666 0.6550925925925926 0.009895833333333333 0.041666666666666664
0 0.4432291666666667 0.6652777777777777 0.021875 0.06944444444444445
0 0.6135416666666667 0.6555555555555556 0.0125 0.05185185185185185
0 0.5934895833333333 0.6648148148148149 0.009895833333333333 0.044444444444444446
0 0.7669270833333334 0.6625 0.022395833333333334 0.0824074074074074
0 0.16510416666666666 0.7402777777777778 0.06458333333333334 0.36018518518518516
0 0.7205729166666667 0.6523148148148148 0.015104166666666667 0.06018518518518518
