0 0.43671875 0.675 0.0203125 0.08333333333333333
0 0.09010416666666667 0.649537037037037 0.013541666666666667 0.07314814814814814
0 0.7294270833333333 0.6601851851851852 0.016145833333333335 0.06666666666666667
0 0.4440104166666667 0.6782407407407407 0.019270833333333334 0.0712962962962963
0 0.6596354166666667 0.6601851851851852 0.0140625 0.053703703703703705
0 0.2911458333333333 0.6564814814814814 0.009375 0.044444444444444446
0 0.42916666666666664 0.6726851851851852 0.023958333333333335 0.07685185185185185
0 0.6294270833333333 0.6606481481481481 0.013020833333333334 0.05648148148148148
0 0.6028645833333334 0.6666666666666666 0.0109375 0.046296296296296294
0 0.80234375 0.6671296296296296 0.021354166666666667 0.09351851851851851
0 0.7513020833333334 0.6592592592592592 0.0140625 0.06481481481481481
