0 0.43046875 0.6768518518518518 0.0171875 0.08888888888888889
0 0.07864583333333333 0.6513888888888889 0.013541666666666667 0.075
0 0.7401041666666667 0.6606481481481481 0.016666666666666666 0.06574074074074074
0 0.43828125 0.6805555555555556 0.0171875 0.07592592592592592
0 0.6705729166666666 0.662962962962963 0.015104166666666667 0.05555555555555555
0 0.28932291666666665 0.6583333333333333 0.009895833333333333 0.046296296296296294
0 0.42578125 0.675 0.022395833333333334 0.07962962962962963
0 0.6375 0.6620370370370371 0.014583333333333334 0.05555555555555555
0 0.60859375 0.6680555555555555 0.0109375 0.04722222222222222
0 0.8177083333333334 0.6685185185185185 0.023958333333333335 0.0962962962962963
0 0.7674479166666667 0.6606481481481481 0.016145833333333335 0.06759259259259259
