0 0.4119791666666667 0.6875 0.019791666666666666 0.10277777777777777
0 0.04609375 0.6550925925925926 0.0140625 0.0787037037037037
0 0.7739583333333333 0.6625 0.01875 0.07314814814814814
0 0.4200520833333333 0.6902777777777778 0.018229166666666668 0.08796296296296297
0 0.7018229166666666 0.6657407407407407 0.016145833333333335 0.06296296296296296
0 0.28489583333333335 0.6643518518518519 0.010416666666666666 0.04722222222222222
0 0.40520833333333334 0.6837962962962963 0.026041666666666668 0.09166666666666666
0 0.6630208333333333 0.6648148148148149 0.015625 0.06296296296296296
0 0.62578125 0.6708333333333333 0.0109375 0.04722222222222222
0 0.871875 0.6680555555555555 0.025 0.11018518518518519
0 0.81640625 0.6611111111111111 0.019270833333333334 0.07407407407407407
