0 0.3997395833333333 0.6875 0.0234375 0.11018518518518519
0 0.03125 0.6555555555555556 0.015625 0.08518518518518518
0 0.7885416666666667 0.6611111111111111 0.01875 0.07592592592592592
0 0.41015625 0.6939814814814815 0.022395833333333334 0.08981481481481482
0 0.7151041666666667 0.6657407407407407 0.015625 0.06666666666666667
0 0.28072916666666664 0.6638888888888889 0.009375 0.040740740740740744
0 0.4 0.6837962962962963 0.017708333333333333 0.09722222222222222
0 0.6747395833333333 0.6643518518518519 0.015104166666666667 0.06574074074074074
0 0.6328125 0.6694444444444444 0.011458333333333333 0.04814814814814815
0 0.8981770833333333 0.6666666666666666 0.025520833333333333 0.11666666666666667
0 0.8380208333333333 0.6574074074074074 0.019791666666666666 0.07777777777777778
