0 0.3966145833333333 0.687037037037037 0.027604166666666666 0.11296296296296296
0 0.024739583333333332 0.6541666666666667 0.0171875 0.08981481481481482
0 0.7947916666666667 0.6583333333333333 0.01875 0.07777777777777778
0 0.40703125 0.6939814814814815 0.024479166666666666 0.08981481481481482
0 0.7208333333333333 0.6648148148148149 0.015625 0.06851851851851852
0 0.2796875 0.6615740740740741 0.010416666666666666 0.041666666666666664
0 0.39479166666666665 0.6824074074074075 0.019791666666666666 0.1
0 0.6794270833333333 0.663425925925926 0.015104166666666667 0.06759259259259259
0 0.6356770833333333 0.6689814814814815 0.011979166666666667 0.049074074074074076
0 0.909375 0.6638888888888889 0.026041666666666668 0.11851851851851852
0 0.846875 0.6550925925925926 0.020833333333333332 0.08055555555555556
