0 0.37994791666666666 0.6847222222222222 0.027604166666666666 0.1287037037037037
0 0.8236979166666667 0.6532407407407408 0.019270833333333334 0.08611111111111111
0 0.38958333333333334 0.6907407407407408 0.01875 0.1037037037037037
0 0.7479166666666667 0.6592592592592592 0.017708333333333333 0.07407407407407407
0 0.275 0.6615740740740741 0.010416666666666666 0.04722222222222222
0 0.3723958333333333 0.6800925925925926 0.025 0.11388888888888889
0 0.69921875 0.6583333333333333 0.018229166666666668 0.07222222222222222
0 0.6486979166666667 0.663425925925926 0.0140625 0.05462962962962963
0 0.9606770833333333 0.6597222222222222 0.0265625 0.13240740740740742
0 0.8890625 0.6504629629629629 0.021875 0.08981481481481482
