0 0.20963541666666666 0.3768518518518518 0.013020833333333334 0.05925925925925926
0 0.3846354166666667 0.38842592592592595 0.008854166666666666 0.058333333333333334
0 0.5583333333333333 0.42777777777777776 0.04583333333333333 0.27037037037037037
0 0.5174479166666667 0.44074074074074077 0.04739583333333333 0.27037037037037037
0 0.3372395833333333 0.3837962962962963 0.008854166666666666 0.04537037037037037
0 0.44140625 0.4064814814814815 0.0234375 0.11851851851851852
0 0.33046875 0.37916666666666665 0.005729166666666666 0.041666666666666664
0 0.23177083333333334 0.3768518518518518 0.009375 0.046296296296296294
0 0.1859375 0.37592592592592594 0.0125 0.06296296296296296
0 0.37213541666666666 0.3925925925925926 0.015104166666666667 0.06296296296296296
