0 0.059375 0.6263888888888889 0.011458333333333333 0.06759259259259259
0 0.8419270833333333 0.6486111111111111 0.011979166666666667 0.05462962962962963
0 0.38671875 0.6592592592592592 0.019270833333333334 0.08148148148148149
0 0.13229166666666667 0.6351851851851852 0.017708333333333333 0.05925925925925926
0 0.1703125 0.6407407407407407 0.015625 0.053703703703703705
0 0.8484375 0.6476851851851851 0.010416666666666666 0.05462962962962963
0 0.6497395833333334 0.6606481481481481 0.0140625 0.06018518518518518
0 0.14739583333333334 0.6472222222222223 0.021875 0.09074074074074075
0 0.634375 0.6574074074074074 0.016666666666666666 0.06666666666666667
0 0.12213541666666666 0.6449074074074074 0.013020833333333334 0.04351851851851852
0 0.34661458333333334 0.6689814814814815 0.0484375 0.1527777777777778
