0 0.06197916666666667 0.6263888888888889 0.011458333333333333 0.06759259259259259
0 0.8408854166666667 0.6481481481481481 0.011979166666666667 0.053703703703703705
0 0.3893229166666667 0.6578703703703703 0.019270833333333334 0.08055555555555556
0 0.134375 0.6347222222222222 0.017708333333333333 0.058333333333333334
0 0.17057291666666666 0.6407407407407407 0.015104166666666667 0.053703703703703705
0 0.8479166666666667 0.6467592592592593 0.010416666666666666 0.05462962962962963
0 0.6497395833333334 0.6578703703703703 0.0140625 0.06018518518518518
0 0.15208333333333332 0.6467592592592593 0.021875 0.08981481481481482
0 0.6348958333333333 0.6569444444444444 0.016666666666666666 0.06574074074074074
0 0.12369791666666667 0.6449074074074074 0.013020833333333334 0.04351851851851852
0 0.346875 0.6685185185185185 0.04375 0.15185185185185185
