0 0.05572916666666667 0.6263888888888889 0.0125 0.06759259259259259
0 0.8432291666666667 0.6486111111111111 0.011458333333333333 0.05462962962962963
0 0.3828125 0.6620370370370371 0.019791666666666666 0.08333333333333333
0 0.12864583333333332 0.6351851851851852 0.017708333333333333 0.05925925925925926
0 0.16614583333333333 0.6458333333333334 0.016666666666666666 0.05277777777777778
0 0.8502604166666666 0.6467592592592593 0.0109375 0.05462962962962963
0 0.6497395833333334 0.662962962962963 0.0140625 0.06296296296296296
0 0.13880208333333333 0.6486111111111111 0.022395833333333334 0.09166666666666666
0 0.6333333333333333 0.6569444444444444 0.016666666666666666 0.06759259259259259
0 0.11848958333333333 0.6458333333333334 0.013020833333333334 0.04351851851851852
0 0.3424479166666667 0.6712962962962963 0.049479166666666664 0.15555555555555556
