0 0.047135416666666666 0.6273148148148148 0.0140625 0.06759259259259259
0 0.8453125 0.6402777777777777 0.0125 0.05462962962962963
0 0.3736979166666667 0.6597222222222222 0.0203125 0.08611111111111111
0 0.1203125 0.6351851851851852 0.017708333333333333 0.05925925925925926
0 0.15729166666666666 0.6439814814814815 0.01875 0.058333333333333334
0 0.85234375 0.6398148148148148 0.011979166666666667 0.05740740740740741
0 0.6481770833333333 0.6560185185185186 0.015104166666666667 0.06574074074074074
0 0.12135416666666667 0.65 0.022916666666666665 0.09444444444444444
0 0.63046875 0.6532407407407408 0.0171875 0.06944444444444445
0 0.11119791666666666 0.6458333333333334 0.013020833333333334 0.04351851851851852
0 0.334375 0.6731481481481482 0.04895833333333333 0.16111111111111112
