0 0.03463541666666667 0.6287037037037037 0.016145833333333335 0.06851851851851852
0 0.8481770833333333 0.6314814814814815 0.013020833333333334 0.05555555555555555
0 0.36015625 0.6555555555555556 0.021354166666666667 0.08888888888888889
0 0.10833333333333334 0.6356481481481482 0.017708333333333333 0.06018518518518518
0 0.14166666666666666 0.6453703703703704 0.01875 0.05740740740740741
0 0.85546875 0.6310185185185185 0.013020833333333334 0.06018518518518518
0 0.64375 0.649074074074074 0.014583333333333334 0.06851851851851852
0 0.09427083333333333 0.6453703703703704 0.021875 0.1
0 0.6247395833333333 0.6476851851851851 0.0171875 0.07314814814814814
0 0.10026041666666667 0.6412037037037037 0.013020833333333334 0.04351851851851852
0 0.32708333333333334 0.6685185185185185 0.03854166666666667 0.17407407407407408
