0 0.01484375 0.6259259259259259 0.015104166666666667 0.06851851851851852
0 0.8510416666666667 0.6328703703703704 0.0125 0.06018518518518518
0 0.3359375 0.65 0.021875 0.09074074074074075
0 0.0890625 0.6310185185185185 0.017708333333333333 0.06388888888888888
0 0.12890625 0.6375 0.021354166666666667 0.06388888888888888
0 0.859375 0.6314814814814815 0.0125 0.06111111111111111
0 0.6372395833333333 0.6472222222222223 0.016145833333333335 0.07407407407407407
0 0.045572916666666664 0.6393518518518518 0.0203125 0.10092592592592593
0 0.6197916666666666 0.6486111111111111 0.017708333333333333 0.075
0 0.08098958333333334 0.6402777777777777 0.013020833333333334 0.04351851851851852
0 0.32447916666666665 0.6712962962962963 0.0625 0.1925925925925926
