0 0.7739583333333333 0.6287037037037037 0.03125 0.12407407407407407
0 0.66796875 0.6291666666666667 0.016145833333333335 0.06018518518518518
0 0.96015625 0.6074074074074074 0.030729166666666665 0.14444444444444443
0 0.6388020833333333 0.625 0.013020833333333334 0.05740740740740741
0 0.8458333333333333 0.6152777777777778 0.023958333333333335 0.10648148148148148
0 0.7 0.6310185185185185 0.016666666666666666 0.06759259259259259
0 0.7341145833333333 0.6314814814814815 0.0265625 0.0962962962962963
0 0.71015625 0.6300925925925925 0.0203125 0.09351851851851851
0 0.5328125 0.6263888888888889 0.0125 0.041666666666666664
0 0.4791666666666667 0.6370370370370371 0.008333333333333333 0.03518518518518519
0 0.6856770833333333 0.6268518518518519 0.013020833333333334 0.05740740740740741
