0 0.7643229166666666 0.6282407407407408 0.030729166666666665 0.12129629629629629
0 0.6622395833333333 0.6291666666666667 0.015104166666666667 0.058333333333333334
0 0.9466145833333334 0.6064814814814815 0.0328125 0.14444444444444443
0 0.6341145833333334 0.625 0.013020833333333334 0.05555555555555555
0 0.8354166666666667 0.6157407407407407 0.022916666666666665 0.10555555555555556
0 0.69375 0.6310185185185185 0.016666666666666666 0.06759259259259259
0 0.72734375 0.6300925925925925 0.0265625 0.09351851851851851
0 0.703125 0.6291666666666667 0.019791666666666666 0.09166666666666666
0 0.53046875 0.6259259259259259 0.011979166666666667 0.040740740740740744
0 0.47708333333333336 0.637962962962963 0.010416666666666666 0.03518518518518519
0 0.6799479166666667 0.6268518518518519 0.013020833333333334 0.05740740740740741
