0 0.9822916666666667 0.6175925925925926 0.034375 0.1962962962962963
0 0.77265625 0.624537037037037 0.024479166666666666 0.08055555555555556
0 0.6833333333333333 0.6125 0.010416666666666666 0.03796296296296296
0 0.221875 0.6375 0.013541666666666667 0.05092592592592592
0 0.7145833333333333 0.6180555555555556 0.017708333333333333 0.06388888888888888
0 0.25442708333333336 0.6402777777777777 0.011979166666666667 0.05092592592592592
0 0.83046875 0.6212962962962963 0.0265625 0.09814814814814815
0 0.6729166666666667 0.6148148148148148 0.010416666666666666 0.03888888888888889
0 0.24583333333333332 0.6375 0.010416666666666666 0.05092592592592592
0 0.8864583333333333 0.624537037037037 0.035416666666666666 0.1398148148148148
0 0.8614583333333333 0.6259259259259259 0.03229166666666667 0.1388888888888889
0 0.5677083333333334 0.6208333333333333 0.015625 0.05277777777777778
0 0.49270833333333336 0.6314814814814815 0.009375 0.040740740740740744
0 0.7973958333333333 0.6226851851851852 0.021875 0.07314814814814814
