0 0.9729166666666667 0.6259259259259259 0.029166666666666667 0.13148148148148148
0 0.7385416666666667 0.6092592592592593 0.011458333333333333 0.05185185185185185
0 0.1625 0.6314814814814815 0.016666666666666666 0.06666666666666667
0 0.8328125 0.6157407407407407 0.019791666666666666 0.10555555555555556
0 0.2046875 0.6333333333333333 0.013541666666666667 0.05740740740740741
0 0.7268229166666667 0.6101851851851852 0.011979166666666667 0.046296296296296294
0 0.80078125 0.6032407407407407 0.0140625 0.05277777777777778
0 0.19427083333333334 0.625 0.014583333333333334 0.05925925925925926
0 0.26276041666666666 0.6263888888888889 0.011979166666666667 0.04722222222222222
0 0.5979166666666667 0.6111111111111112 0.015625 0.06111111111111111
0 0.4890625 0.6305555555555555 0.015625 0.05
