0 0.9481770833333333 0.625462962962963 0.0328125 0.125
0 0.7333333333333333 0.6097222222222223 0.011458333333333333 0.049074074074074076
0 0.17005208333333333 0.6314814814814815 0.016145833333333335 0.06296296296296296
0 0.8171875 0.6157407407407407 0.019791666666666666 0.10185185185185185
0 0.2125 0.6356481481481482 0.013541666666666667 0.05648148148148148
0 0.7208333333333333 0.6111111111111112 0.011458333333333333 0.044444444444444446
0 0.79296875 0.6060185185185185 0.0140625 0.05277777777777778
0 0.20130208333333333 0.6259259259259259 0.0140625 0.05740740740740741
0 0.5950520833333334 0.6125 0.016145833333333335 0.05462962962962963
0 0.4903645833333333 0.6314814814814815 0.0171875 0.04814814814814815
0 0.9763020833333333 0.6240740740740741 0.025520833333333333 0.10185185185185185
