0 0.92421875 0.625462962962963 0.033854166666666664 0.11944444444444445
0 0.72734375 0.6092592592592593 0.0109375 0.046296296296296294
0 0.17734375 0.6328703703703704 0.016145833333333335 0.06018518518518518
0 0.8026041666666667 0.6166666666666667 0.019791666666666666 0.09814814814814815
0 0.22057291666666667 0.6375 0.013020833333333334 0.05462962962962963
0 0.71484375 0.6106481481481482 0.0109375 0.041666666666666664
0 0.2078125 0.6273148148148148 0.013541666666666667 0.05648148148148148
0 0.5919270833333333 0.6134259259259259 0.016145833333333335 0.05462962962962963
0 0.49114583333333334 0.6319444444444444 0.015625 0.04722222222222222
0 0.95234375 0.625462962962963 0.028645833333333332 0.09907407407407408
