0 0.75859375 0.6092592592592593 0.0140625 0.05185185185185185
0 0.14114583333333333 0.6296296296296297 0.017708333333333333 0.07592592592592592
0 0.8880208333333334 0.6157407407407407 0.021875 0.11296296296296296
0 0.18098958333333334 0.6282407407407408 0.0140625 0.062037037037037036
0 0.7455729166666667 0.612037037037037 0.011979166666666667 0.05185185185185185
0 0.8263020833333333 0.6050925925925926 0.0140625 0.05277777777777778
0 0.17213541666666668 0.6263888888888889 0.015104166666666667 0.06574074074074074
0 0.62734375 0.6157407407407407 0.015104166666666667 0.05185185185185185
0 0.24661458333333333 0.6305555555555555 0.011979166666666667 0.05555555555555555
0 0.8330729166666667 0.5990740740740741 0.013020833333333334 0.05740740740740741
0 0.60703125 0.6152777777777778 0.016145833333333335 0.06574074074074074
0 0.4856770833333333 0.6282407407407408 0.013020833333333334 0.05462962962962963
