0 0.16979166666666667 0.6365740740740741 0.011458333333333333 0.062037037037037036
0 0.7354166666666667 0.6236111111111111 0.01875 0.04722222222222222
0 0.8078125 0.6129629629629629 0.015625 0.06666666666666667
0 0.07786458333333333 0.6398148148148148 0.0203125 0.08333333333333333
0 0.25859375 0.6342592592592593 0.011979166666666667 0.04814814814814815
0 0.13255208333333332 0.638425925925926 0.0140625 0.062037037037037036
0 0.7927083333333333 0.6152777777777778 0.013541666666666667 0.062037037037037036
0 0.88828125 0.6092592592592593 0.015104166666666667 0.053703703703703705
0 0.6528645833333333 0.625 0.015104166666666667 0.06666666666666667
0 0.20677083333333332 0.6402777777777777 0.014583333333333334 0.06388888888888888
0 0.8973958333333333 0.6037037037037037 0.016666666666666666 0.07407407407407407
0 0.6302083333333334 0.6171296296296296 0.01875 0.075
0 0.47604166666666664 0.6407407407407407 0.015625 0.06111111111111111
