0 0.1515625 0.6328703703703704 0.011458333333333333 0.062037037037037036
0 0.7526041666666666 0.6171296296296296 0.01875 0.04722222222222222
0 0.83203125 0.6092592592592593 0.016145833333333335 0.06851851851851852
0 0.047135416666666666 0.6402777777777777 0.022395833333333334 0.08981481481481482
0 0.24505208333333334 0.6324074074074074 0.011979166666666667 0.04814814814814815
0 0.09765625 0.6421296296296296 0.016145833333333335 0.0787037037037037
0 0.81484375 0.6148148148148148 0.015104166666666667 0.07037037037037037
0 0.9174479166666667 0.6050925925925926 0.019270833333333334 0.06018518518518518
0 0.6658854166666667 0.6185185185185185 0.015104166666666667 0.06666666666666667
0 0.18723958333333332 0.6398148148148148 0.015104166666666667 0.07037037037037037
0 0.9283854166666666 0.6 0.016145833333333335 0.08518518518518518
0 0.6411458333333333 0.6143518518518518 0.01875 0.075
0 0.4708333333333333 0.6412037037037037 0.020833333333333332 0.06574074074074074
