0 0.10520833333333333 0.6208333333333333 0.015625 0.06944444444444445
0 0.8057291666666667 0.6106481481481482 0.022916666666666665 0.062037037037037036
0 0.8986979166666667 0.5972222222222222 0.0171875 0.08333333333333333
0 0.19895833333333332 0.6273148148148148 0.011458333333333333 0.05277777777777778
0 0.21223958333333334 0.6273148148148148 0.011979166666666667 0.058333333333333334
0 0.00859375 0.6388888888888888 0.0171875 0.1037037037037037
0 0.8200520833333333 0.6046296296296296 0.018229166666666668 0.07407407407407407
0 0.8796875 0.6037037037037037 0.017708333333333333 0.07592592592592592
0 0.7049479166666667 0.612037037037037 0.024479166666666666 0.08333333333333333
0 0.12864583333333332 0.6370370370370371 0.014583333333333334 0.08518518518518518
0 0.6763020833333333 0.6083333333333333 0.0234375 0.09444444444444444
0 0.4544270833333333 0.6361111111111111 0.025520833333333333 0.07962962962962963
