0 0.08072916666666667 0.6236111111111111 0.015625 0.06574074074074074
0 0.8296875 0.6064814814814815 0.025 0.06851851851851852
0 0.93125 0.5930555555555556 0.019791666666666666 0.08611111111111111
0 0.18255208333333334 0.625 0.013020833333333334 0.05925925925925926
0 0.19609375 0.6259259259259259 0.013020833333333334 0.06481481481481481
0 0.8471354166666667 0.600925925925926 0.018229166666666668 0.07962962962962963
0 0.9127604166666666 0.5981481481481481 0.019270833333333334 0.08148148148148149
0 0.7252604166666666 0.6092592592592593 0.027604166666666666 0.09074074074074075
0 0.10130208333333333 0.6328703703703704 0.015104166666666667 0.09351851851851851
0 0.6950520833333333 0.6041666666666666 0.0265625 0.10462962962962963
0 0.44557291666666665 0.6361111111111111 0.0234375 0.08888888888888889
