0 0.2989583333333333 0.7078703703703704 0.03125 0.11018518518518519
0 0.7630208333333334 0.649537037037037 0.015625 0.06944444444444445
0 0.22265625 0.6689814814814815 0.009895833333333333 0.03796296296296296
0 0.9140625 0.6347222222222222 0.028125 0.125
0 0.56796875 0.6611111111111111 0.0078125 0.037037037037037035
0 0.5697916666666667 0.6583333333333333 0.007291666666666667 0.037037037037037035
0 0.29791666666666666 0.7041666666666667 0.019791666666666666 0.10833333333333334
0 0.21041666666666667 0.6787037037037037 0.010416666666666666 0.046296296296296294
0 0.6046875 0.6550925925925926 0.010416666666666666 0.05462962962962963
0 0.19348958333333333 0.6777777777777778 0.011979166666666667 0.053703703703703705
