0 0.3875 0.412962962962963 0.036458333333333336 0.11851851851851852
0 0.08776041666666666 0.44675925925925924 0.0234375 0.08981481481481482
0 0.5377604166666666 0.3861111111111111 0.025520833333333333 0.09814814814814815
0 0.06979166666666667 0.43703703703703706 0.030208333333333334 0.11666666666666667
0 0.18229166666666666 0.37777777777777777 0.010416666666666666 0.044444444444444446
0 0.5638020833333334 0.387037037037037 0.024479166666666666 0.1
0 0.48072916666666665 0.3638888888888889 0.0125 0.05
0 0.10390625 0.4393518518518518 0.022395833333333334 0.11018518518518519
0 0.46875 0.36527777777777776 0.0125 0.05092592592592592
0 0.09869791666666666 0.42824074074074076 0.030729166666666665 0.10648148148148148
0 0.24869791666666666 0.3726851851851852 0.009895833333333333 0.049074074074074076
