0 0.4401041666666667 0.41805555555555557 0.0375 0.14166666666666666
0 0.0859375 0.44814814814814813 0.030208333333333334 0.1037037037037037
0 0.6013020833333333 0.39444444444444443 0.028645833333333332 0.10555555555555556
0 0.0625 0.43842592592592594 0.040625 0.14166666666666666
0 0.17161458333333332 0.3712962962962963 0.0109375 0.044444444444444446
0 0.6018229166666667 0.3962962962962963 0.022395833333333334 0.12222222222222222
0 0.47630208333333335 0.3680555555555556 0.0140625 0.06018518518518518
0 0.10729166666666666 0.4356481481481482 0.04375 0.12685185185185185
0 0.4674479166666667 0.36574074074074076 0.013020833333333334 0.05555555555555555
0 0.09921875 0.4217592592592593 0.022395833333333334 0.125
0 0.24088541666666666 0.3712962962962963 0.0109375 0.05185185185185185
