0 0.44479166666666664 0.4162037037037037 0.035416666666666666 0.14537037037037037
0 0.08515625 0.44722222222222224 0.0296875 0.10555555555555556
0 0.6075520833333333 0.39166666666666666 0.0328125 0.1111111111111111
0 0.061197916666666664 0.4388888888888889 0.04114583333333333 0.14444444444444443
0 0.17005208333333333 0.37037037037037035 0.0109375 0.044444444444444446
0 0.6049479166666667 0.39444444444444443 0.024479166666666666 0.1259259259259259
0 0.47552083333333334 0.3662037037037037 0.013541666666666667 0.06018518518518518
0 0.10520833333333333 0.4356481481481482 0.03958333333333333 0.13055555555555556
0 0.4669270833333333 0.3648148148148148 0.013020833333333334 0.05555555555555555
0 0.10104166666666667 0.42268518518518516 0.030208333333333334 0.125
0 0.23984375 0.3699074074074074 0.0109375 0.05277777777777778
