0 0.47265625 0.41064814814814815 0.0515625 0.15648148148148147
0 0.08177083333333333 0.4527777777777778 0.034375 0.11296296296296296
0 0.057291666666666664 0.44166666666666665 0.04479166666666667 0.15555555555555556
0 0.16119791666666666 0.3699074074074074 0.0109375 0.04537037037037037
0 0.6174479166666667 0.3888888888888889 0.030729166666666665 0.14074074074074075
0 0.4700520833333333 0.36203703703703705 0.015104166666666667 0.06296296296296296
0 0.09817708333333333 0.43796296296296294 0.0265625 0.14814814814814814
0 0.4640625 0.36157407407407405 0.015625 0.05277777777777778
0 0.09921875 0.425462962962963 0.034895833333333334 0.13425925925925927
0 0.2359375 0.3675925925925926 0.011458333333333333 0.05555555555555555
