0 0.4671875 0.4111111111111111 0.04895833333333333 0.15555555555555556
0 0.08255208333333333 0.4513888888888889 0.0328125 0.11018518518518519
0 0.05755208333333333 0.44074074074074077 0.043229166666666666 0.1537037037037037
0 0.16380208333333332 0.36944444444444446 0.0109375 0.044444444444444446
0 0.61484375 0.3907407407407407 0.030729166666666665 0.1388888888888889
0 0.4713541666666667 0.3625 0.014583333333333334 0.062037037037037036
0 0.09895833333333333 0.4361111111111111 0.026041666666666668 0.14444444444444443
0 0.46484375 0.36157407407407405 0.015104166666666667 0.05277777777777778
0 0.10052083333333334 0.42453703703703705 0.03854166666666667 0.13055555555555556
0 0.23645833333333333 0.36712962962962964 0.011458333333333333 0.05462962962962963
