0 0.5799479166666667 0.40324074074074073 0.0484375 0.1824074074074074
0 0.0796875 0.46574074074074073 0.04583333333333333 0.15925925925925927
0 0.0625 0.45555555555555555 0.052083333333333336 0.22037037037037038
0 0.13958333333333334 0.3726851851851852 0.011458333333333333 0.06018518518518518
0 0.64375 0.4023148148148148 0.03958333333333333 0.17685185185185184
0 0.44583333333333336 0.3662037037037037 0.016666666666666666 0.0712962962962963
0 0.08958333333333333 0.4513888888888889 0.036458333333333336 0.20462962962962963
0 0.45598958333333334 0.350462962962963 0.011979166666666667 0.05277777777777778
0 0.11276041666666667 0.42314814814814816 0.034895833333333334 0.17962962962962964
0 0.22213541666666667 0.36666666666666664 0.011979166666666667 0.06111111111111111
