0 0.578125 0.4023148148148148 0.04895833333333333 0.1824074074074074
0 0.07890625 0.4638888888888889 0.044270833333333336 0.16111111111111112
0 0.062239583333333334 0.45555555555555555 0.05260416666666667 0.21851851851851853
0 0.14010416666666667 0.3726851851851852 0.011458333333333333 0.06018518518518518
0 0.6432291666666666 0.40185185185185185 0.03958333333333333 0.17592592592592593
0 0.4466145833333333 0.36574074074074076 0.016145833333333335 0.07037037037037037
0 0.08880208333333334 0.45 0.0359375 0.2037037037037037
0 0.45598958333333334 0.35185185185185186 0.011979166666666667 0.053703703703703705
0 0.11276041666666667 0.42407407407407405 0.03697916666666667 0.17777777777777778
0 0.22265625 0.3675925925925926 0.011979166666666667 0.06111111111111111
