0 0.64453125 0.399537037037037 0.0359375 0.18425925925925926
0 0.08723958333333333 0.48055555555555557 0.05364583333333333 0.1962962962962963
0 0.08307291666666666 0.4740740740740741 0.0703125 0.2759259259259259
0 0.13151041666666666 0.37916666666666665 0.011979166666666667 0.062037037037037036
0 0.6497395833333334 0.4152777777777778 0.033854166666666664 0.2064814814814815
0 0.42734375 0.36574074074074076 0.0171875 0.07222222222222222
0 0.12083333333333333 0.475 0.06458333333333334 0.23333333333333334
0 0.453125 0.3560185185185185 0.0125 0.06018518518518518
0 0.14401041666666667 0.44027777777777777 0.0484375 0.20277777777777778
0 0.2171875 0.37546296296296294 0.0125 0.06388888888888888
