0 0.6528645833333333 0.3976851851851852 0.027604166666666666 0.18981481481481483
0 0.10026041666666667 0.4847222222222222 0.05260416666666667 0.19907407407407407
0 0.10260416666666666 0.48333333333333334 0.084375 0.2814814814814815
0 0.12942708333333333 0.37916666666666665 0.011979166666666667 0.062037037037037036
0 0.6510416666666666 0.41898148148148145 0.03125 0.21388888888888888
0 0.421875 0.3662037037037037 0.020833333333333332 0.0712962962962963
0 0.13619791666666667 0.4740740740740741 0.04739583333333333 0.2388888888888889
0 0.453125 0.35509259259259257 0.0125 0.06018518518518518
0 0.1484375 0.44351851851851853 0.05416666666666667 0.21296296296296297
0 0.21588541666666666 0.37407407407407406 0.011979166666666667 0.06296296296296296
