0 0.14140625 0.48333333333333334 0.0578125 0.2
0 0.14557291666666666 0.48055555555555557 0.08697916666666666 0.28888888888888886
0 0.01640625 0.4537037037037037 0.0328125 0.2037037037037037
0 0.128125 0.3800925925925926 0.0125 0.062037037037037036
0 0.6510416666666666 0.42314814814814816 0.03125 0.23333333333333334
0 0.40963541666666664 0.36574074074074076 0.016145833333333335 0.07222222222222222
0 0.18177083333333333 0.48009259259259257 0.06041666666666667 0.2490740740740741
0 0.45260416666666664 0.35138888888888886 0.014583333333333334 0.06018518518518518
0 0.18151041666666667 0.44027777777777777 0.0578125 0.2064814814814815
0 0.21458333333333332 0.37222222222222223 0.013541666666666667 0.06481481481481481
