0 0.19192708333333333 0.487962962962963 0.05677083333333333 0.21296296296296297
0 0.19036458333333334 0.47685185185185186 0.08385416666666666 0.29074074074074074
0 0.028385416666666666 0.4550925925925926 0.043229166666666666 0.21388888888888888
0 0.12682291666666667 0.37916666666666665 0.013020833333333334 0.062037037037037036
0 0.64921875 0.4273148148148148 0.033854166666666664 0.24537037037037038
0 0.4015625 0.3662037037037037 0.016666666666666666 0.07314814814814814
0 0.23046875 0.4787037037037037 0.08072916666666667 0.24814814814814815
0 0.45208333333333334 0.3509259259259259 0.015625 0.05925925925925926
0 0.20494791666666667 0.4444444444444444 0.0546875 0.22037037037037038
0 0.21354166666666666 0.37175925925925923 0.013541666666666667 0.06574074074074074
