0 0.21067708333333332 0.48703703703703705 0.0609375 0.2111111111111111
0 0.21276041666666667 0.47314814814814815 0.0828125 0.29074074074074074
0 0.032552083333333336 0.4550925925925926 0.05364583333333333 0.2175925925925926
0 0.12552083333333333 0.37916666666666665 0.013541666666666667 0.062037037037037036
0 0.6484375 0.42962962962962964 0.036458333333333336 0.25
0 0.39869791666666665 0.3662037037037037 0.019270833333333334 0.07314814814814814
0 0.25052083333333336 0.47175925925925927 0.046875 0.25092592592592594
0 0.45234375 0.35 0.016145833333333335 0.05925925925925926
0 0.22682291666666668 0.44212962962962965 0.049479166666666664 0.21944444444444444
0 0.21302083333333333 0.37222222222222223 0.013541666666666667 0.06481481481481481
