0 0.2875 0.48564814814814816 0.065625 0.21574074074074073
0 0.29270833333333335 0.4666666666666667 0.075 0.28888888888888886
0 0.07057291666666667 0.4537037037037037 0.0578125 0.23333333333333334
0 0.12421875 0.37824074074074077 0.0140625 0.06388888888888888
0 0.6473958333333333 0.43425925925925923 0.03854166666666667 0.2722222222222222
0 0.38125 0.36712962962962964 0.022916666666666665 0.075
0 0.3268229166666667 0.4722222222222222 0.0609375 0.25555555555555554
0 0.4518229166666667 0.3472222222222222 0.0140625 0.05925925925925926
0 0.28515625 0.4444444444444444 0.06927083333333334 0.22962962962962963
0 0.2109375 0.3712962962962963 0.013541666666666667 0.06666666666666667
