0 0.49947916666666664 0.47175925925925927 0.06770833333333333 0.2324074074074074
0 0.4981770833333333 0.4601851851851852 0.07447916666666667 0.28703703703703703
0 0.64921875 0.4162037037037037 0.033854166666666664 0.29907407407407405
0 0.21822916666666667 0.4583333333333333 0.059375 0.26666666666666666
0 0.11927083333333334 0.37546296296296294 0.013541666666666667 0.06018518518518518
0 0.646875 0.4444444444444444 0.0375 0.2962962962962963
0 0.34088541666666666 0.3685185185185185 0.0140625 0.07407407407407407
0 0.5494791666666666 0.4671296296296296 0.07291666666666667 0.24722222222222223
0 0.41302083333333334 0.4375 0.07083333333333333 0.225
0 0.20989583333333334 0.37175925925925923 0.011458333333333333 0.06574074074074074
