0 0.55234375 0.45694444444444443 0.05260416666666667 0.2212962962962963
0 0.5528645833333333 0.4564814814814815 0.06614583333333333 0.2777777777777778
0 0.6434895833333333 0.41435185185185186 0.04635416666666667 0.30277777777777776
0 0.2864583333333333 0.4550925925925926 0.08958333333333333 0.262037037037037
0 0.11901041666666666 0.37916666666666665 0.0140625 0.06018518518518518
0 0.6471354166666666 0.4449074074074074 0.0359375 0.2953703703703704
0 0.3255208333333333 0.36944444444444446 0.023958333333333335 0.07407407407407407
0 0.5997395833333333 0.44675925925925924 0.050520833333333334 0.2490740740740741
0 0.4625 0.4356481481481482 0.078125 0.22685185185185186
0 0.20963541666666666 0.37175925925925923 0.011979166666666667 0.06574074074074074
