0 0.58046875 0.4537037037037037 0.05260416666666667 0.20185185185185187
0 0.5783854166666667 0.4532407407407407 0.06197916666666667 0.2675925925925926
0 0.6252604166666667 0.4236111111111111 0.06927083333333334 0.3175925925925926
0 0.3375 0.4527777777777778 0.065625 0.26666666666666666
0 0.11770833333333333 0.3773148148148148 0.013541666666666667 0.058333333333333334
0 0.64453125 0.44537037037037036 0.044270833333333336 0.3148148148148148
0 0.3138020833333333 0.37083333333333335 0.0234375 0.075
0 0.6299479166666667 0.43287037037037035 0.04739583333333333 0.2361111111111111
0 0.49713541666666666 0.4351851851851852 0.0453125 0.22777777777777777
0 0.20989583333333334 0.37175925925925923 0.0125 0.06574074074074074
