0 0.58359375 0.4537037037037037 0.05260416666666667 0.2
0 0.5807291666666666 0.45231481481481484 0.06145833333333333 0.2657407407407407
0 0.6239583333333333 0.425462962962963 0.071875 0.3194444444444444
0 0.3424479166666667 0.45231481481481484 0.0640625 0.2675925925925926
0 0.11848958333333333 0.3773148148148148 0.0140625 0.058333333333333334
0 0.6434895833333333 0.44537037037037036 0.0453125 0.3148148148148148
0 0.31302083333333336 0.37083333333333335 0.022916666666666665 0.075
0 0.6330729166666667 0.43194444444444446 0.04635416666666667 0.23425925925925925
0 0.49973958333333335 0.4351851851851852 0.049479166666666664 0.22777777777777777
0 0.20989583333333334 0.37175925925925923 0.0125 0.06574074074074074
