0 0.60703125 0.45046296296296295 0.049479166666666664 0.1824074074074074
0 0.603125 0.44027777777777777 0.06041666666666667 0.2601851851851852
0 0.5955729166666667 0.43194444444444446 0.10364583333333334 0.3435185185185185
0 0.38697916666666665 0.45092592592592595 0.071875 0.26666666666666666
0 0.11927083333333334 0.37592592592592594 0.014583333333333334 0.05740740740740741
0 0.63828125 0.4476851851851852 0.05572916666666667 0.3175925925925926
0 0.3026041666666667 0.37037037037037035 0.016666666666666666 0.07777777777777778
0 0.6510416666666666 0.425 0.03125 0.2222222222222222
0 0.5278645833333333 0.4300925925925926 0.0546875 0.2175925925925926
0 0.209375 0.3726851851851852 0.0125 0.06574074074074074
