0 0.32708333333333334 0.6268518518518519 0.007291666666666667 0.03518518518518519
0 0.39375 0.6356481481481482 0.007291666666666667 0.04537037037037037
0 0.71015625 0.6550925925925926 0.033854166666666664 0.14907407407407408
0 0.34296875 0.6458333333333334 0.011979166666666667 0.062037037037037036
0 0.3497395833333333 0.6458333333333334 0.011979166666666667 0.06759259259259259
0 0.7455729166666667 0.649074074074074 0.04010416666666667 0.1425925925925926
0 0.3177083333333333 0.6300925925925925 0.015625 0.06018518518518518
0 0.6453125 0.6462962962962963 0.019791666666666666 0.08518518518518518
0 0.2989583333333333 0.6273148148148148 0.008333333333333333 0.04351851851851852
0 0.62734375 0.6453703703703704 0.019270833333333334 0.09074074074074075
0 0.52734375 0.6291666666666667 0.011979166666666667 0.030555555555555555
0 0.49947916666666664 0.6333333333333333 0.010416666666666666 0.040740740740740744
