0 0.29973958333333334 0.6259259259259259 0.008854166666666666 0.044444444444444446
0 0.37473958333333335 0.6324074074074074 0.009895833333333333 0.05555555555555555
0 0.89921875 0.6657407407407407 0.05364583333333333 0.26666666666666666
0 0.29270833333333335 0.6453703703703704 0.015625 0.09074074074074075
0 0.30078125 0.6486111111111111 0.0171875 0.08981481481481482
0 0.95 0.6625 0.05520833333333333 0.2564814814814815
0 0.2604166666666667 0.6328703703703704 0.021875 0.08981481481481482
0 0.715625 0.6458333333333334 0.03125 0.1175925925925926
0 0.271875 0.6203703703703703 0.008333333333333333 0.04259259259259259
0 0.6903645833333333 0.6467592592592593 0.027604166666666666 0.1175925925925926
0 0.52890625 0.6273148148148148 0.011979166666666667 0.03611111111111111
0 0.49583333333333335 0.6240740740740741 0.010416666666666666 0.044444444444444446
