0 0.2911458333333333 0.6277777777777778 0.009375 0.04814814814814815
0 0.3690104166666667 0.6347222222222222 0.0109375 0.058333333333333334
0 0.27317708333333335 0.649537037037037 0.0171875 0.10277777777777777
0 0.28125 0.6532407407407408 0.019791666666666666 0.10277777777777777
0 0.23489583333333333 0.6356481481481482 0.021875 0.09722222222222222
0 0.7484375 0.6412037037037037 0.03125 0.1361111111111111
0 0.2677083333333333 0.6226851851851852 0.009375 0.049074074074074076
0 0.7203125 0.6481481481481481 0.028125 0.13518518518518519
0 0.5322916666666667 0.625462962962963 0.0125 0.03981481481481482
0 0.4979166666666667 0.6236111111111111 0.010416666666666666 0.04722222222222222
