0 0.2838541666666667 0.6212962962962963 0.011458333333333333 0.053703703703703705
0 0.365625 0.6277777777777778 0.010416666666666666 0.06296296296296296
0 0.2518229166666667 0.65 0.018229166666666668 0.1111111111111111
0 0.2604166666666667 0.6509259259259259 0.019791666666666666 0.11851851851851852
0 0.21223958333333334 0.6273148148148148 0.025520833333333333 0.11018518518518519
0 0.7786458333333334 0.6388888888888888 0.03125 0.15185185185185185
0 0.2640625 0.6212962962962963 0.010416666666666666 0.053703703703703705
0 0.7515625 0.6430555555555556 0.03333333333333333 0.14537037037037037
0 0.5356770833333333 0.6203703703703703 0.0140625 0.040740740740740744
0 0.49921875 0.6189814814814815 0.0109375 0.049074074074074076
