0 0.27890625 0.6226851851851852 0.009895833333333333 0.05648148148148148
0 0.36328125 0.6287037037037037 0.0109375 0.06296296296296296
0 0.23515625 0.6527777777777778 0.024479166666666666 0.12777777777777777
0 0.24322916666666666 0.6532407407407408 0.020833333333333332 0.125
0 0.19088541666666667 0.6328703703703704 0.027604166666666666 0.11944444444444445
0 0.8075520833333333 0.6421296296296296 0.0359375 0.16018518518518518
0 0.26015625 0.6180555555555556 0.011979166666666667 0.05277777777777778
0 0.778125 0.6458333333333334 0.034375 0.15648148148148147
0 0.53828125 0.6180555555555556 0.0140625 0.041666666666666664
0 0.5005208333333333 0.6199074074074075 0.011458333333333333 0.05092592592592592
