0 0.275 0.625 0.010416666666666666 0.05555555555555555
0 0.3614583333333333 0.6300925925925925 0.011458333333333333 0.06388888888888888
0 0.22213541666666667 0.6560185185185186 0.025520833333333333 0.13240740740740742
0 0.22890625 0.6569444444444444 0.0234375 0.13055555555555556
0 0.17578125 0.6324074074074074 0.0265625 0.12222222222222222
0 0.83046875 0.6462962962962963 0.0421875 0.16666666666666666
0 0.2596354166666667 0.6199074074074075 0.011979166666666667 0.05277777777777778
0 0.79609375 0.6486111111111111 0.034895833333333334 0.16574074074074074
0 0.540625 0.6199074074074075 0.014583333333333334 0.04351851851851852
0 0.5028645833333333 0.6240740740740741 0.011979166666666667 0.05185185185185185
