0 0.2713541666666667 0.6231481481481481 0.011458333333333333 0.05925925925925926
0 0.3611979166666667 0.6333333333333333 0.0140625 0.06666666666666667
0 0.2078125 0.6606481481481481 0.027083333333333334 0.1398148148148148
0 0.21484375 0.6578703703703703 0.0265625 0.1398148148148148
0 0.15494791666666666 0.6356481481481482 0.0328125 0.13425925925925927
0 0.8528645833333334 0.6481481481481481 0.044270833333333336 0.17962962962962964
0 0.2596354166666667 0.6180555555555556 0.011979166666666667 0.05462962962962963
0 0.815625 0.6523148148148148 0.035416666666666666 0.1824074074074074
0 0.54140625 0.6212962962962963 0.015104166666666667 0.046296296296296294
0 0.5044270833333333 0.6231481481481481 0.011979166666666667 0.05185185185185185
