0 0.2674479166666667 0.6375 0.013020833333333334 0.06018518518518518
0 0.36302083333333335 0.65 0.016666666666666666 0.06851851851851852
0 0.1875 0.6717592592592593 0.029166666666666667 0.14907407407407408
0 0.19348958333333333 0.6759259259259259 0.030729166666666665 0.15
0 0.12682291666666667 0.6449074074074074 0.033854166666666664 0.14166666666666666
0 0.87265625 0.6638888888888889 0.04635416666666667 0.18703703703703703
0 0.25833333333333336 0.6324074074074074 0.0125 0.05185185185185185
0 0.8328125 0.6666666666666666 0.040625 0.18703703703703703
0 0.5427083333333333 0.6337962962962963 0.015625 0.05092592592592592
0 0.50390625 0.6333333333333333 0.011979166666666667 0.05185185185185185
