0 0.26848958333333334 0.6416666666666667 0.011979166666666667 0.06111111111111111
0 0.36171875 0.6541666666666667 0.018229166666666668 0.06944444444444445
0 0.19375 0.674074074074074 0.027083333333333334 0.1425925925925926
0 0.20130208333333333 0.6837962962962963 0.028645833333333332 0.14907407407407408
0 0.13671875 0.6532407407407408 0.033854166666666664 0.13796296296296295
0 0.865625 0.674537037037037 0.04583333333333333 0.18611111111111112
0 0.25729166666666664 0.637962962962963 0.014583333333333334 0.05740740740740741
0 0.82890625 0.6736111111111112 0.03697916666666667 0.18796296296296297
0 0.5421875 0.6402777777777777 0.015625 0.05092592592592592
0 0.5044270833333333 0.6444444444444445 0.011979166666666667 0.05185185185185185
