0 0.26875 0.6268518518518519 0.013541666666666667 0.06296296296296296
0 0.37578125 0.6393518518518518 0.0234375 0.06944444444444445
0 0.17083333333333334 0.6601851851851852 0.030208333333333334 0.1537037037037037
0 0.18489583333333334 0.6671296296296296 0.03333333333333333 0.15648148148148147
0 0.10364583333333334 0.6351851851851852 0.034375 0.15185185185185185
0 0.8841145833333334 0.6532407407407408 0.0484375 0.18981481481481483
0 0.26223958333333336 0.6212962962962963 0.009895833333333333 0.053703703703703705
0 0.8453125 0.6546296296296297 0.046875 0.1962962962962963
0 0.5458333333333333 0.6189814814814815 0.015625 0.05092592592592592
0 0.5065104166666666 0.6226851851851852 0.013020833333333334 0.058333333333333334
