0 0.27630208333333334 0.6319444444444444 0.016145833333333335 0.06574074074074074
0 0.40859375 0.6439814814814815 0.0203125 0.0712962962962963
0 0.17734375 0.6726851851851852 0.0390625 0.16018518518518518
0 0.21666666666666667 0.6861111111111111 0.04479166666666667 0.1648148148148148
0 0.05572916666666667 0.6375 0.03854166666666667 0.17314814814814813
0 0.87890625 0.6527777777777778 0.0515625 0.19444444444444445
0 0.27239583333333334 0.6231481481481481 0.011458333333333333 0.06481481481481481
0 0.8377604166666667 0.6611111111111111 0.04739583333333333 0.20185185185185187
0 0.55 0.625462962962963 0.015625 0.05092592592592592
0 0.5106770833333333 0.6259259259259259 0.011979166666666667 0.05185185185185185
