0 0.28151041666666665 0.6152777777777778 0.013020833333333334 0.06759259259259259
0 0.42265625 0.625 0.0140625 0.07407407407407407
0 0.20338541666666668 0.6708333333333333 0.0390625 0.1638888888888889
0 0.24270833333333333 0.6712962962962963 0.04479166666666667 0.17037037037037037
0 0.03697916666666667 0.6273148148148148 0.035416666666666666 0.18055555555555555
0 0.8721354166666667 0.6402777777777777 0.0484375 0.1935185185185185
0 0.2786458333333333 0.6138888888888889 0.011458333333333333 0.06296296296296296
0 0.8338541666666667 0.6425925925925926 0.042708333333333334 0.2037037037037037
0 0.5520833333333334 0.6078703703703704 0.015625 0.05092592592592592
0 0.5109375 0.6083333333333333 0.013541666666666667 0.05185185185185185
