0 0.2859375 0.6162037037037037 0.016666666666666666 0.06759259259259259
0 0.43072916666666666 0.6259259259259259 0.023958333333333335 0.07407407407407407
0 0.22708333333333333 0.6699074074074074 0.046875 0.1675925925925926
0 0.25494791666666666 0.6717592592592593 0.04635416666666667 0.17314814814814813
0 0.02421875 0.6259259259259259 0.0390625 0.18333333333333332
0 0.8666666666666667 0.6421296296296296 0.046875 0.1935185185185185
0 0.28177083333333336 0.6125 0.0125 0.06388888888888888
0 0.8309895833333333 0.6467592592592593 0.043229166666666666 0.19907407407407407
0 0.5520833333333334 0.6078703703703704 0.015625 0.05092592592592592
0 0.5119791666666667 0.612037037037037 0.013541666666666667 0.05185185185185185
