0 0.4088541666666667 0.6685185185185185 0.028125 0.08703703703703704
0 0.6260416666666667 0.6606481481481481 0.027083333333333334 0.09537037037037037
0 0.6739583333333333 0.7703703703703704 0.0875 0.31296296296296294
0 0.7809895833333333 0.7662037037037037 0.0828125 0.3287037037037037
0 0.15234375 0.6398148148148148 0.015104166666666667 0.053703703703703705
0 0.940625 0.6782407407407407 0.046875 0.2064814814814815
0 0.3763020833333333 0.6685185185185185 0.019270833333333334 0.08333333333333333
0 0.9028645833333333 0.6847222222222222 0.0484375 0.21388888888888888
0 0.57265625 0.6458333333333334 0.019270833333333334 0.05462962962962963
0 0.5276041666666667 0.6462962962962963 0.017708333333333333 0.06111111111111111
