0 0.6260416666666667 0.6671296296296296 0.01875 0.08611111111111111
0 0.21510416666666668 0.6523148148148148 0.020833333333333332 0.09166666666666666
0 0.96640625 0.6574074074074074 0.0109375 0.03518518518518519
0 0.03958333333333333 0.6587962962962963 0.034375 0.16018518518518518
0 0.26197916666666665 0.6583333333333333 0.023958333333333335 0.07592592592592592
0 0.6106770833333334 0.6689814814814815 0.016145833333333335 0.07314814814814814
0 0.5841145833333333 0.6537037037037037 0.011979166666666667 0.05185185185185185
0 0.24557291666666667 0.6550925925925926 0.021354166666666667 0.0787037037037037
0 0.63671875 0.6541666666666667 0.0140625 0.05277777777777778
0 0.95859375 0.6486111111111111 0.013020833333333334 0.05092592592592592
