0 0.6270833333333333 0.6666666666666666 0.020833333333333332 0.08703703703703704
0 0.2109375 0.6504629629629629 0.022916666666666665 0.09537037037037037
0 0.9690104166666667 0.6592592592592592 0.0109375 0.03518518518518519
0 0.028385416666666666 0.6587962962962963 0.0359375 0.1638888888888889
0 0.25885416666666666 0.6574074074074074 0.026041666666666668 0.07777777777777778
0 0.6114583333333333 0.6685185185185185 0.015625 0.07592592592592592
0 0.58515625 0.6537037037037037 0.011979166666666667 0.05185185185185185
0 0.24322916666666666 0.6527777777777778 0.021875 0.07962962962962963
0 0.63671875 0.6541666666666667 0.0140625 0.05277777777777778
0 0.96015625 0.6476851851851851 0.013020833333333334 0.05092592592592592
