0 0.62734375 0.6671296296296296 0.022395833333333334 0.08796296296296297
0 0.20390625 0.649074074074074 0.024479166666666666 0.09814814814814815
0 0.97734375 0.6592592592592592 0.0109375 0.03518518518518519
0 0.01171875 0.6541666666666667 0.021354166666666667 0.1638888888888889
0 0.17630208333333333 0.6421296296296296 0.013020833333333334 0.06018518518518518
0 0.25390625 0.6546296296296297 0.027604166666666666 0.07962962962962963
0 0.6138020833333333 0.6694444444444444 0.016145833333333335 0.07777777777777778
0 0.5856770833333333 0.6537037037037037 0.011979166666666667 0.05185185185185185
0 0.23229166666666667 0.6518518518518519 0.022916666666666665 0.07962962962962963
0 0.63671875 0.6541666666666667 0.0140625 0.05277777777777778
0 0.9684895833333333 0.6513888888888889 0.013020833333333334 0.05092592592592592
