0 0.628125 0.6694444444444444 0.023958333333333335 0.09259259259259259
0 0.18880208333333334 0.6513888888888889 0.027604166666666666 0.10277777777777777
0 0.99140625 0.6611111111111111 0.0109375 0.03518518518518519
0 0.16432291666666668 0.6421296296296296 0.013020833333333334 0.06018518518518518
0 0.2375 0.6541666666666667 0.029166666666666667 0.0824074074074074
0 0.6213541666666667 0.6731481481481482 0.015625 0.08148148148148149
0 0.5861979166666667 0.6537037037037037 0.011979166666666667 0.05185185185185185
0 0.22083333333333333 0.6532407407407408 0.023958333333333335 0.08055555555555556
0 0.6372395833333333 0.6550925925925926 0.0140625 0.05462962962962963
0 0.9841145833333333 0.6532407407407408 0.013020833333333334 0.05092592592592592
