0 0.13203125 0.6240740740740741 0.044270833333333336 0.2111111111111111
0 0.8033854166666666 0.600462962962963 0.0328125 0.13240740740740742
0 0.93984375 0.575462962962963 0.027604166666666666 0.12685185185185185
0 0.6953125 0.5685185185185185 0.017708333333333333 0.07777777777777778
0 0.7364583333333333 0.6023148148148149 0.040625 0.20277777777777778
0 0.71640625 0.575462962962963 0.013020833333333334 0.06018518518518518
0 0.56875 0.5773148148148148 0.016666666666666666 0.04351851851851852
0 0.7984375 0.5722222222222222 0.019791666666666666 0.07962962962962963
0 0.6153645833333333 0.5532407407407407 0.011979166666666667 0.04537037037037037
0 0.19140625 0.5736111111111111 0.013020833333333334 0.04722222222222222
