0 0.06041666666666667 0.6421296296296296 0.04583333333333333 0.275
0 0.80703125 0.6018518518518519 0.030729166666666665 0.1425925925925926
0 0.9494791666666667 0.575 0.028125 0.13333333333333333
0 0.6953125 0.5685185185185185 0.017708333333333333 0.07777777777777778
0 0.7565104166666666 0.6046296296296296 0.04635416666666667 0.2222222222222222
0 0.71796875 0.5745370370370371 0.013020833333333334 0.06018518518518518
0 0.5708333333333333 0.5763888888888888 0.016666666666666666 0.04351851851851852
0 0.8208333333333333 0.5703703703703704 0.019791666666666666 0.08333333333333333
0 0.6216145833333333 0.5532407407407407 0.011979166666666667 0.04537037037037037
0 0.18828125 0.5736111111111111 0.013020833333333334 0.04722222222222222
