0 0.019791666666666666 0.6518518518518519 0.03958333333333333 0.29259259259259257
0 0.8057291666666667 0.6064814814814815 0.03958333333333333 0.14814814814814814
0 0.9544270833333334 0.575925925925926 0.030729166666666665 0.1388888888888889
0 0.6953125 0.5685185185185185 0.017708333333333333 0.07777777777777778
0 0.765625 0.6046296296296296 0.046875 0.23148148148148148
0 0.7184895833333333 0.5736111111111111 0.013020833333333334 0.06018518518518518
0 0.5713541666666667 0.5763888888888888 0.016666666666666666 0.04351851851851852
0 0.8302083333333333 0.5694444444444444 0.019791666666666666 0.08518518518518518
0 0.62421875 0.5523148148148148 0.011979166666666667 0.04537037037037037
0 0.18697916666666667 0.5736111111111111 0.013541666666666667 0.04722222222222222
