0 0.51015625 0.6462962962962963 0.0453125 0.22777777777777777
0 0.88203125 0.5763888888888888 0.0265625 0.12314814814814815
0 0.6703125 0.5560185185185185 0.017708333333333333 0.07314814814814814
0 0.21901041666666668 0.6476851851851851 0.0890625 0.31203703703703706
0 0.6888020833333334 0.562962962962963 0.013020833333333334 0.05555555555555555
0 0.5765625 0.5745370370370371 0.016666666666666666 0.04351851851851852
0 0.9666666666666667 0.5652777777777778 0.022916666666666665 0.09166666666666666
0 0.646875 0.5444444444444444 0.0125 0.04814814814814815
0 0.66640625 0.5546296296296296 0.0140625 0.05555555555555555
0 0.18984375 0.5787037037037037 0.0171875 0.053703703703703705
