0 0.44375 0.6513888888888889 0.06354166666666666 0.2212962962962963
0 0.8669270833333333 0.5736111111111111 0.0265625 0.12314814814814815
0 0.665625 0.5541666666666667 0.017708333333333333 0.07314814814814814
0 0.10755208333333334 0.6611111111111111 0.08385416666666666 0.31666666666666665
0 0.68203125 0.5611111111111111 0.013020833333333334 0.053703703703703705
0 0.5765625 0.5745370370370371 0.016666666666666666 0.04351851851851852
0 0.9791666666666666 0.5643518518518519 0.022916666666666665 0.09166666666666666
0 0.646875 0.5444444444444444 0.0125 0.04814814814814815
0 0.6731770833333334 0.5523148148148148 0.0140625 0.05648148148148148
0 0.19192708333333333 0.5787037037037037 0.0171875 0.053703703703703705
