0 0.4140625 0.6509259259259259 0.052083333333333336 0.22777777777777777
0 0.8596354166666667 0.5736111111111111 0.0265625 0.12314814814814815
0 0.6630208333333333 0.5541666666666667 0.017708333333333333 0.07314814814814814
0 0.06380208333333333 0.6703703703703704 0.08697916666666666 0.3148148148148148
0 0.6796875 0.5601851851851852 0.013541666666666667 0.053703703703703705
0 0.5765625 0.5745370370370371 0.016666666666666666 0.04351851851851852
0 0.9838541666666667 0.5634259259259259 0.022916666666666665 0.09166666666666666
0 0.646875 0.5444444444444444 0.0125 0.04814814814814815
0 0.6768229166666667 0.5523148148148148 0.0140625 0.06018518518518518
0 0.19244791666666666 0.5787037037037037 0.0171875 0.053703703703703705
