0 0.41875 0.6513888888888889 0.05520833333333333 0.22685185185185186
0 0.8606770833333334 0.5736111111111111 0.0265625 0.12314814814814815
0 0.6635416666666667 0.5541666666666667 0.017708333333333333 0.07314814814814814
0 0.06927083333333334 0.6699074074074074 0.09166666666666666 0.31574074074074077
0 0.6796875 0.5601851851851852 0.013541666666666667 0.053703703703703705
0 0.5765625 0.5745370370370371 0.016666666666666666 0.04351851851851852
0 0.9833333333333333 0.5634259259259259 0.022916666666666665 0.09166666666666666
0 0.646875 0.5444444444444444 0.0125 0.04814814814814815
0 0.6763020833333333 0.5518518518518518 0.0140625 0.05925925925925926
0 0.19244791666666666 0.5787037037037037 0.0171875 0.053703703703703705
