0 0.36770833333333336 0.6560185185185186 0.05625 0.23055555555555557
0 0.84921875 0.5745370370370371 0.022395833333333334 0.12314814814814815
0 0.6598958333333333 0.5541666666666667 0.017708333333333333 0.07314814814814814
0 0.0234375 0.6754629629629629 0.046875 0.30092592592592593
0 0.675 0.5592592592592592 0.013541666666666667 0.053703703703703705
0 0.5765625 0.5745370370370371 0.016666666666666666 0.04351851851851852
0 0.9901041666666667 0.5634259259259259 0.01875 0.09166666666666666
0 0.646875 0.5444444444444444 0.0125 0.04814814814814815
0 0.6841145833333333 0.5537037037037037 0.0140625 0.06481481481481481
0 0.19244791666666666 0.5787037037037037 0.0171875 0.053703703703703705
