0 0.3723958333333333 0.6555555555555556 0.06041666666666667 0.22962962962962963
0 0.85 0.5745370370370371 0.022916666666666665 0.12314814814814815
0 0.6598958333333333 0.5541666666666667 0.017708333333333333 0.07314814814814814
0 0.025260416666666667 0.6759259259259259 0.050520833333333334 0.30185185185185187
0 0.6755208333333333 0.5592592592592592 0.013541666666666667 0.053703703703703705
0 0.5765625 0.5745370370370371 0.016666666666666666 0.04351851851851852
0 0.9895833333333334 0.5634259259259259 0.019791666666666666 0.09166666666666666
0 0.646875 0.5444444444444444 0.0125 0.04814814814814815
0 0.68359375 0.5537037037037037 0.0140625 0.06481481481481481
0 0.19244791666666666 0.5787037037037037 0.0171875 0.053703703703703705
