0 0.3828125 0.6555555555555556 0.07291666666666667 0.22962962962962963
0 0.853125 0.5745370370370371 0.023958333333333335 0.12314814814814815
0 0.6609375 0.5541666666666667 0.017708333333333333 0.07314814814814814
0 0.03203125 0.6768518518518518 0.0640625 0.3037037037037037
0 0.6765625 0.5592592592592592 0.013541666666666667 0.053703703703703705
0 0.5765625 0.5745370370370371 0.016666666666666666 0.04351851851851852
0 0.9877604166666667 0.5634259259259259 0.0203125 0.09166666666666666
0 0.646875 0.5444444444444444 0.0125 0.04814814814814815
0 0.6815104166666667 0.5527777777777778 0.0140625 0.06481481481481481
0 0.19244791666666666 0.5787037037037037 0.0171875 0.053703703703703705
