0 0.34921875 0.6564814814814814 0.049479166666666664 0.23148148148148148
0 0.8466145833333333 0.575462962962963 0.022395833333333334 0.12129629629629629
0 0.6588541666666666 0.5550925925925926 0.017708333333333333 0.07314814814814814
0 0.016145833333333335 0.6736111111111112 0.03229166666666667 0.2935185185185185
0 0.6739583333333333 0.5592592592592592 0.013541666666666667 0.053703703703703705
0 0.5765625 0.575 0.016666666666666666 0.044444444444444446
0 0.9916666666666667 0.5643518518518519 0.015625 0.09166666666666666
0 0.646875 0.5444444444444444 0.0125 0.04814814814814815
0 0.68671875 0.5546296296296296 0.0140625 0.06481481481481481
0 0.19244791666666666 0.5787037037037037 0.0171875 0.053703703703703705
