0 0.5744791666666667 0.38055555555555554 0.025 0.1
0 0.5479166666666667 0.3851851851851852 0.01875 0.09444444444444444
0 0.17369791666666667 0.3958333333333333 0.015104166666666667 0.0787037037037037
0 0.49192708333333335 0.38657407407407407 0.015104166666666667 0.06574074074074074
0 0.16927083333333334 0.3962962962962963 0.010416666666666666 0.07407407407407407
0 0.6505208333333333 0.39814814814814814 0.025 0.15
0 0.5278645833333333 0.39305555555555555 0.0234375 0.09166666666666666
0 0.5294270833333333 0.3861111111111111 0.016145833333333335 0.07407407407407407
0 0.22682291666666668 0.38472222222222224 0.009895833333333333 0.04351851851851852
0 0.27447916666666666 0.37083333333333335 0.004166666666666667 0.019444444444444445
0 0.5380208333333333 0.3921296296296296 0.016666666666666666 0.08425925925925926
0 0.140625 0.39861111111111114 0.014583333333333334 0.06388888888888888
0 0.40989583333333335 0.38564814814814813 0.013541666666666667 0.06759259259259259
