0 0.5802083333333333 0.3819444444444444 0.025 0.10277777777777777
0 0.55234375 0.3861111111111111 0.019270833333333334 0.0962962962962963
0 0.16901041666666666 0.39675925925925926 0.015104166666666667 0.08055555555555556
0 0.4953125 0.387037037037037 0.015625 0.06666666666666667
0 0.16510416666666666 0.3972222222222222 0.010416666666666666 0.07592592592592592
0 0.6567708333333333 0.3990740740740741 0.019791666666666666 0.15
0 0.5348958333333333 0.39490740740740743 0.023958333333333335 0.09537037037037037
0 0.53203125 0.38657407407407407 0.016145833333333335 0.075
0 0.22473958333333333 0.3851851851851852 0.009895833333333333 0.044444444444444446
0 0.27447916666666666 0.3699074074074074 0.004166666666666667 0.019444444444444445
0 0.54609375 0.3939814814814815 0.0171875 0.08796296296296297
0 0.1359375 0.3990740740740741 0.014583333333333334 0.06481481481481481
0 0.4114583333333333 0.3861111111111111 0.013541666666666667 0.06851851851851852
