0 0.5942708333333333 0.3888888888888889 0.023958333333333335 0.1111111111111111
0 0.5638020833333334 0.3907407407407407 0.0203125 0.10185185185185185
0 0.15729166666666666 0.39814814814814814 0.015625 0.08518518518518518
0 0.503125 0.39537037037037037 0.017708333333333333 0.07222222222222222
0 0.15364583333333334 0.39861111111111114 0.011458333333333333 0.0824074074074074
0 0.5557291666666667 0.4 0.025 0.10555555555555556
0 0.54140625 0.38935185185185184 0.0171875 0.08055555555555556
0 0.21875 0.38564814814814813 0.010416666666666666 0.04722222222222222
0 0.27317708333333335 0.37175925925925923 0.0036458333333333334 0.019444444444444445
0 0.5684895833333333 0.4013888888888889 0.018229166666666668 0.09907407407407408
0 0.12395833333333334 0.3990740740740741 0.015625 0.06851851851851852
0 0.41432291666666665 0.3888888888888889 0.013020833333333334 0.07222222222222222
