0 0.6283854166666667 0.39814814814814814 0.027604166666666666 0.14074074074074075
0 0.078125 0.41064814814814815 0.028125 0.1287037037037037
0 0.55390625 0.40046296296296297 0.024479166666666666 0.08981481481481482
0 0.07916666666666666 0.41203703703703703 0.022916666666666665 0.10925925925925926
0 0.59765625 0.40185185185185185 0.024479166666666666 0.1111111111111111
0 0.18619791666666666 0.3907407407407407 0.0140625 0.05925925925925926
0 0.26901041666666664 0.3731481481481482 0.0046875 0.022222222222222223
0 0.246875 0.3712962962962963 0.005208333333333333 0.02962962962962963
0 0.053125 0.4074074074074074 0.01875 0.09259259259259259
0 0.43385416666666665 0.39305555555555555 0.019791666666666666 0.09351851851851851
