0 0.6513020833333333 0.6754629629629629 0.016145833333333335 0.058333333333333334
0 0.005208333333333333 0.7152777777777778 0.010416666666666666 0.2212962962962963
0 0.45416666666666666 0.6861111111111111 0.009375 0.044444444444444446
0 0.02421875 0.7018518518518518 0.0484375 0.24259259259259258
0 0.32864583333333336 0.6888888888888889 0.013541666666666667 0.07592592592592592
0 0.3255208333333333 0.6949074074074074 0.016666666666666666 0.07314814814814814
0 0.6453125 0.6759259259259259 0.011458333333333333 0.05740740740740741
0 0.30182291666666666 0.6921296296296297 0.0203125 0.08611111111111111
0 0.5091145833333334 0.6833333333333333 0.0046875 0.022222222222222223
0 0.428125 0.6810185185185185 0.010416666666666666 0.041666666666666664
0 0.46458333333333335 0.6837962962962963 0.009375 0.049074074074074076
