0 0.6533854166666667 0.6782407407407407 0.016145833333333335 0.06759259259259259
0 0.4421875 0.6898148148148148 0.011458333333333333 0.053703703703703705
0 0.39427083333333335 0.687962962962963 0.0125 0.04259259259259259
0 0.2921875 0.6925925925925925 0.014583333333333334 0.09074074074074075
0 0.28932291666666665 0.6976851851851852 0.0171875 0.08425925925925926
0 0.6494791666666667 0.6791666666666667 0.016666666666666666 0.06574074074074074
0 0.25677083333333334 0.6935185185185185 0.022916666666666665 0.1037037037037037
0 0.50625 0.6856481481481481 0.005208333333333333 0.023148148148148147
0 0.4244791666666667 0.6847222222222222 0.011458333333333333 0.04537037037037037
0 0.45234375 0.6884259259259259 0.0109375 0.05648148148148148
