0 0.6546875 0.6828703703703703 0.021875 0.07685185185185185
0 0.43359375 0.6930555555555555 0.011979166666666667 0.058333333333333334
0 0.3893229166666667 0.6847222222222222 0.0140625 0.041666666666666664
0 0.26848958333333334 0.6944444444444444 0.019270833333333334 0.09814814814814815
0 0.2609375 0.7018518518518518 0.021875 0.09444444444444444
0 0.65078125 0.6828703703703703 0.019270833333333334 0.0712962962962963
0 0.4161458333333333 0.6847222222222222 0.011458333333333333 0.041666666666666664
0 0.22552083333333334 0.6949074074074074 0.025 0.1175925925925926
0 0.5052083333333334 0.6884259259259259 0.005208333333333333 0.023148148148148147
0 0.42213541666666665 0.6833333333333333 0.011979166666666667 0.040740740740740744
0 0.4453125 0.6930555555555555 0.011458333333333333 0.06018518518518518
