0 0.6533854166666667 0.6805555555555556 0.013020833333333334 0.07592592592592592
0 0.43776041666666665 0.6921296296296297 0.011979166666666667 0.05648148148148148
0 0.39088541666666665 0.6861111111111111 0.0140625 0.040740740740740744
0 0.2794270833333333 0.6935185185185185 0.0171875 0.09444444444444444
0 0.27447916666666666 0.700462962962963 0.019791666666666666 0.08981481481481482
0 0.6484375 0.6805555555555556 0.010416666666666666 0.07407407407407407
0 0.41901041666666666 0.6856481481481481 0.0109375 0.03981481481481482
0 0.24010416666666667 0.6944444444444444 0.023958333333333335 0.1111111111111111
0 0.5057291666666667 0.6875 0.005208333333333333 0.023148148148148147
0 0.4234375 0.6833333333333333 0.0125 0.040740740740740744
0 0.44895833333333335 0.6916666666666667 0.011458333333333333 0.05925925925925926
