0 0.6546875 0.6800925925925926 0.0125 0.08425925925925926
0 0.42552083333333335 0.6902777777777778 0.0125 0.06388888888888888
0 0.38567708333333334 0.6819444444444445 0.0140625 0.04351851851851852
0 0.2453125 0.6898148148148148 0.023958333333333335 0.1037037037037037
0 0.23776041666666667 0.6981481481481482 0.018229166666666668 0.10555555555555556
0 0.6510416666666666 0.6782407407407407 0.010416666666666666 0.0824074074074074
0 0.446875 0.6898148148148148 0.00625 0.027777777777777776
0 0.41119791666666666 0.6828703703703703 0.011979166666666667 0.04351851851851852
0 0.19453125 0.6902777777777778 0.0265625 0.1287037037037037
0 0.5044270833333333 0.6851851851851852 0.005729166666666666 0.024074074074074074
0 0.42291666666666666 0.6856481481481481 0.010416666666666666 0.04351851851851852
0 0.4393229166666667 0.6893518518518519 0.013020833333333334 0.06759259259259259
