0 0.6533854166666667 0.6796296296296296 0.025520833333333333 0.09814814814814815
0 0.40963541666666664 0.6916666666666667 0.016145833333333335 0.07222222222222222
0 0.38125 0.6796296296296296 0.013541666666666667 0.04814814814814815
0 0.21015625 0.6861111111111111 0.0265625 0.11666666666666667
0 0.19895833333333332 0.6958333333333333 0.029166666666666667 0.11388888888888889
0 0.6526041666666667 0.6828703703703703 0.016666666666666666 0.08611111111111111
0 0.4473958333333333 0.687962962962963 0.008333333333333333 0.027777777777777776
0 0.40260416666666665 0.6814814814814815 0.0125 0.044444444444444446
0 0.14895833333333333 0.6865740740740741 0.027083333333333334 0.14537037037037037
0 0.50390625 0.6842592592592592 0.005729166666666666 0.024074074074074074
0 0.4200520833333333 0.6842592592592592 0.013020833333333334 0.05
0 0.42630208333333336 0.6907407407407408 0.0171875 0.07777777777777778
