0 0.65234375 0.6800925925925926 0.0265625 0.09907407407407408
0 0.4078125 0.6921296296296297 0.016666666666666666 0.07314814814814814
0 0.38125 0.6791666666666667 0.013541666666666667 0.049074074074074076
0 0.20651041666666667 0.6861111111111111 0.027604166666666666 0.11851851851851852
0 0.19453125 0.6962962962962963 0.030729166666666665 0.11481481481481481
0 0.6510416666666666 0.6828703703703703 0.013541666666666667 0.08611111111111111
0 0.4479166666666667 0.6884259259259259 0.008333333333333333 0.028703703703703703
0 0.40208333333333335 0.6814814814814815 0.0125 0.044444444444444446
0 0.48072916666666665 0.6777777777777778 0.010416666666666666 0.022222222222222223
0 0.14427083333333332 0.6865740740740741 0.027083333333333334 0.14722222222222223
0 0.50390625 0.6842592592592592 0.005729166666666666 0.024074074074074074
0 0.4200520833333333 0.6847222222222222 0.013020833333333334 0.049074074074074076
0 0.425 0.6907407407407408 0.017708333333333333 0.07962962962962963
