0 0.6479166666666667 0.6824074074074075 0.020833333333333332 0.10740740740740741
0 0.3963541666666667 0.6939814814814815 0.016666666666666666 0.0824074074074074
0 0.509375 0.6828703703703703 0.010416666666666666 0.032407407407407406
0 0.3809895833333333 0.6787037037037037 0.013020833333333334 0.05
0 0.19322916666666667 0.6884259259259259 0.027083333333333334 0.12685185185185185
0 0.18489583333333334 0.6972222222222222 0.025 0.12407407407407407
0 0.6494791666666667 0.6847222222222222 0.023958333333333335 0.09537037037037037
0 0.4513020833333333 0.6888888888888889 0.008854166666666666 0.02962962962962963
0 0.3958333333333333 0.6810185185185185 0.011458333333333333 0.04351851851851852
0 0.47604166666666664 0.6768518518518518 0.010416666666666666 0.018518518518518517
0 0.12421875 0.6884259259259259 0.0359375 0.15092592592592594
0 0.5036458333333333 0.6856481481481481 0.005208333333333333 0.023148148148148147
0 0.4197916666666667 0.6861111111111111 0.010416666666666666 0.044444444444444446
0 0.4171875 0.6935185185185185 0.01875 0.08703703703703704
0 0.5135416666666667 0.6861111111111111 0.010416666666666666 0.03518518518518519
