0 0.6419270833333334 0.6856481481481481 0.024479166666666666 0.11203703703703703
0 0.38307291666666665 0.6972222222222222 0.018229166666666668 0.08888888888888889
0 0.5028645833333333 0.6837962962962963 0.008854166666666666 0.03611111111111111
0 0.3807291666666667 0.6791666666666667 0.0125 0.049074074074074076
0 0.1828125 0.687962962962963 0.028125 0.13333333333333333
0 0.17552083333333332 0.6972222222222222 0.029166666666666667 0.1259259259259259
0 0.6455729166666667 0.6865740740740741 0.021354166666666667 0.10092592592592593
0 0.45390625 0.6893518518518519 0.009895833333333333 0.030555555555555555
0 0.39010416666666664 0.6828703703703703 0.011458333333333333 0.04351851851851852
0 0.47291666666666665 0.6805555555555556 0.010416666666666666 0.020370370370370372
0 0.11223958333333334 0.6865740740740741 0.03697916666666667 0.15462962962962962
0 0.50390625 0.6865740740740741 0.0046875 0.023148148148148147
0 0.4239583333333333 0.6865740740740741 0.013541666666666667 0.05092592592592592
0 0.40546875 0.6953703703703704 0.0203125 0.0962962962962963
0 0.5088541666666667 0.687962962962963 0.010416666666666666 0.03518518518518519
