0 0.6330729166666667 0.6893518518518519 0.0328125 0.11203703703703703
0 0.37604166666666666 0.6981481481481482 0.01875 0.09444444444444444
0 0.49921875 0.6851851851851852 0.009895833333333333 0.037037037037037035
0 0.3809895833333333 0.6810185185185185 0.011979166666666667 0.049074074074074076
0 0.17838541666666666 0.6893518518518519 0.028645833333333332 0.13240740740740742
0 0.17734375 0.6962962962962963 0.025520833333333333 0.13333333333333333
0 0.640625 0.6875 0.019791666666666666 0.10648148148148148
0 0.45651041666666664 0.6902777777777778 0.008854166666666666 0.030555555555555555
0 0.38697916666666665 0.6837962962962963 0.011458333333333333 0.04351851851851852
0 0.4703125 0.6824074074074075 0.010416666666666666 0.020370370370370372
0 0.10677083333333333 0.6847222222222222 0.028125 0.16018518518518518
0 0.5041666666666667 0.687962962962963 0.004166666666666667 0.024074074074074074
0 0.42473958333333334 0.6875 0.013020833333333334 0.05277777777777778
0 0.39765625 0.6976851851851852 0.021354166666666667 0.10092592592592593
0 0.5052083333333334 0.6888888888888889 0.010416666666666666 0.03518518518518519
