0 0.61640625 0.6916666666666667 0.0359375 0.12222222222222222
0 0.4119791666666667 0.6856481481481481 0.010416666666666666 0.04722222222222222
0 0.3611979166666667 0.7032407407407407 0.0203125 0.10462962962962963
0 0.4901041666666667 0.6888888888888889 0.007291666666666667 0.037037037037037035
0 0.38229166666666664 0.6851851851851852 0.011458333333333333 0.046296296296296294
0 0.1734375 0.6912037037037037 0.029166666666666667 0.13055555555555556
0 0.17317708333333334 0.6958333333333333 0.0265625 0.12685185185185185
0 0.62734375 0.6958333333333333 0.034895833333333334 0.10092592592592593
0 0.46145833333333336 0.6930555555555555 0.010416666666666666 0.030555555555555555
0 0.3815104166666667 0.6851851851851852 0.0109375 0.04259259259259259
0 0.4661458333333333 0.6861111111111111 0.010416666666666666 0.020370370370370372
0 0.10260416666666666 0.6875 0.036458333333333336 0.15833333333333333
0 0.5044270833333333 0.6907407407407408 0.005729166666666666 0.024074074074074074
0 0.42864583333333334 0.6898148148148148 0.0125 0.04814814814814815
0 0.38307291666666665 0.7037037037037037 0.0234375 0.1111111111111111
0 0.4981770833333333 0.6912037037037037 0.0109375 0.03611111111111111
