0 0.6252604166666667 0.6856481481481481 0.022395833333333334 0.12685185185185185
0 0.4140625 0.6861111111111111 0.010416666666666666 0.05
0 0.36822916666666666 0.7027777777777777 0.019791666666666666 0.1
0 0.4947916666666667 0.6875 0.009375 0.03611111111111111
0 0.38125 0.6828703703703703 0.011458333333333333 0.04722222222222222
0 0.17421875 0.6907407407407408 0.0296875 0.13148148148148148
0 0.17604166666666668 0.6962962962962963 0.025 0.12407407407407407
0 0.6325520833333333 0.6902777777777778 0.021354166666666667 0.10648148148148148
0 0.45989583333333334 0.6916666666666667 0.008333333333333333 0.03148148148148148
0 0.384375 0.6842592592592592 0.011458333333333333 0.04259259259259259
0 0.46822916666666664 0.6842592592592592 0.010416666666666666 0.020370370370370372
0 0.1015625 0.6861111111111111 0.035416666666666666 0.15925925925925927
0 0.5041666666666667 0.6898148148148148 0.005208333333333333 0.024074074074074074
0 0.4265625 0.6884259259259259 0.013541666666666667 0.05462962962962963
0 0.38958333333333334 0.700925925925926 0.022916666666666665 0.10555555555555556
0 0.5018229166666667 0.6898148148148148 0.0109375 0.03518518518518519
