0 0.6265625 0.6865740740740741 0.023958333333333335 0.125
0 0.4140625 0.6861111111111111 0.010416666666666666 0.05
0 0.3692708333333333 0.7013888888888888 0.019791666666666666 0.09907407407407408
0 0.4953125 0.6865740740740741 0.009375 0.03611111111111111
0 0.38125 0.6819444444444445 0.011458333333333333 0.04722222222222222
0 0.175 0.6912037037037037 0.030208333333333334 0.13240740740740742
0 0.17604166666666668 0.6958333333333333 0.025 0.125
0 0.6330729166666667 0.6898148148148148 0.019270833333333334 0.10740740740740741
0 0.459375 0.6912037037037037 0.008333333333333333 0.030555555555555555
0 0.384375 0.6842592592592592 0.011458333333333333 0.04259259259259259
0 0.46875 0.6842592592592592 0.010416666666666666 0.020370370370370372
0 0.10208333333333333 0.6851851851851852 0.034375 0.15925925925925927
0 0.5046875 0.6888888888888889 0.005208333333333333 0.024074074074074074
0 0.4265625 0.687962962962963 0.013541666666666667 0.053703703703703705
0 0.39036458333333335 0.700925925925926 0.022395833333333334 0.10555555555555556
0 0.5020833333333333 0.6898148148148148 0.010416666666666666 0.03518518518518519
