0 0.6111979166666667 0.6925925925925925 0.0296875 0.12407407407407407
0 0.4109375 0.6856481481481481 0.010416666666666666 0.04351851851851852
0 0.3575520833333333 0.7037037037037037 0.022395833333333334 0.10740740740740741
0 0.48802083333333335 0.6898148148148148 0.009375 0.037037037037037035
0 0.38255208333333335 0.6861111111111111 0.0109375 0.044444444444444446
0 0.17447916666666666 0.6916666666666667 0.026041666666666668 0.12962962962962962
0 0.175 0.6990740740740741 0.023958333333333335 0.12407407407407407
0 0.62265625 0.6949074074074074 0.0296875 0.11018518518518519
0 0.4635416666666667 0.6930555555555555 0.008333333333333333 0.032407407407407406
0 0.37994791666666666 0.6851851851851852 0.0109375 0.04259259259259259
0 0.46510416666666665 0.687037037037037 0.010416666666666666 0.020370370370370372
0 0.10390625 0.687962962962963 0.0359375 0.1574074074074074
0 0.5046875 0.6912037037037037 0.005208333333333333 0.023148148148148147
0 0.42916666666666664 0.6898148148148148 0.013541666666666667 0.053703703703703705
0 0.37838541666666664 0.7050925925925926 0.024479166666666666 0.11574074074074074
0 0.49609375 0.6921296296296297 0.0109375 0.03611111111111111
