0 0.5953125 0.6995370370370371 0.029166666666666667 0.12685185185185185
0 0.6171875 0.6995370370370371 0.022916666666666665 0.10462962962962963
0 0.40677083333333336 0.6851851851851852 0.010416666666666666 0.037037037037037035
0 0.34296875 0.7101851851851851 0.0234375 0.11851851851851852
0 0.48125 0.6930555555555555 0.008333333333333333 0.03796296296296296
0 0.38385416666666666 0.6912037037037037 0.009375 0.04351851851851852
0 0.17578125 0.6907407407407408 0.022395833333333334 0.12037037037037036
0 0.17786458333333333 0.700462962962963 0.0203125 0.11574074074074074
0 0.6028645833333334 0.6981481481481482 0.025520833333333333 0.11296296296296296
0 0.46979166666666666 0.6953703703703704 0.010416666666666666 0.03148148148148148
0 0.37552083333333336 0.6875 0.010416666666666666 0.04351851851851852
0 0.46145833333333336 0.6898148148148148 0.010416666666666666 0.020370370370370372
0 0.10338541666666666 0.6898148148148148 0.03177083333333333 0.1574074074074074
0 0.5065104166666666 0.6939814814814815 0.005729166666666666 0.023148148148148147
0 0.42942708333333335 0.6925925925925925 0.011979166666666667 0.053703703703703705
0 0.36380208333333336 0.7101851851851851 0.024479166666666666 0.12407407407407407
0 0.4875 0.6939814814814815 0.011458333333333333 0.03611111111111111
