0 0.5963541666666666 0.6986111111111111 0.028125 0.12685185185185185
0 0.6182291666666667 0.6995370370370371 0.021875 0.10462962962962963
0 0.40677083333333336 0.6851851851851852 0.010416666666666666 0.037037037037037035
0 0.34375 0.7097222222222223 0.022916666666666665 0.1175925925925926
0 0.4817708333333333 0.6925925925925925 0.008333333333333333 0.037037037037037035
0 0.3841145833333333 0.6907407407407408 0.009895833333333333 0.04259259259259259
0 0.17578125 0.6912037037037037 0.022395833333333334 0.12129629629629629
0 0.178125 0.6990740740740741 0.019791666666666666 0.11481481481481481
0 0.6041666666666666 0.6976851851851852 0.026041666666666668 0.11203703703703703
0 0.46927083333333336 0.6953703703703704 0.010416666666666666 0.03148148148148148
0 0.3763020833333333 0.6875 0.0109375 0.04351851851851852
0 0.46145833333333336 0.6898148148148148 0.010416666666666666 0.020370370370370372
0 0.103125 0.6898148148148148 0.030208333333333334 0.1574074074074074
0 0.5059895833333333 0.6930555555555555 0.005729166666666666 0.023148148148148147
0 0.42942708333333335 0.6925925925925925 0.011979166666666667 0.053703703703703705
0 0.36484375 0.7101851851851851 0.024479166666666666 0.12407407407407407
0 0.48802083333333335 0.6930555555555555 0.011458333333333333 0.03611111111111111
