0 0.5994791666666667 0.6967592592592593 0.025 0.12685185185185185
0 0.6203125 0.6986111111111111 0.021875 0.10277777777777777
0 0.4078125 0.6851851851851852 0.010416666666666666 0.03888888888888889
0 0.34739583333333335 0.7078703703703704 0.022916666666666665 0.11574074074074074
0 0.48385416666666664 0.6916666666666667 0.008333333333333333 0.037037037037037035
0 0.38385416666666666 0.6898148148148148 0.010416666666666666 0.04259259259259259
0 0.17604166666666668 0.6921296296296297 0.021875 0.125
0 0.17708333333333334 0.6972222222222222 0.01875 0.11296296296296296
0 0.6080729166666666 0.6972222222222222 0.027604166666666666 0.1111111111111111
0 0.46848958333333335 0.6953703703703704 0.0109375 0.03148148148148148
0 0.3768229166666667 0.6861111111111111 0.0109375 0.04259259259259259
0 0.4625 0.6888888888888889 0.010416666666666666 0.020370370370370372
0 0.10338541666666666 0.6898148148148148 0.0296875 0.15925925925925927
0 0.5059895833333333 0.6930555555555555 0.005729166666666666 0.023148148148148147
0 0.4296875 0.6921296296296297 0.0125 0.05277777777777778
0 0.36770833333333336 0.7087962962962963 0.025 0.12314814814814815
0 0.4901041666666667 0.6930555555555555 0.011458333333333333 0.03611111111111111
