0 0.5908854166666667 0.700462962962963 0.0296875 0.12685185185185185
0 0.6125 0.700925925925926 0.025 0.1037037037037037
0 0.40572916666666664 0.6851851851851852 0.010416666666666666 0.03518518518518519
0 0.33880208333333334 0.712037037037037 0.0234375 0.12037037037037036
0 0.47942708333333334 0.6939814814814815 0.008854166666666666 0.03796296296296296
0 0.3841145833333333 0.6921296296296297 0.008854166666666666 0.04351851851851852
0 0.17578125 0.6912037037037037 0.0234375 0.11944444444444445
0 0.17864583333333334 0.7018518518518518 0.021875 0.11851851851851852
0 0.5989583333333334 0.6981481481481482 0.022916666666666665 0.11481481481481481
0 0.47161458333333334 0.6958333333333333 0.009895833333333333 0.032407407407407406
0 0.37447916666666664 0.687962962962963 0.010416666666666666 0.044444444444444446
0 0.46041666666666664 0.6907407407407408 0.010416666666666666 0.020370370370370372
0 0.10286458333333333 0.6902777777777778 0.034895833333333334 0.15648148148148147
0 0.50625 0.6939814814814815 0.005208333333333333 0.023148148148148147
0 0.4296875 0.6935185185185185 0.0125 0.05185185185185185
0 0.3609375 0.712037037037037 0.023958333333333335 0.1259259259259259
0 0.48541666666666666 0.6939814814814815 0.011458333333333333 0.03611111111111111
