0 0.5286458333333334 0.7111111111111111 0.03229166666666667 0.13148148148148148
0 0.56796875 0.712037037037037 0.0296875 0.10555555555555556
0 0.39479166666666665 0.6902777777777778 0.010416666666666666 0.030555555555555555
0 0.9619791666666667 0.6444444444444445 0.023958333333333335 0.11851851851851852
0 0.28125 0.7273148148148149 0.03229166666666667 0.16203703703703703
0 0.45989583333333334 0.7018518518518518 0.008333333333333333 0.037037037037037035
0 0.38645833333333335 0.6995370370370371 0.010416666666666666 0.04351851851851852
0 0.18463541666666666 0.7023148148148148 0.0234375 0.13055555555555556
0 0.18645833333333334 0.7041666666666667 0.019791666666666666 0.11203703703703703
0 0.55703125 0.7087962962962963 0.0234375 0.1175925925925926
0 0.48723958333333334 0.7027777777777777 0.009895833333333333 0.03333333333333333
0 0.36276041666666664 0.6916666666666667 0.0109375 0.046296296296296294
0 0.4513020833333333 0.6976851851851852 0.005729166666666666 0.019444444444444445
0 0.11770833333333333 0.7 0.027083333333333334 0.1537037037037037
0 0.4283854166666667 0.7 0.011979166666666667 0.04814814814814815
0 0.30442708333333335 0.7282407407407407 0.0359375 0.17314814814814813
0 0.46432291666666664 0.7027777777777777 0.0078125 0.037037037037037035
