0 0.5268229166666667 0.711574074074074 0.033854166666666664 0.13055555555555556
0 0.5661458333333333 0.7125 0.030208333333333334 0.10462962962962963
0 0.39427083333333335 0.6898148148148148 0.010416666666666666 0.02962962962962963
0 0.9619791666666667 0.6449074074074074 0.026041666666666668 0.11944444444444445
0 0.27708333333333335 0.7282407407407407 0.03333333333333333 0.16574074074074074
0 0.4591145833333333 0.7018518518518518 0.0078125 0.037037037037037035
0 0.38697916666666665 0.700925925925926 0.010416666666666666 0.044444444444444446
0 0.18515625 0.7023148148148148 0.0234375 0.13055555555555556
0 0.18697916666666667 0.7037037037037037 0.019791666666666666 0.1111111111111111
0 0.5533854166666666 0.7092592592592593 0.025520833333333333 0.11666666666666667
0 0.48776041666666664 0.7027777777777777 0.009895833333333333 0.03333333333333333
0 0.36223958333333334 0.6916666666666667 0.0109375 0.046296296296296294
0 0.45078125 0.6976851851851852 0.005729166666666666 0.019444444444444445
0 0.11901041666666666 0.6990740740740741 0.027604166666666666 0.1537037037037037
0 0.4278645833333333 0.7 0.011979166666666667 0.04814814814814815
0 0.30078125 0.7300925925925926 0.03697916666666667 0.17685185185185184
0 0.46328125 0.7027777777777777 0.0078125 0.037037037037037035
