0 0.5010416666666667 0.7166666666666667 0.03333333333333333 0.13148148148148148
0 0.5473958333333333 0.7138888888888889 0.026041666666666668 0.10925925925925926
0 0.3893229166666667 0.6939814814814815 0.0109375 0.032407407407407406
0 0.9630208333333333 0.6476851851851851 0.0375 0.1287037037037037
0 0.24140625 0.7342592592592593 0.0390625 0.19074074074074074
0 0.4515625 0.7041666666666667 0.009375 0.03796296296296296
0 0.3875 0.7018518518518518 0.011458333333333333 0.044444444444444446
0 0.18697916666666667 0.700925925925926 0.027083333333333334 0.12222222222222222
0 0.19140625 0.7078703703703704 0.021354166666666667 0.11388888888888889
0 0.5361979166666667 0.7134259259259259 0.03177083333333333 0.11574074074074074
0 0.49453125 0.7018518518518518 0.008854166666666666 0.03333333333333333
0 0.3580729166666667 0.6930555555555555 0.011979166666666667 0.04722222222222222
0 0.44817708333333334 0.6986111111111111 0.0046875 0.021296296296296296
0 0.12265625 0.6981481481481482 0.0265625 0.1425925925925926
0 0.4276041666666667 0.7032407407407407 0.010416666666666666 0.049074074074074076
0 0.26953125 0.7356481481481482 0.044270833333333336 0.2101851851851852
0 0.45625 0.7050925925925926 0.010416666666666666 0.03611111111111111
