0 0.48723958333333334 0.7180555555555556 0.025520833333333333 0.13425925925925927
0 0.5328125 0.7166666666666667 0.022916666666666665 0.10925925925925926
0 0.3854166666666667 0.6953703703703704 0.011458333333333333 0.03518518518518519
0 0.9630208333333333 0.6518518518518519 0.0375 0.13703703703703704
0 0.20677083333333332 0.7379629629629629 0.03854166666666667 0.21296296296296297
0 0.44505208333333335 0.7064814814814815 0.009895833333333333 0.03888888888888889
0 0.3880208333333333 0.700925925925926 0.010416666666666666 0.040740740740740744
0 0.19088541666666667 0.7050925925925926 0.025520833333333333 0.125
0 0.19375 0.7083333333333334 0.022916666666666665 0.11666666666666667
0 0.51328125 0.7199074074074074 0.025520833333333333 0.11203703703703703
0 0.5002604166666667 0.7013888888888888 0.009895833333333333 0.03425925925925926
0 0.3541666666666667 0.6949074074074074 0.013541666666666667 0.05092592592592592
0 0.4466145833333333 0.6986111111111111 0.0046875 0.021296296296296296
0 0.12630208333333334 0.6972222222222222 0.025520833333333333 0.14814814814814814
0 0.42630208333333336 0.7050925925925926 0.0109375 0.05092592592592592
0 0.23776041666666667 0.7453703703703703 0.050520833333333334 0.24074074074074073
0 0.44973958333333336 0.7064814814814815 0.008854166666666666 0.037037037037037035
