0 0.4908854166666667 0.7175925925925926 0.025520833333333333 0.13518518518518519
0 0.5385416666666667 0.7152777777777778 0.01875 0.11018518518518519
0 0.38723958333333336 0.6962962962962963 0.011979166666666667 0.037037037037037035
0 0.9630208333333333 0.6504629629629629 0.0375 0.13425925925925927
0 0.21875 0.737037037037037 0.03958333333333333 0.2037037037037037
0 0.4466145833333333 0.7064814814814815 0.009895833333333333 0.03888888888888889
0 0.38776041666666666 0.700925925925926 0.0109375 0.040740740740740744
0 0.1890625 0.7027777777777777 0.026041666666666668 0.12222222222222222
0 0.19296875 0.7087962962962963 0.0234375 0.11574074074074074
0 0.5197916666666667 0.7212962962962963 0.027083333333333334 0.10925925925925926
0 0.4984375 0.7013888888888888 0.009375 0.03425925925925926
0 0.35546875 0.6944444444444444 0.013020833333333334 0.05
0 0.4471354166666667 0.6986111111111111 0.0046875 0.021296296296296296
0 0.12421875 0.6962962962962963 0.0265625 0.14814814814814814
0 0.4270833333333333 0.7041666666666667 0.011458333333333333 0.05092592592592592
0 0.25104166666666666 0.7402777777777778 0.04791666666666667 0.23055555555555557
0 0.4515625 0.7060185185185185 0.009375 0.03611111111111111
