0 0.4822916666666667 0.7175925925925926 0.027083333333333334 0.13148148148148148
0 0.5265625 0.7180555555555556 0.023958333333333335 0.10833333333333334
0 0.38359375 0.6939814814814815 0.0109375 0.032407407407407406
0 0.9627604166666667 0.6537037037037037 0.03802083333333333 0.14074074074074075
0 0.18958333333333333 0.7430555555555556 0.04583333333333333 0.225
0 0.44244791666666666 0.7060185185185185 0.008854166666666666 0.03796296296296296
0 0.38828125 0.7013888888888888 0.009895833333333333 0.03981481481481482
0 0.19192708333333333 0.7064814814814815 0.025520833333333333 0.12777777777777777
0 0.19505208333333332 0.7087962962962963 0.022395833333333334 0.11944444444444445
0 0.5049479166666667 0.7175925925925926 0.0234375 0.11851851851851852
0 0.5028645833333333 0.700462962962963 0.009895833333333333 0.03425925925925926
0 0.35234375 0.6949074074074074 0.0140625 0.05092592592592592
0 0.44609375 0.6986111111111111 0.0046875 0.021296296296296296
0 0.12838541666666667 0.6967592592592593 0.0265625 0.14722222222222223
0 0.42604166666666665 0.7046296296296296 0.011458333333333333 0.05
0 0.22109375 0.7462962962962963 0.05260416666666667 0.25
0 0.44765625 0.7064814814814815 0.008854166666666666 0.037037037037037035
