0 0.4830729166666667 0.7180555555555556 0.0265625 0.13240740740740742
0 0.5278645833333333 0.7180555555555556 0.024479166666666666 0.10833333333333334
0 0.3841145833333333 0.6944444444444444 0.0109375 0.03333333333333333
0 0.9625 0.6532407407407408 0.0375 0.1398148148148148
0 0.19375 0.7407407407407407 0.04375 0.2222222222222222
0 0.44244791666666666 0.7060185185185185 0.008854166666666666 0.03796296296296296
0 0.38828125 0.700925925925926 0.009895833333333333 0.040740740740740744
0 0.19166666666666668 0.7060185185185185 0.025 0.12685185185185185
0 0.1953125 0.7083333333333334 0.022916666666666665 0.11851851851851852
0 0.5067708333333333 0.7180555555555556 0.023958333333333335 0.1175925925925926
0 0.50234375 0.700462962962963 0.009895833333333333 0.03425925925925926
0 0.35260416666666666 0.6949074074074074 0.013541666666666667 0.05092592592592592
0 0.44609375 0.6986111111111111 0.0046875 0.021296296296296296
0 0.128125 0.6967592592592593 0.026041666666666668 0.14722222222222223
0 0.42604166666666665 0.7046296296296296 0.011458333333333333 0.05
0 0.22395833333333334 0.7462962962962963 0.052083333333333336 0.24814814814814815
0 0.44817708333333334 0.7064814814814815 0.008854166666666666 0.037037037037037035
