0 0.47265625 0.7175925925925926 0.028645833333333332 0.13148148148148148
0 0.5200520833333333 0.7185185185185186 0.0203125 0.10740740740740741
0 0.9625 0.6555555555555556 0.03854166666666667 0.14444444444444443
0 0.17005208333333333 0.7416666666666667 0.044270833333333336 0.23148148148148148
0 0.4401041666666667 0.7060185185185185 0.008333333333333333 0.03796296296296296
0 0.3885416666666667 0.7013888888888888 0.009375 0.03981481481481482
0 0.19270833333333334 0.7064814814814815 0.026041666666666668 0.12962962962962962
0 0.19635416666666666 0.7087962962962963 0.021875 0.12129629629629629
0 0.49947916666666664 0.7166666666666667 0.025 0.12037037037037036
0 0.5052083333333334 0.700462962962963 0.010416666666666666 0.03425925925925926
0 0.3497395833333333 0.6953703703703704 0.0140625 0.05185185185185185
0 0.44505208333333335 0.6986111111111111 0.0046875 0.021296296296296296
0 0.12890625 0.6949074074074074 0.028645833333333332 0.14537037037037037
0 0.42526041666666664 0.7041666666666667 0.011979166666666667 0.049074074074074076
0 0.20182291666666666 0.7462962962962963 0.05572916666666667 0.2611111111111111
0 0.44583333333333336 0.7069444444444445 0.009375 0.03611111111111111
