0 0.4674479166666667 0.7180555555555556 0.0296875 0.13240740740740742
0 0.5177083333333333 0.7185185185185186 0.01875 0.10740740740740741
0 0.9622395833333334 0.6564814814814814 0.0390625 0.14629629629629629
0 0.16145833333333334 0.7384259259259259 0.03958333333333333 0.2324074074074074
0 0.4390625 0.7060185185185185 0.008333333333333333 0.03796296296296296
0 0.3888020833333333 0.7013888888888888 0.008854166666666666 0.03981481481481482
0 0.19270833333333334 0.7060185185185185 0.026041666666666668 0.13055555555555556
0 0.19739583333333333 0.7083333333333334 0.021875 0.12222222222222222
0 0.4973958333333333 0.7171296296296297 0.026041666666666668 0.11944444444444445
0 0.50625 0.6995370370370371 0.010416666666666666 0.03425925925925926
0 0.3494791666666667 0.6949074074074074 0.014583333333333334 0.05277777777777778
0 0.44505208333333335 0.6986111111111111 0.0046875 0.021296296296296296
0 0.12942708333333333 0.6944444444444444 0.0296875 0.14444444444444443
0 0.42526041666666664 0.7041666666666667 0.011979166666666667 0.049074074074074076
0 0.19348958333333333 0.7472222222222222 0.0578125 0.26666666666666666
0 0.44505208333333335 0.7069444444444445 0.009895833333333333 0.03611111111111111
