0 0.44427083333333334 0.7175925925925926 0.030208333333333334 0.13518518518518519
0 0.4940104166666667 0.7185185185185186 0.0203125 0.10925925925925926
0 0.9619791666666667 0.6578703703703703 0.03958333333333333 0.14907407407407408
0 0.05859375 0.7416666666666667 0.06614583333333333 0.3
0 0.42890625 0.7060185185185185 0.0067708333333333336 0.03611111111111111
0 0.39140625 0.6962962962962963 0.0078125 0.03518518518518519
0 0.190625 0.7018518518518518 0.027083333333333334 0.12777777777777777
0 0.20130208333333333 0.7097222222222223 0.022395833333333334 0.12314814814814815
0 0.47317708333333336 0.7180555555555556 0.025520833333333333 0.125
0 0.5169270833333334 0.7 0.009895833333333333 0.03518518518518519
0 0.3390625 0.6907407407407408 0.01875 0.05925925925925926
0 0.44244791666666666 0.6976851851851852 0.0046875 0.021296296296296296
0 0.12916666666666668 0.6916666666666667 0.026041666666666668 0.14814814814814814
0 0.42135416666666664 0.700925925925926 0.0125 0.04814814814814815
0 0.07760416666666667 0.7560185185185185 0.0875 0.3435185185185185
0 0.4348958333333333 0.7060185185185185 0.008333333333333333 0.03796296296296296
