0 0.428125 0.7138888888888889 0.03229166666666667 0.1388888888888889
0 0.48098958333333336 0.7148148148148148 0.022395833333333334 0.11296296296296296
0 0.9723958333333333 0.6564814814814814 0.0375 0.16296296296296298
0 0.004166666666666667 0.7277777777777777 0.008333333333333333 0.32222222222222224
0 0.42213541666666665 0.7055555555555556 0.0067708333333333336 0.037037037037037035
0 0.39088541666666665 0.6939814814814815 0.0078125 0.03611111111111111
0 0.18541666666666667 0.6990740740740741 0.025 0.1259259259259259
0 0.19609375 0.700925925925926 0.0234375 0.12407407407407407
0 0.4591145833333333 0.7125 0.0265625 0.125
0 0.521875 0.6958333333333333 0.008333333333333333 0.03425925925925926
0 0.33151041666666664 0.6888888888888889 0.019270833333333334 0.06296296296296296
0 0.44088541666666664 0.6953703703703704 0.0046875 0.020370370370370372
0 0.12161458333333333 0.6930555555555555 0.024479166666666666 0.15462962962962962
0 0.41770833333333335 0.6953703703703704 0.013541666666666667 0.04814814814814815
0 0.01015625 0.7444444444444445 0.0203125 0.37777777777777777
0 0.4283854166666667 0.7060185185185185 0.008854166666666666 0.03981481481481482
