0 0.42265625 0.7125 0.0328125 0.1398148148148148
0 0.478125 0.7138888888888889 0.019791666666666666 0.11481481481481481
0 0.9752604166666666 0.6555555555555556 0.03802083333333333 0.16666666666666666
0 0.41953125 0.7050925925925926 0.0067708333333333336 0.03796296296296296
0 0.39036458333333335 0.6912037037037037 0.0078125 0.03611111111111111
0 0.1828125 0.6958333333333333 0.026041666666666668 0.12685185185185185
0 0.19270833333333334 0.7013888888888888 0.022916666666666665 0.125
0 0.4549479166666667 0.7111111111111111 0.028645833333333332 0.1259259259259259
0 0.5234375 0.6930555555555555 0.009375 0.03611111111111111
0 0.3294270833333333 0.6884259259259259 0.019270833333333334 0.06388888888888888
0 0.440625 0.6944444444444444 0.005208333333333333 0.020370370370370372
0 0.11770833333333333 0.6930555555555555 0.025 0.15833333333333333
0 0.415625 0.6935185185185185 0.013541666666666667 0.04814814814814815
0 0.42630208333333336 0.7050925925925926 0.008854166666666666 0.03981481481481482
