0 0.41041666666666665 0.7101851851851851 0.03333333333333333 0.14444444444444443
0 0.46927083333333336 0.7111111111111111 0.023958333333333335 0.11851851851851852
0 0.98203125 0.6527777777777778 0.0296875 0.17407407407407408
0 0.4153645833333333 0.7046296296296296 0.0067708333333333336 0.03888888888888889
0 0.38958333333333334 0.687037037037037 0.008333333333333333 0.037037037037037035
0 0.17526041666666667 0.6902777777777778 0.0296875 0.12685185185185185
0 0.18515625 0.6986111111111111 0.0265625 0.12314814814814815
0 0.44505208333333335 0.7078703703703704 0.028645833333333332 0.1287037037037037
0 0.5265625 0.6875 0.010416666666666666 0.03796296296296296
0 0.32369791666666664 0.687962962962963 0.019270833333333334 0.06481481481481481
0 0.4393229166666667 0.6925925925925925 0.0046875 0.020370370370370372
0 0.10755208333333334 0.6907407407407408 0.0265625 0.1648148148148148
0 0.4119791666666667 0.6916666666666667 0.013541666666666667 0.04814814814814815
0 0.42239583333333336 0.7060185185185185 0.010416666666666666 0.041666666666666664
