0 0.3921875 0.711574074074074 0.030208333333333334 0.15092592592592594
0 0.45078125 0.7083333333333334 0.022395833333333334 0.1259259259259259
0 0.99140625 0.6472222222222223 0.016145833333333335 0.18518518518518517
0 0.409375 0.7041666666666667 0.007291666666666667 0.03981481481481482
0 0.3880208333333333 0.687962962962963 0.008333333333333333 0.03888888888888889
0 0.15885416666666666 0.6856481481481481 0.028125 0.1287037037037037
0 0.17005208333333333 0.6925925925925925 0.028645833333333332 0.12777777777777777
0 0.42734375 0.7069444444444445 0.027604166666666666 0.13796296296296295
0 0.53125 0.6833333333333333 0.010416666666666666 0.037037037037037035
0 0.3111979166666667 0.6856481481481481 0.019270833333333334 0.06759259259259259
0 0.43723958333333335 0.6912037037037037 0.0046875 0.019444444444444445
0 0.0859375 0.6861111111111111 0.030208333333333334 0.1685185185185185
0 0.40520833333333334 0.6916666666666667 0.013541666666666667 0.04814814814814815
0 0.41380208333333335 0.6958333333333333 0.015104166666666667 0.04351851851851852
