0 0.390625 0.7111111111111111 0.030208333333333334 0.15185185185185185
0 0.4484375 0.7087962962962963 0.021875 0.12685185185185185
0 0.9927083333333333 0.6476851851851851 0.013541666666666667 0.18611111111111112
0 0.4083333333333333 0.7032407407407407 0.007291666666666667 0.03981481481481482
0 0.3875 0.687962962962963 0.008333333333333333 0.03888888888888889
0 0.15651041666666668 0.6856481481481481 0.027604166666666666 0.1287037037037037
0 0.16848958333333333 0.6921296296296297 0.0296875 0.12685185185185185
0 0.42526041666666664 0.7074074074074074 0.027604166666666666 0.1388888888888889
0 0.53125 0.6847222222222222 0.010416666666666666 0.03796296296296296
0 0.30963541666666666 0.6856481481481481 0.019270833333333334 0.06759259259259259
0 0.43723958333333335 0.6912037037037037 0.0046875 0.019444444444444445
0 0.08333333333333333 0.6861111111111111 0.030208333333333334 0.17037037037037037
0 0.4044270833333333 0.6925925925925925 0.013020833333333334 0.04814814814814815
0 0.4127604166666667 0.6962962962962963 0.015104166666666667 0.044444444444444446
