0 0.3802083333333333 0.712037037037037 0.03125 0.1574074074074074
0 0.4401041666666667 0.7111111111111111 0.022916666666666665 0.13148148148148148
0 0.40572916666666664 0.7037037037037037 0.007291666666666667 0.040740740740740744
0 0.38697916666666665 0.6893518518518519 0.008333333333333333 0.03981481481481482
0 0.14765625 0.6856481481481481 0.0265625 0.13055555555555556
0 0.15911458333333334 0.6921296296296297 0.027604166666666666 0.125
0 0.41640625 0.7097222222222223 0.028645833333333332 0.14351851851851852
0 0.53359375 0.6847222222222222 0.0109375 0.03796296296296296
0 0.3033854166666667 0.6847222222222222 0.019270833333333334 0.06944444444444445
0 0.4361979166666667 0.6902777777777778 0.0046875 0.019444444444444445
0 0.07421875 0.6837962962962963 0.034895833333333334 0.16944444444444445
0 0.4 0.6930555555555555 0.0125 0.04722222222222222
0 0.40963541666666664 0.6962962962962963 0.015104166666666667 0.044444444444444446
