0 0.17994791666666668 0.737037037037037 0.0640625 0.2740740740740741
0 0.303125 0.7458333333333333 0.041666666666666664 0.22314814814814815
0 0.3765625 0.6981481481481482 0.009375 0.046296296296296294
0 0.37552083333333336 0.6981481481481482 0.008333333333333333 0.046296296296296294
0 0.014322916666666666 0.6981481481481482 0.028645833333333332 0.19814814814814816
0 0.25859375 0.7430555555555556 0.05572916666666667 0.25462962962962965
0 0.5674479166666667 0.6921296296296297 0.0109375 0.04351851851851852
0 0.20026041666666666 0.6884259259259259 0.019270833333333334 0.11203703703703703
0 0.4354166666666667 0.700462962962963 0.00625 0.025
0 0.384375 0.7037037037037037 0.010416666666666666 0.046296296296296294
