0 0.2046875 0.7347222222222223 0.06145833333333333 0.25833333333333336
0 0.3171875 0.7435185185185185 0.03958333333333333 0.21296296296296297
0 0.37838541666666664 0.6990740740740741 0.008854166666666666 0.046296296296296294
0 0.3776041666666667 0.6995370370370371 0.008333333333333333 0.04722222222222222
0 0.025520833333333333 0.6972222222222222 0.030208333333333334 0.19814814814814816
0 0.006510416666666667 0.700462962962963 0.013020833333333334 0.18425925925925926
0 0.2794270833333333 0.7407407407407407 0.050520833333333334 0.24259259259259258
0 0.5638020833333334 0.6925925925925925 0.0109375 0.04259259259259259
0 0.21145833333333333 0.6875 0.020833333333333332 0.11018518518518519
0 0.4348958333333333 0.700462962962963 0.00625 0.025
0 0.38645833333333335 0.7041666666666667 0.010416666666666666 0.04722222222222222
