0 0.19635416666666666 0.7351851851851852 0.0625 0.26296296296296295
0 0.31276041666666665 0.7444444444444445 0.04010416666666667 0.21666666666666667
0 0.378125 0.6990740740740741 0.009375 0.046296296296296294
0 0.3770833333333333 0.6995370370370371 0.008333333333333333 0.04722222222222222
0 0.022135416666666668 0.6972222222222222 0.028645833333333332 0.19814814814814816
0 0.0033854166666666668 0.6962962962962963 0.0067708333333333336 0.17592592592592593
0 0.27265625 0.7416666666666667 0.05260416666666667 0.2462962962962963
0 0.56484375 0.6925925925925925 0.0109375 0.04259259259259259
0 0.20755208333333333 0.687962962962963 0.0203125 0.1111111111111111
0 0.4348958333333333 0.700462962962963 0.00625 0.025
0 0.3854166666666667 0.7041666666666667 0.010416666666666666 0.04722222222222222
