0 0.5236979166666667 0.6791666666666667 0.0296875 0.15092592592592594
0 0.5471354166666667 0.7037037037037037 0.0265625 0.08518518518518518
0 0.1796875 0.6958333333333333 0.030208333333333334 0.11944444444444445
0 0.7072916666666667 0.6449074074074074 0.01875 0.05277777777777778
0 0.5075520833333333 0.7166666666666667 0.033854166666666664 0.0962962962962963
0 0.7325520833333333 0.6351851851851852 0.019270833333333334 0.07592592592592592
0 0.571875 0.6611111111111111 0.010416666666666666 0.03518518518518519
0 0.29375 0.6694444444444444 0.021875 0.06666666666666667
0 0.6247395833333333 0.6564814814814814 0.011979166666666667 0.040740740740740744
0 0.18958333333333333 0.7240740740740741 0.021875 0.07407407407407407
