0 0.5536458333333333 0.7083333333333334 0.03854166666666667 0.17222222222222222
0 0.58046875 0.7319444444444444 0.027604166666666666 0.09907407407407408
0 0.16536458333333334 0.7453703703703703 0.0296875 0.13518518518518519
0 0.7294270833333333 0.6537037037037037 0.018229166666666668 0.053703703703703705
0 0.54765625 0.75 0.03697916666666667 0.11296296296296296
0 0.7682291666666666 0.6393518518518518 0.021875 0.08055555555555556
0 0.5984375 0.6805555555555556 0.010416666666666666 0.03518518518518519
0 0.3140625 0.7074074074074074 0.021875 0.06666666666666667
0 0.646875 0.6685185185185185 0.013541666666666667 0.04259259259259259
0 0.184375 0.7777777777777778 0.021875 0.07407407407407407
