0 0.54375 0.6972222222222222 0.034375 0.16666666666666666
0 0.5690104166666666 0.7296296296296296 0.025520833333333333 0.0962962962962963
0 0.16796875 0.7453703703703703 0.030729166666666665 0.13333333333333333
0 0.721875 0.6523148148148148 0.01875 0.05277777777777778
0 0.5348958333333333 0.7467592592592592 0.035416666666666666 0.10833333333333334
0 0.7557291666666667 0.6375 0.021875 0.08055555555555556
0 0.5916666666666667 0.6768518518518518 0.010416666666666666 0.03518518518518519
0 0.3067708333333333 0.7027777777777777 0.021875 0.06666666666666667
0 0.6395833333333333 0.6694444444444444 0.013541666666666667 0.040740740740740744
0 0.184375 0.7694444444444445 0.021875 0.07407407407407407
