0 0.5786458333333333 0.6986111111111111 0.040625 0.18611111111111112
0 0.6049479166666667 0.7245370370370371 0.028645833333333332 0.10833333333333334
0 0.16041666666666668 0.7337962962962963 0.030208333333333334 0.1398148148148148
0 0.7432291666666667 0.649074074074074 0.017708333333333333 0.05555555555555555
0 0.5708333333333333 0.7425925925925926 0.042708333333333334 0.12407407407407407
0 0.7921875 0.6328703703703704 0.021875 0.08055555555555556
0 0.6140625 0.6680555555555555 0.014583333333333334 0.04351851851851852
0 0.33125 0.6944444444444444 0.025 0.07592592592592592
0 0.67734375 0.6601851851851852 0.011979166666666667 0.04814814814814815
0 0.6627604166666666 0.663425925925926 0.0140625 0.04722222222222222
0 0.18125 0.7574074074074074 0.021875 0.07407407407407407
