0 0.5984375 0.6953703703703704 0.04479166666666667 0.2037037037037037
0 0.6278645833333333 0.7203703703703703 0.03177083333333333 0.11851851851851852
0 0.15182291666666667 0.7467592592592592 0.0328125 0.14166666666666666
0 0.7557291666666667 0.6388888888888888 0.017708333333333333 0.05555555555555555
0 0.5911458333333334 0.7407407407407407 0.04479166666666667 0.13703703703703704
0 0.8119791666666667 0.6152777777777778 0.021875 0.08055555555555556
0 0.6276041666666666 0.6560185185185186 0.014583333333333334 0.04351851851851852
0 0.3450520833333333 0.6953703703703704 0.0234375 0.07962962962962963
0 0.69921875 0.6509259259259259 0.011979166666666667 0.046296296296296294
0 0.6752604166666667 0.6564814814814814 0.0140625 0.05185185185185185
0 0.17552083333333332 0.7759259259259259 0.027083333333333334 0.08333333333333333
