0 0.6247395833333333 0.6768518518518518 0.04739583333333333 0.21481481481481482
0 0.6549479166666666 0.7064814814814815 0.0328125 0.12222222222222222
0 0.1453125 0.7537037037037037 0.035416666666666666 0.15
0 0.7671875 0.6101851851851852 0.017708333333333333 0.05555555555555555
0 0.6140625 0.7287037037037037 0.04583333333333333 0.1425925925925926
0 0.8330729166666667 0.5847222222222223 0.022395833333333334 0.075
0 0.6354166666666666 0.6328703703703704 0.014583333333333334 0.04351851851851852
0 0.35859375 0.6888888888888889 0.0234375 0.07962962962962963
0 0.7192708333333333 0.6208333333333333 0.0125 0.04722222222222222
0 0.6877604166666667 0.6287037037037037 0.016145833333333335 0.053703703703703705
0 0.1671875 0.7898148148148149 0.028125 0.08518518518518518
