0 0.65703125 0.6675925925925926 0.04635416666666667 0.23703703703703705
0 0.6869791666666667 0.6981481481481482 0.034375 0.13703703703703704
0 0.13333333333333333 0.7291666666666666 0.041666666666666664 0.14907407407407408
0 0.7817708333333333 0.6064814814814815 0.019791666666666666 0.05555555555555555
0 0.6463541666666667 0.725 0.046875 0.15925925925925927
0 0.8557291666666667 0.5856481481481481 0.022916666666666665 0.08055555555555556
0 0.6515625 0.6356481481481482 0.014583333333333334 0.04351851851851852
0 0.37161458333333336 0.6722222222222223 0.0234375 0.07962962962962963
0 0.7440104166666667 0.6152777777777778 0.015104166666666667 0.05092592592592592
0 0.7005208333333334 0.6226851851851852 0.016666666666666666 0.05462962962962963
0 0.15572916666666667 0.7643518518518518 0.028125 0.08981481481481482
