0 0.7390625 0.6689814814814815 0.059375 0.2824074074074074
0 0.7731770833333333 0.7060185185185185 0.0421875 0.15648148148148147
0 0.115625 0.7717592592592593 0.051041666666666666 0.16574074074074074
0 0.8125 0.5990740740740741 0.017708333333333333 0.06296296296296296
0 0.7299479166666667 0.7425925925925926 0.050520833333333334 0.1962962962962963
0 0.9098958333333333 0.5699074074074074 0.022916666666666665 0.08425925925925926
0 0.6986979166666667 0.6287037037037037 0.015104166666666667 0.044444444444444446
0 0.4158854166666667 0.6782407407407407 0.0234375 0.08425925925925926
0 0.7981770833333334 0.6037037037037037 0.0140625 0.053703703703703705
0 0.7442708333333333 0.6175925925925926 0.017708333333333333 0.05925925925925926
0 0.13567708333333334 0.8009259259259259 0.03697916666666667 0.11296296296296296
