0 0.75859375 0.6638888888888889 0.0609375 0.29444444444444445
0 0.79453125 0.7041666666666667 0.04010416666666667 0.16018518518518518
0 0.109375 0.7560185185185185 0.04791666666666667 0.17314814814814813
0 0.8213541666666667 0.5916666666666667 0.017708333333333333 0.06296296296296296
0 0.7520833333333333 0.736574074074074 0.052083333333333336 0.20092592592592592
0 0.9208333333333333 0.5685185185185185 0.022916666666666665 0.08888888888888889
0 0.7072916666666667 0.6208333333333333 0.015625 0.04537037037037037
0 0.4244791666666667 0.6708333333333333 0.023958333333333335 0.08611111111111111
0 0.8111979166666666 0.5990740740740741 0.0140625 0.053703703703703705
0 0.7510416666666667 0.6157407407407407 0.017708333333333333 0.05925925925925926
0 0.13255208333333332 0.7912037037037037 0.034895833333333334 0.11574074074074074
