0 0.4203125 0.6087962962962963 0.007291666666666667 0.028703703703703703
0 0.7307291666666667 0.6050925925925926 0.017708333333333333 0.0712962962962963
0 0.1484375 0.6342592592592593 0.014583333333333334 0.05925925925925926
0 0.7119791666666667 0.6027777777777777 0.017708333333333333 0.07592592592592592
0 0.8473958333333333 0.5703703703703704 0.010416666666666666 0.05
0 0.3026041666666667 0.6129629629629629 0.010416666666666666 0.03333333333333333
0 0.74765625 0.6055555555555555 0.018229166666666668 0.08148148148148149
0 0.15807291666666667 0.6393518518518518 0.015104166666666667 0.07685185185185185
0 0.7419270833333333 0.6097222222222223 0.015104166666666667 0.06574074074074074
0 0.45416666666666666 0.6018518518518519 0.005208333333333333 0.024074074074074074
0 0.30885416666666665 0.6143518518518518 0.010416666666666666 0.03796296296296296
0 0.8119791666666667 0.5763888888888888 0.010416666666666666 0.04351851851851852
