0 0.4197916666666667 0.6092592592592593 0.007291666666666667 0.027777777777777776
0 0.7359375 0.6060185185185185 0.017708333333333333 0.07314814814814814
0 0.14375 0.6365740740740741 0.014583333333333334 0.06018518518518518
0 0.715625 0.6041666666666666 0.017708333333333333 0.07685185185185185
0 0.85078125 0.5722222222222222 0.0109375 0.05
0 0.30104166666666665 0.6138888888888889 0.010416666666666666 0.03333333333333333
0 0.7528645833333333 0.6078703703703704 0.018229166666666668 0.0824074074074074
0 0.15234375 0.6407407407407407 0.015104166666666667 0.07777777777777778
0 0.7466145833333333 0.612037037037037 0.015104166666666667 0.06666666666666667
0 0.4546875 0.6027777777777777 0.010416666666666666 0.025925925925925925
0 0.3078125 0.6162037037037037 0.010416666666666666 0.03796296296296296
0 0.8606770833333334 0.5708333333333333 0.011979166666666667 0.05092592592592592
0 0.8151041666666666 0.5763888888888888 0.010416666666666666 0.04351851851851852
