0 0.41041666666666665 0.6138888888888889 0.007291666666666667 0.03148148148148148
0 0.8661458333333333 0.6217592592592592 0.027083333333333334 0.10648148148148148
0 0.020052083333333335 0.6370370370370371 0.018229166666666668 0.07962962962962963
0 0.8317708333333333 0.6189814814814815 0.027083333333333334 0.1175925925925926
0 0.921875 0.575925925925926 0.014583333333333334 0.06111111111111111
0 0.26484375 0.6212962962962963 0.0109375 0.04259259259259259
0 0.896875 0.6143518518518518 0.020833333333333332 0.12314814814814815
0 0.0067708333333333336 0.6569444444444444 0.013541666666666667 0.10277777777777777
0 0.8830729166666667 0.6236111111111111 0.0203125 0.09351851851851851
0 0.4544270833333333 0.611574074074074 0.0078125 0.026851851851851852
0 0.2713541666666667 0.6236111111111111 0.010416666666666666 0.03796296296296296
0 0.9299479166666667 0.575462962962963 0.011979166666666667 0.05462962962962963
