0 0.41302083333333334 0.6152777777777778 0.007291666666666667 0.028703703703703703
0 0.8171875 0.6157407407407407 0.023958333333333335 0.09259259259259259
0 0.06145833333333333 0.638425925925926 0.016666666666666666 0.07314814814814814
0 0.7885416666666667 0.6138888888888889 0.022916666666666665 0.09814814814814815
0 0.8989583333333333 0.5703703703703704 0.014583333333333334 0.05185185185185185
0 0.2760416666666667 0.6208333333333333 0.010416666666666666 0.03796296296296296
0 0.8447916666666667 0.612037037037037 0.022916666666666665 0.10555555555555556
0 0.05416666666666667 0.6560185185185186 0.015625 0.09722222222222222
0 0.8317708333333333 0.624537037037037 0.017708333333333333 0.08425925925925926
0 0.4549479166666667 0.6092592592592593 0.008854166666666666 0.025925925925925925
0 0.2828125 0.6226851851851852 0.010416666666666666 0.03796296296296296
0 0.9075520833333334 0.5726851851851852 0.011979166666666667 0.05092592592592592
0 0.86328125 0.5796296296296296 0.0109375 0.046296296296296294
