0 0.40703125 0.6111111111111112 0.0078125 0.03518518518518519
0 0.965625 0.6027777777777777 0.027083333333333334 0.12777777777777777
0 0.85625 0.5699074074074074 0.0125 0.04722222222222222
0 0.91953125 0.6041666666666666 0.0296875 0.14537037037037037
0 0.9572916666666667 0.5555555555555556 0.014583333333333334 0.06111111111111111
0 0.24427083333333333 0.6194444444444445 0.014583333333333334 0.04814814814814815
0 0.9848958333333333 0.612037037037037 0.023958333333333335 0.11851851851851852
0 0.4544270833333333 0.5995370370370371 0.008854166666666666 0.028703703703703703
0 0.2515625 0.6166666666666667 0.010416666666666666 0.044444444444444446
0 0.9666666666666667 0.5537037037037037 0.0125 0.05555555555555555
