0 0.6044270833333333 0.6125 0.022395833333333334 0.10277777777777777
0 0.8291666666666667 0.5824074074074074 0.01875 0.07962962962962963
0 0.2796875 0.5694444444444444 0.010416666666666666 0.03888888888888889
0 0.9825520833333333 0.5967592592592592 0.019270833333333334 0.1287037037037037
0 0.28880208333333335 0.5740740740740741 0.015104166666666667 0.05740740740740741
0 0.80078125 0.5805555555555556 0.0171875 0.07592592592592592
0 0.5924479166666666 0.6259259259259259 0.015104166666666667 0.06296296296296296
0 0.63125 0.575925925925926 0.016666666666666666 0.05740740740740741
0 0.8151041666666666 0.5796296296296296 0.023958333333333335 0.08888888888888889
0 0.2713541666666667 0.5680555555555555 0.010416666666666666 0.03981481481481482
