0 0.6130208333333333 0.6171296296296296 0.030208333333333334 0.14351851851851852
0 0.93984375 0.5805555555555556 0.021354166666666667 0.10925925925925926
0 0.25859375 0.5597222222222222 0.013020833333333334 0.04537037037037037
0 0.26588541666666665 0.5689814814814815 0.015104166666666667 0.062037037037037036
0 0.90234375 0.5833333333333334 0.0203125 0.09814814814814815
0 0.62421875 0.6425925925925926 0.033854166666666664 0.09074074074074075
0 0.6453125 0.5731481481481482 0.017708333333333333 0.05740740740740741
0 0.69296875 0.5777777777777777 0.015104166666666667 0.05555555555555555
0 0.91953125 0.5805555555555556 0.027604166666666666 0.12777777777777777
0 0.24895833333333334 0.5606481481481481 0.010416666666666666 0.04537037037037037
