0 0.6145833333333334 0.6194444444444445 0.035416666666666666 0.14629629629629629
0 0.9453125 0.5814814814814815 0.020833333333333332 0.1111111111111111
0 0.25703125 0.5601851851851852 0.013020833333333334 0.044444444444444446
0 0.26484375 0.5699074074074074 0.015104166666666667 0.062037037037037036
0 0.9083333333333333 0.5847222222222223 0.020833333333333332 0.09907407407407408
0 0.6255208333333333 0.6449074074074074 0.03125 0.08796296296296297
0 0.6453125 0.5740740740740741 0.017708333333333333 0.05740740740740741
0 0.6942708333333333 0.5791666666666667 0.015625 0.058333333333333334
0 0.9247395833333333 0.5810185185185185 0.027604166666666666 0.1287037037037037
0 0.24791666666666667 0.5615740740740741 0.010416666666666666 0.04537037037037037
