0 0.6145833333333334 0.6199074074074075 0.0375 0.14722222222222223
0 0.9484375 0.5828703703703704 0.020833333333333332 0.11203703703703703
0 0.2565104166666667 0.5601851851851852 0.013020833333333334 0.044444444444444446
0 0.2643229166666667 0.5699074074074074 0.015104166666666667 0.062037037037037036
0 0.9111979166666667 0.5851851851851851 0.021354166666666667 0.1
0 0.625 0.6462962962962963 0.028125 0.08888888888888889
0 0.6453125 0.5740740740740741 0.017708333333333333 0.05740740740740741
0 0.6947916666666667 0.5800925925925926 0.015625 0.06018518518518518
0 0.92734375 0.5814814814814815 0.027604166666666666 0.12962962962962962
0 0.24791666666666667 0.5625 0.010416666666666666 0.04537037037037037
