0 0.6138020833333333 0.6231481481481481 0.04114583333333333 0.15185185185185185
0 0.9591145833333333 0.5875 0.021354166666666667 0.11574074074074074
0 0.2552083333333333 0.5611111111111111 0.013541666666666667 0.044444444444444446
0 0.26223958333333336 0.5712962962962963 0.015104166666666667 0.06296296296296296
0 0.9231770833333334 0.5875 0.022395833333333334 0.10277777777777777
0 0.6236979166666666 0.649074074074074 0.0203125 0.08888888888888889
0 0.6447916666666667 0.575925925925926 0.017708333333333333 0.05740740740740741
0 0.6963541666666667 0.5819444444444445 0.015625 0.06388888888888888
0 0.9385416666666667 0.5833333333333334 0.027083333333333334 0.13148148148148148
0 0.2453125 0.5638888888888889 0.010416666666666666 0.046296296296296294
