0 0.6028645833333334 0.6291666666666667 0.0390625 0.16574074074074074
0 0.98828125 0.5930555555555556 0.021354166666666667 0.11944444444444445
0 0.24947916666666667 0.5638888888888889 0.013541666666666667 0.044444444444444446
0 0.6419270833333334 0.5810185185185185 0.015104166666666667 0.06018518518518518
0 0.2565104166666667 0.5740740740740741 0.015104166666666667 0.06481481481481481
0 0.96171875 0.5907407407407408 0.025520833333333333 0.10740740740740741
0 0.6161458333333333 0.6569444444444444 0.03333333333333333 0.10648148148148148
0 0.64453125 0.5763888888888888 0.0171875 0.05648148148148148
0 0.7036458333333333 0.5875 0.015625 0.06759259259259259
0 0.9703125 0.5888888888888889 0.029166666666666667 0.13703703703703704
0 0.26223958333333336 0.5652777777777778 0.015104166666666667 0.049074074074074076
0 0.23645833333333333 0.5662037037037037 0.010416666666666666 0.04722222222222222
