0 0.5354166666666667 0.6365740740740741 0.057291666666666664 0.20092592592592592
0 0.24140625 0.5699074074074074 0.0140625 0.05092592592592592
0 0.65859375 0.5856481481481481 0.015104166666666667 0.06018518518518518
0 0.64453125 0.5805555555555556 0.013020833333333334 0.06851851851851852
0 0.25026041666666665 0.5726851851851852 0.0171875 0.0712962962962963
0 0.5619791666666667 0.6662037037037037 0.028125 0.12685185185185185
0 0.64140625 0.5833333333333334 0.016145833333333335 0.05555555555555555
0 0.70703125 0.5888888888888889 0.0140625 0.06481481481481481
0 0.259375 0.5685185185185185 0.014583333333333334 0.05185185185185185
0 0.23072916666666668 0.5671296296296297 0.010416666666666666 0.04722222222222222
