0 0.14895833333333333 0.5851851851851851 0.014583333333333334 0.07037037037037037
0 0.31171875 0.5907407407407408 0.022395833333333334 0.07777777777777778
0 0.19036458333333334 0.5861111111111111 0.011979166666666667 0.06481481481481481
0 0.7622395833333333 0.5615740740740741 0.016145833333333335 0.06574074074074074
0 0.3572916666666667 0.5912037037037037 0.016666666666666666 0.0712962962962963
0 0.20546875 0.5884259259259259 0.0171875 0.08796296296296297
0 0.75390625 0.5638888888888889 0.011979166666666667 0.06296296296296296
0 0.5463541666666667 0.5777777777777777 0.019791666666666666 0.06111111111111111
0 0.5395833333333333 0.5782407407407407 0.015625 0.08055555555555556
0 0.36276041666666664 0.5912037037037037 0.016145833333333335 0.075
0 0.53125 0.5768518518518518 0.017708333333333333 0.07962962962962963
0 0.19557291666666668 0.5824074074074074 0.013020833333333334 0.06481481481481481
0 0.7572916666666667 0.5657407407407408 0.010416666666666666 0.046296296296296294
0 0.15494791666666666 0.5851851851851851 0.0171875 0.07037037037037037
0 0.8046875 0.5953703703703703 0.04479166666666667 0.1962962962962963
