0 0.153125 0.5810185185185185 0.01875 0.06944444444444445
0 0.31666666666666665 0.587037037037037 0.021875 0.07592592592592592
0 0.19453125 0.5814814814814815 0.011979166666666667 0.06481481481481481
0 0.7627604166666667 0.5611111111111111 0.015104166666666667 0.06481481481481481
0 0.3572916666666667 0.587037037037037 0.015625 0.07037037037037037
0 0.21197916666666666 0.5856481481481481 0.016666666666666666 0.08425925925925926
0 0.7549479166666667 0.562037037037037 0.011979166666666667 0.06296296296296296
0 0.546875 0.575925925925926 0.019791666666666666 0.06111111111111111
0 0.53984375 0.575462962962963 0.015104166666666667 0.08055555555555556
0 0.36380208333333336 0.5879629629629629 0.016145833333333335 0.07407407407407407
0 0.5325520833333334 0.5736111111111111 0.018229166666666668 0.0787037037037037
0 0.19947916666666668 0.5787037037037037 0.013541666666666667 0.06481481481481481
0 0.16067708333333333 0.5814814814814815 0.0171875 0.07037037037037037
0 0.80078125 0.5930555555555556 0.044270833333333336 0.18981481481481483
