0 0.1328125 0.5962962962962963 0.015625 0.07222222222222222
0 0.2994791666666667 0.6018518518518519 0.025 0.07407407407407407
0 0.18046875 0.5953703703703703 0.011979166666666667 0.06296296296296296
0 0.7609375 0.5671296296296297 0.016666666666666666 0.062037037037037036
0 0.35651041666666666 0.600462962962963 0.018229166666666668 0.07314814814814814
0 0.19010416666666666 0.6013888888888889 0.01875 0.08425925925925926
0 0.7513020833333334 0.5685185185185185 0.013020833333333334 0.06296296296296296
0 0.5447916666666667 0.5851851851851851 0.019791666666666666 0.06111111111111111
0 0.5369791666666667 0.5879629629629629 0.016666666666666666 0.08148148148148149
0 0.3578125 0.6027777777777777 0.021875 0.07592592592592592
0 0.5283854166666667 0.5847222222222223 0.0171875 0.0824074074074074
0 0.18567708333333333 0.5939814814814814 0.011979166666666667 0.062037037037037036
0 0.7559895833333333 0.5736111111111111 0.013020833333333334 0.04722222222222222
0 0.13958333333333334 0.5953703703703703 0.016666666666666666 0.07037037037037037
0 0.8138020833333334 0.6023148148148149 0.043229166666666666 0.21203703703703702
