0 0.12682291666666667 0.5981481481481481 0.016145833333333335 0.07222222222222222
0 0.29375 0.6018518518518519 0.023958333333333335 0.08148148148148149
0 0.17630208333333333 0.5990740740740741 0.011979166666666667 0.06296296296296296
0 0.7609375 0.5703703703703704 0.016666666666666666 0.06111111111111111
0 0.35572916666666665 0.6046296296296296 0.01875 0.07407407407407407
0 0.18411458333333333 0.6032407407407407 0.019270833333333334 0.08981481481481482
0 0.7505208333333333 0.5703703703703704 0.013541666666666667 0.06296296296296296
0 0.5440104166666667 0.5888888888888889 0.019270833333333334 0.06111111111111111
0 0.53515625 0.5916666666666667 0.0171875 0.08148148148148149
0 0.359375 0.6055555555555555 0.01875 0.07777777777777778
0 0.5270833333333333 0.5879629629629629 0.016666666666666666 0.08333333333333333
0 0.18177083333333333 0.5930555555555556 0.011458333333333333 0.06759259259259259
0 0.75546875 0.5773148148148148 0.013020833333333334 0.05092592592592592
0 0.13385416666666666 0.5990740740740741 0.016666666666666666 0.07037037037037037
0 0.8169270833333333 0.6064814814814815 0.04114583333333333 0.21851851851851853
