0 0.10963541666666667 0.6064814814814815 0.0171875 0.07592592592592592
0 0.27890625 0.6143518518518518 0.0234375 0.08796296296296297
0 0.1625 0.6087962962962963 0.010416666666666666 0.06944444444444445
0 0.7591145833333334 0.5787037037037037 0.015104166666666667 0.06296296296296296
0 0.35572916666666665 0.6166666666666667 0.019791666666666666 0.07777777777777778
0 0.16145833333333334 0.6226851851851852 0.028125 0.0824074074074074
0 0.7471354166666667 0.5768518518518518 0.015104166666666667 0.06296296296296296
0 0.54140625 0.6 0.0171875 0.05925925925925926
0 0.5328125 0.5976851851851852 0.01875 0.08611111111111111
0 0.359375 0.6134259259259259 0.019791666666666666 0.0824074074074074
0 0.5244791666666667 0.6013888888888889 0.017708333333333333 0.08796296296296297
0 0.17317708333333334 0.6069444444444444 0.011979166666666667 0.062037037037037036
0 0.7546875 0.5828703703703704 0.011458333333333333 0.05462962962962963
0 0.11614583333333334 0.6106481481481482 0.015625 0.075
0 0.834375 0.6226851851851852 0.04583333333333333 0.24166666666666667
