0 0.07578125 0.5935185185185186 0.016145833333333335 0.07592592592592592
0 0.24661458333333333 0.6134259259259259 0.027604166666666666 0.09537037037037037
0 0.14401041666666667 0.5990740740740741 0.013020833333333334 0.06851851851851852
0 0.7596354166666667 0.5634259259259259 0.018229166666666668 0.06574074074074074
0 0.359375 0.6074074074074074 0.01875 0.07592592592592592
0 0.1171875 0.6069444444444444 0.023958333333333335 0.09166666666666666
0 0.74921875 0.5699074074074074 0.015104166666666667 0.06388888888888888
0 0.5453125 0.5824074074074074 0.017708333333333333 0.06296296296296296
0 0.5325520833333334 0.5828703703703704 0.018229166666666668 0.08981481481481482
0 0.36223958333333334 0.6027777777777777 0.015104166666666667 0.08888888888888889
0 0.5213541666666667 0.587037037037037 0.019791666666666666 0.09259259259259259
0 0.14817708333333332 0.600925925925926 0.015104166666666667 0.06481481481481481
0 0.7541666666666667 0.5699074074074074 0.013541666666666667 0.05648148148148148
0 0.08203125 0.5967592592592592 0.0140625 0.07685185185185185
0 0.87890625 0.6291666666666667 0.06927083333333334 0.3138888888888889
