0 0.06640625 0.5907407407407408 0.016145833333333335 0.07592592592592592
0 0.23880208333333333 0.6097222222222223 0.027604166666666666 0.09537037037037037
0 0.13932291666666666 0.5958333333333333 0.013020833333333334 0.06759259259259259
0 0.76015625 0.5611111111111111 0.019270833333333334 0.06666666666666667
0 0.3640625 0.6037037037037037 0.01875 0.08148148148148149
0 0.109375 0.6060185185185185 0.023958333333333335 0.09166666666666666
0 0.7481770833333333 0.5662037037037037 0.015104166666666667 0.06574074074074074
0 0.5463541666666667 0.5810185185185185 0.021875 0.06574074074074074
0 0.5322916666666667 0.5814814814814815 0.017708333333333333 0.09259259259259259
0 0.371875 0.6018518518518519 0.026041666666666668 0.08888888888888889
0 0.5221354166666666 0.5833333333333334 0.021354166666666667 0.09444444444444444
0 0.14166666666666666 0.5986111111111111 0.015625 0.06759259259259259
0 0.7549479166666667 0.5680555555555555 0.0140625 0.058333333333333334
0 0.07395833333333333 0.5935185185185186 0.013541666666666667 0.07962962962962963
0 0.89453125 0.6375 0.06927083333333334 0.33425925925925926
