0 0.0484375 0.5902777777777778 0.01875 0.0787037037037037
0 0.21901041666666668 0.6050925925925926 0.027604166666666666 0.09537037037037037
0 0.1296875 0.5916666666666667 0.011458333333333333 0.07037037037037037
0 0.7622395833333333 0.5564814814814815 0.018229166666666668 0.06666666666666667
0 0.3802083333333333 0.5986111111111111 0.016666666666666666 0.09166666666666666
0 0.07994791666666666 0.600462962962963 0.022395833333333334 0.09166666666666666
0 0.7424479166666667 0.5541666666666667 0.015104166666666667 0.0712962962962963
0 0.5583333333333333 0.5745370370370371 0.017708333333333333 0.06574074074074074
0 0.5356770833333333 0.5773148148148148 0.018229166666666668 0.09537037037037037
0 0.38359375 0.5967592592592592 0.025520833333333333 0.09351851851851851
0 0.5260416666666666 0.5777777777777777 0.021875 0.1
0 0.13619791666666667 0.5916666666666667 0.015104166666666667 0.07592592592592592
0 0.7567708333333333 0.5611111111111111 0.014583333333333334 0.06296296296296296
0 0.055989583333333336 0.5907407407407408 0.0140625 0.08148148148148149
0 0.9463541666666667 0.6574074074074074 0.075 0.4185185185185185
