0 0.04921875 0.5902777777777778 0.018229166666666668 0.0787037037037037
0 0.22057291666666667 0.6050925925925926 0.027604166666666666 0.09537037037037037
0 0.13020833333333334 0.5925925925925926 0.011458333333333333 0.07037037037037037
0 0.7619791666666667 0.5564814814814815 0.01875 0.06666666666666667
0 0.37890625 0.5990740740740741 0.0171875 0.09074074074074075
0 0.08177083333333333 0.6013888888888889 0.021875 0.09166666666666666
0 0.7424479166666667 0.5550925925925926 0.015104166666666667 0.0712962962962963
0 0.5598958333333334 0.5745370370370371 0.021875 0.06574074074074074
0 0.53515625 0.5773148148148148 0.018229166666666668 0.09537037037037037
0 0.3815104166666667 0.5972222222222222 0.0234375 0.09074074074074075
0 0.5255208333333333 0.5787037037037037 0.021875 0.1
0 0.13645833333333332 0.5916666666666667 0.014583333333333334 0.07407407407407407
0 0.7567708333333333 0.562037037037037 0.014583333333333334 0.06296296296296296
0 0.05703125 0.5907407407407408 0.0140625 0.08148148148148149
0 0.9421875 0.6578703703703703 0.075 0.41203703703703703
