0 0.05364583333333333 0.5898148148148148 0.017708333333333333 0.07777777777777778
0 0.22630208333333332 0.6060185185185185 0.027604166666666666 0.09537037037037037
0 0.13255208333333332 0.5930555555555556 0.011979166666666667 0.06944444444444445
0 0.7609375 0.5578703703703703 0.020833333333333332 0.06759259259259259
0 0.3731770833333333 0.600925925925926 0.0203125 0.08703703703703704
0 0.0890625 0.6023148148148149 0.020833333333333332 0.09166666666666666
0 0.7455729166666667 0.5606481481481481 0.015104166666666667 0.06944444444444445
0 0.5557291666666667 0.5763888888888888 0.021875 0.06574074074074074
0 0.5341145833333333 0.5787037037037037 0.018229166666666668 0.09444444444444444
0 0.3765625 0.5995370370370371 0.020833333333333332 0.08796296296296297
0 0.5239583333333333 0.5796296296296296 0.021875 0.09814814814814815
0 0.13723958333333333 0.5916666666666667 0.0140625 0.06851851851851852
0 0.75625 0.5634259259259259 0.014583333333333334 0.062037037037037036
0 0.06145833333333333 0.5907407407407408 0.013541666666666667 0.08148148148148149
0 0.9255208333333333 0.6472222222222223 0.06770833333333333 0.387037037037037
