0 0.03671875 0.5893518518518519 0.019270833333333334 0.08055555555555556
0 0.20234375 0.6032407407407407 0.027604166666666666 0.09537037037037037
0 0.12604166666666666 0.5898148148148148 0.0125 0.07592592592592592
0 0.76328125 0.5550925925925926 0.016145833333333335 0.06759259259259259
0 0.39791666666666664 0.5958333333333333 0.025 0.08611111111111111
0 0.7143229166666667 0.5504629629629629 0.0203125 0.06759259259259259
0 0.059895833333333336 0.5986111111111111 0.023958333333333335 0.09166666666666666
0 0.7388020833333333 0.5523148148148148 0.015104166666666667 0.075
0 0.56796875 0.5708333333333333 0.021354166666666667 0.06574074074074074
0 0.5416666666666666 0.575925925925926 0.01875 0.0962962962962963
0 0.4010416666666667 0.5930555555555556 0.022916666666666665 0.09537037037037037
0 0.53125 0.575925925925926 0.021875 0.1037037037037037
0 0.13203125 0.5879629629629629 0.0171875 0.06851851851851852
0 0.7580729166666667 0.5578703703703703 0.015104166666666667 0.06574074074074074
0 0.04348958333333333 0.5884259259259259 0.015104166666666667 0.07685185185185185
0 0.97265625 0.6592592592592592 0.05364583333333333 0.4740740740740741
