0 0.030208333333333334 0.5884259259259259 0.01875 0.08055555555555556
0 0.19296875 0.6023148148148149 0.027604166666666666 0.09537037037037037
0 0.12526041666666668 0.5875 0.013020833333333334 0.0787037037037037
0 0.7627604166666667 0.5555555555555556 0.0171875 0.06851851851851852
0 0.40677083333333336 0.5949074074074074 0.027083333333333334 0.08796296296296297
0 0.7192708333333333 0.5458333333333333 0.021875 0.06759259259259259
0 0.050520833333333334 0.5995370370370371 0.023958333333333335 0.09166666666666666
0 0.73359375 0.5523148148148148 0.015104166666666667 0.075
0 0.5729166666666666 0.5680555555555555 0.021875 0.06574074074074074
0 0.5458333333333333 0.575925925925926 0.01875 0.0962962962962963
0 0.41041666666666665 0.5930555555555556 0.021875 0.09351851851851851
0 0.5346354166666667 0.5740740740740741 0.022395833333333334 0.1037037037037037
0 0.13151041666666666 0.5879629629629629 0.016145833333333335 0.07407407407407407
0 0.7580729166666667 0.5578703703703703 0.015104166666666667 0.06574074074074074
0 0.03671875 0.5861111111111111 0.016145833333333335 0.07222222222222222
0 0.9755208333333333 0.662962962962963 0.04791666666666667 0.4648148148148148
