0 0.0234375 0.5875 0.01875 0.0824074074074074
0 0.18463541666666666 0.6032407407407407 0.027604166666666666 0.09537037037037037
0 0.12526041666666668 0.5875 0.013020833333333334 0.0787037037037037
0 0.7596354166666667 0.5541666666666667 0.0171875 0.06574074074074074
0 0.41901041666666666 0.5935185185185186 0.027604166666666666 0.09074074074074075
0 0.7260416666666667 0.5476851851851852 0.021875 0.06759259259259259
0 0.042708333333333334 0.5976851851851852 0.023958333333333335 0.09907407407407408
0 0.7268229166666667 0.5532407407407407 0.015104166666666667 0.075
0 0.5786458333333333 0.5652777777777778 0.021875 0.06574074074074074
0 0.5458333333333333 0.575925925925926 0.01875 0.0962962962962963
0 0.42421875 0.5912037037037037 0.03177083333333333 0.08981481481481482
0 0.5356770833333333 0.5736111111111111 0.021354166666666667 0.10462962962962963
0 0.13125 0.5861111111111111 0.014583333333333334 0.07222222222222222
0 0.75390625 0.5578703703703703 0.015104166666666667 0.06574074074074074
0 0.030208333333333334 0.5875 0.015625 0.075
0 0.9638020833333333 0.6680555555555555 0.0703125 0.49537037037037035
