0 0.022916666666666665 0.5875 0.01875 0.0824074074074074
0 0.18359375 0.6032407407407407 0.027604166666666666 0.09537037037037037
0 0.12526041666666668 0.5875 0.013020833333333334 0.0787037037037037
0 0.7583333333333333 0.5541666666666667 0.016666666666666666 0.06574074074074074
0 0.4203125 0.5935185185185186 0.025 0.09074074074074075
0 0.7265625 0.5476851851851852 0.021875 0.06759259259259259
0 0.0421875 0.5995370370370371 0.023958333333333335 0.09722222222222222
0 0.72578125 0.5532407407407407 0.015104166666666667 0.075
0 0.5786458333333333 0.5652777777777778 0.021875 0.06574074074074074
0 0.5458333333333333 0.575925925925926 0.01875 0.0962962962962963
0 0.42630208333333336 0.5916666666666667 0.027604166666666666 0.08888888888888889
0 0.5356770833333333 0.5736111111111111 0.021354166666666667 0.10462962962962963
0 0.13125 0.5861111111111111 0.014583333333333334 0.07222222222222222
0 0.753125 0.5578703703703703 0.014583333333333334 0.06574074074074074
0 0.0296875 0.5875 0.015625 0.075
0 0.9614583333333333 0.6694444444444444 0.07395833333333333 0.5
