0 0.0171875 0.586574074074074 0.017708333333333333 0.08055555555555556
0 0.17526041666666667 0.6050925925925926 0.027604166666666666 0.09537037037037037
0 0.12526041666666668 0.5875 0.013020833333333334 0.0787037037037037
0 0.7528645833333333 0.5587962962962963 0.016145833333333335 0.0712962962962963
0 0.43255208333333334 0.5935185185185186 0.022395833333333334 0.09074074074074075
0 0.7338541666666667 0.5504629629629629 0.021875 0.06759259259259259
0 0.0375 0.6032407407407407 0.023958333333333335 0.09166666666666666
0 0.7190104166666667 0.5532407407407407 0.015104166666666667 0.075
0 0.5817708333333333 0.5671296296296297 0.021875 0.06574074074074074
0 0.54609375 0.5773148148148148 0.018229166666666668 0.09722222222222222
0 0.4421875 0.5925925925925926 0.030208333333333334 0.09259259259259259
0 0.5359375 0.5736111111111111 0.020833333333333332 0.10462962962962963
0 0.13072916666666667 0.5884259259259259 0.014583333333333334 0.07314814814814814
0 0.74765625 0.5578703703703703 0.0140625 0.06574074074074074
0 0.023697916666666666 0.5888888888888889 0.015104166666666667 0.07777777777777778
0 0.9427083333333334 0.6884259259259259 0.10729166666666666 0.5416666666666666
