0 0.0140625 0.586574074074074 0.016666666666666666 0.08055555555555556
0 0.16796875 0.6060185185185185 0.027604166666666666 0.09537037037037037
0 0.12526041666666668 0.5875 0.013020833333333334 0.0787037037037037
0 0.7479166666666667 0.5606481481481481 0.016666666666666666 0.0712962962962963
0 0.440625 0.5925925925925926 0.020833333333333332 0.09074074074074075
0 0.7395833333333334 0.5523148148148148 0.021875 0.06759259259259259
0 0.03229166666666667 0.6032407407407407 0.023958333333333335 0.09166666666666666
0 0.7122395833333334 0.5541666666666667 0.015104166666666667 0.075
0 0.584375 0.5680555555555555 0.021875 0.06574074074074074
0 0.5463541666666667 0.5791666666666667 0.017708333333333333 0.09722222222222222
0 0.44869791666666664 0.5912037037037037 0.0265625 0.09351851851851851
0 0.5364583333333334 0.5745370370370371 0.021875 0.10277777777777777
0 0.13046875 0.5921296296296297 0.015104166666666667 0.075
0 0.7408854166666666 0.562037037037037 0.0140625 0.06666666666666667
0 0.019791666666666666 0.5888888888888889 0.015625 0.07777777777777778
0 0.8908854166666667 0.6995370370370371 0.12760416666666666 0.5583333333333333
