0 0.009635416666666667 0.5884259259259259 0.0140625 0.08055555555555556
0 0.16067708333333333 0.6060185185185185 0.027604166666666666 0.09537037037037037
0 0.12526041666666668 0.5875 0.013020833333333334 0.0787037037037037
0 0.74140625 0.5574074074074075 0.016145833333333335 0.07222222222222222
0 0.4510416666666667 0.5893518518518519 0.023958333333333335 0.09351851851851851
0 0.7447916666666666 0.5532407407407407 0.021875 0.06759259259259259
0 0.026041666666666668 0.6032407407407407 0.023958333333333335 0.09166666666666666
0 0.7044270833333334 0.5550925925925926 0.015104166666666667 0.075
0 0.5875 0.5689814814814815 0.021875 0.06574074074074074
0 0.5463541666666667 0.5796296296296296 0.017708333333333333 0.09814814814814815
0 0.4596354166666667 0.5884259259259259 0.021354166666666667 0.09537037037037037
0 0.5356770833333333 0.575462962962963 0.0203125 0.10092592592592593
0 0.13020833333333334 0.5921296296296297 0.014583333333333334 0.075
0 0.7356770833333334 0.5638888888888889 0.0140625 0.06851851851851852
0 0.01640625 0.5898148148148148 0.016145833333333335 0.07962962962962963
0 0.8010416666666667 0.7087962962962963 0.13333333333333333 0.5638888888888889
