0 0.009114583333333334 0.5884259259259259 0.0140625 0.08055555555555556
0 0.15963541666666667 0.6060185185185185 0.027604166666666666 0.09537037037037037
0 0.12526041666666668 0.5875 0.013020833333333334 0.0787037037037037
0 0.7403645833333333 0.5564814814814815 0.016145833333333335 0.07222222222222222
0 0.4513020833333333 0.5888888888888889 0.0234375 0.09259259259259259
0 0.7458333333333333 0.5532407407407407 0.021875 0.06759259259259259
0 0.025520833333333333 0.6032407407407407 0.023958333333333335 0.09166666666666666
0 0.7033854166666667 0.5550925925925926 0.015104166666666667 0.075
0 0.5875 0.5699074074074074 0.021875 0.06574074074074074
0 0.5463541666666667 0.5796296296296296 0.017708333333333333 0.09814814814814815
0 0.46015625 0.5884259259259259 0.022395833333333334 0.09537037037037037
0 0.5356770833333333 0.575462962962963 0.0203125 0.10092592592592593
0 0.13020833333333334 0.5925925925925926 0.014583333333333334 0.07592592592592592
0 0.73515625 0.5638888888888889 0.0140625 0.06851851851851852
0 0.015885416666666666 0.5898148148148148 0.016145833333333335 0.07962962962962963
0 0.7916666666666666 0.7101851851851851 0.134375 0.5648148148148148
