0 0.15494791666666666 0.6050925925925926 0.027604166666666666 0.09537037037037037
0 0.12526041666666668 0.5875 0.013020833333333334 0.0787037037037037
0 0.7372395833333333 0.5578703703703703 0.0171875 0.0712962962962963
0 0.4557291666666667 0.587037037037037 0.020833333333333332 0.08888888888888889
0 0.7494791666666667 0.5541666666666667 0.021875 0.06759259259259259
0 0.021875 0.6032407407407407 0.023958333333333335 0.09166666666666666
0 0.6981770833333333 0.5560185185185185 0.015104166666666667 0.075
0 0.5901041666666667 0.5699074074074074 0.021875 0.06574074074074074
0 0.5463541666666667 0.5796296296296296 0.017708333333333333 0.09814814814814815
0 0.46822916666666664 0.586574074074074 0.03229166666666667 0.09537037037037037
0 0.5346354166666667 0.575925925925926 0.018229166666666668 0.1
0 0.13020833333333334 0.5925925925925926 0.014583333333333334 0.07592592592592592
0 0.7299479166666667 0.5638888888888889 0.0140625 0.06851851851851852
0 0.01328125 0.5902777777777778 0.016145833333333335 0.08055555555555556
0 0.72890625 0.7152777777777778 0.1390625 0.5675925925925925
