0 0.14765625 0.6041666666666666 0.027604166666666666 0.09537037037037037
0 0.12526041666666668 0.5875 0.013020833333333334 0.0787037037037037
0 0.73125 0.5587962962962963 0.016666666666666666 0.07314814814814814
0 0.46796875 0.5879629629629629 0.0203125 0.08703703703703704
0 0.7552083333333334 0.5560185185185185 0.021875 0.06759259259259259
0 0.018229166666666668 0.6046296296296296 0.022916666666666665 0.0962962962962963
0 0.6901041666666666 0.5569444444444445 0.015625 0.075
0 0.5942708333333333 0.5699074074074074 0.021875 0.06574074074074074
0 0.5453125 0.5796296296296296 0.017708333333333333 0.09814814814814815
0 0.47682291666666665 0.5851851851851851 0.018229166666666668 0.09444444444444444
0 0.534375 0.575462962962963 0.017708333333333333 0.10092592592592593
0 0.13151041666666666 0.5925925925925926 0.015104166666666667 0.07592592592592592
0 0.7221354166666667 0.562962962962963 0.0140625 0.06851851851851852
0 0.007552083333333333 0.5921296296296297 0.015104166666666667 0.08055555555555556
0 0.6111979166666667 0.7157407407407408 0.15260416666666668 0.5666666666666667
