0 0.14192708333333334 0.6032407407407407 0.027604166666666666 0.09537037037037037
0 0.12526041666666668 0.5875 0.013020833333333334 0.0787037037037037
0 0.7263020833333333 0.5597222222222222 0.0140625 0.07314814814814814
0 0.47578125 0.5879629629629629 0.0234375 0.08703703703703704
0 0.759375 0.5550925925925926 0.021875 0.06759259259259259
0 0.015104166666666667 0.6055555555555555 0.021875 0.1
0 0.68359375 0.5578703703703703 0.016145833333333335 0.075
0 0.5973958333333333 0.5699074074074074 0.021875 0.06574074074074074
0 0.5442708333333334 0.5796296296296296 0.017708333333333333 0.09814814814814815
0 0.48515625 0.5856481481481481 0.0296875 0.09537037037037037
0 0.534375 0.5745370370370371 0.017708333333333333 0.10277777777777777
0 0.13151041666666666 0.5921296296296297 0.015104166666666667 0.075
0 0.7153645833333333 0.562962962962963 0.0140625 0.06851851851851852
0 0.00625 0.5921296296296297 0.0125 0.08055555555555556
0 0.5200520833333333 0.7162037037037037 0.15989583333333332 0.5657407407407408
