0 0.14348958333333334 0.6041666666666666 0.027604166666666666 0.09537037037037037
0 0.12526041666666668 0.5875 0.013020833333333334 0.0787037037037037
0 0.7276041666666667 0.5597222222222222 0.014583333333333334 0.07314814814814814
0 0.4734375 0.5884259259259259 0.025 0.08611111111111111
0 0.7583333333333333 0.5560185185185185 0.021875 0.06759259259259259
0 0.016145833333333335 0.6060185185185185 0.021875 0.09907407407407408
0 0.6856770833333333 0.5578703703703703 0.016145833333333335 0.075
0 0.5963541666666666 0.5699074074074074 0.021875 0.06574074074074074
0 0.5447916666666667 0.5796296296296296 0.017708333333333333 0.09814814814814815
0 0.48385416666666664 0.5856481481481481 0.028125 0.09537037037037037
0 0.534375 0.5745370370370371 0.017708333333333333 0.10277777777777777
0 0.13151041666666666 0.5925925925925926 0.015104166666666667 0.07592592592592592
0 0.7174479166666666 0.562962962962963 0.0140625 0.06851851851851852
0 0.0067708333333333336 0.5921296296296297 0.013541666666666667 0.08055555555555556
0 0.54609375 0.7162037037037037 0.15989583333333332 0.5657407407407408
