0 0.14140625 0.6032407407407407 0.027604166666666666 0.09537037037037037
0 0.12526041666666668 0.5875 0.013020833333333334 0.0787037037037037
0 0.72578125 0.5597222222222222 0.0140625 0.07314814814814814
0 0.47708333333333336 0.587037037037037 0.022916666666666665 0.08703703703703704
0 0.7598958333333333 0.5550925925925926 0.021875 0.06759259259259259
0 0.01484375 0.6060185185185185 0.021354166666666667 0.10092592592592593
0 0.6828125 0.5578703703703703 0.016666666666666666 0.075
0 0.5973958333333333 0.5699074074074074 0.021875 0.06574074074074074
0 0.5442708333333334 0.5796296296296296 0.017708333333333333 0.09814814814814815
0 0.4856770833333333 0.5856481481481481 0.0296875 0.09537037037037037
0 0.534375 0.5740740740740741 0.017708333333333333 0.1037037037037037
0 0.13125 0.5921296296296297 0.014583333333333334 0.075
0 0.7143229166666667 0.562037037037037 0.0140625 0.06851851851851852
0 0.005989583333333334 0.5921296296296297 0.011979166666666667 0.08055555555555556
0 0.50703125 0.7157407407407408 0.15989583333333332 0.5666666666666667
