0 0.12421875 0.5986111111111111 0.027604166666666666 0.09537037037037037
0 0.12526041666666668 0.5875 0.013020833333333334 0.0787037037037037
0 0.7065104166666667 0.5606481481481481 0.0203125 0.0712962962962963
0 0.503125 0.5833333333333334 0.017708333333333333 0.08703703703703704
0 0.7765625 0.5550925925925926 0.021875 0.0712962962962963
0 0.007291666666666667 0.6087962962962963 0.014583333333333334 0.10833333333333334
0 0.6611979166666667 0.5611111111111111 0.019270833333333334 0.07962962962962963
0 0.6046875 0.5689814814814815 0.021875 0.06574074074074074
0 0.5442708333333334 0.5796296296296296 0.017708333333333333 0.09814814814814815
0 0.5104166666666666 0.5810185185185185 0.03229166666666667 0.09166666666666666
0 0.534375 0.575925925925926 0.017708333333333333 0.10185185185185185
0 0.13255208333333332 0.5902777777777778 0.015104166666666667 0.0712962962962963
0 0.7 0.5625 0.013541666666666667 0.06944444444444445
0 0.23255208333333333 0.7240740740740741 0.14635416666666667 0.55
