0 0.12734375 0.5995370370370371 0.027604166666666666 0.09537037037037037
0 0.12526041666666668 0.5875 0.013020833333333334 0.0787037037037037
0 0.7091145833333333 0.5592592592592592 0.0203125 0.07407407407407407
0 0.49661458333333336 0.5837962962962963 0.018229166666666668 0.08796296296296297
0 0.7734375 0.5546296296296296 0.021875 0.07037037037037037
0 0.009635416666666667 0.6087962962962963 0.019270833333333334 0.10833333333333334
0 0.6651041666666667 0.5615740740740741 0.01875 0.075
0 0.6036458333333333 0.5689814814814815 0.021875 0.06574074074074074
0 0.5442708333333334 0.5796296296296296 0.017708333333333333 0.09814814814814815
0 0.50703125 0.5819444444444445 0.0328125 0.09166666666666666
0 0.5346354166666667 0.575925925925926 0.018229166666666668 0.1
0 0.13177083333333334 0.5898148148148148 0.014583333333333334 0.07037037037037037
0 0.703125 0.5625 0.013541666666666667 0.06944444444444445
0 0.27578125 0.7208333333333333 0.1515625 0.5564814814814815
