0 0.11796875 0.5976851851851852 0.0265625 0.09537037037037037
0 0.12526041666666668 0.5875 0.013020833333333334 0.0787037037037037
0 0.6986979166666667 0.5638888888888889 0.0171875 0.07592592592592592
0 0.5106770833333333 0.5819444444444445 0.019270833333333334 0.08611111111111111
0 0.7822916666666667 0.5550925925925926 0.021875 0.07314814814814814
0 0.6533854166666667 0.5601851851851852 0.0203125 0.08703703703703704
0 0.60625 0.5689814814814815 0.021875 0.06574074074074074
0 0.5442708333333334 0.5800925925925926 0.017708333333333333 0.09722222222222222
0 0.5161458333333333 0.5800925925925926 0.017708333333333333 0.09166666666666666
0 0.5338541666666666 0.5740740740740741 0.016666666666666666 0.1037037037037037
0 0.1328125 0.5921296296296297 0.013541666666666667 0.075
0 0.6934895833333333 0.562962962962963 0.0140625 0.07037037037037037
0 0.15364583333333334 0.7273148148148149 0.13333333333333333 0.5435185185185185
