0 0.12213541666666666 0.5976851851851852 0.027604166666666666 0.09537037037037037
0 0.12526041666666668 0.5875 0.013020833333333334 0.0787037037037037
0 0.7036458333333333 0.5625 0.01875 0.0712962962962963
0 0.5065104166666666 0.5828703703703704 0.018229166666666668 0.08611111111111111
0 0.7786458333333334 0.5546296296296296 0.021875 0.07222222222222222
0 0.6583333333333333 0.5611111111111111 0.019791666666666666 0.08333333333333333
0 0.6052083333333333 0.5689814814814815 0.021875 0.06574074074074074
0 0.5442708333333334 0.5796296296296296 0.017708333333333333 0.09814814814814815
0 0.5135416666666667 0.5810185185185185 0.021875 0.09166666666666666
0 0.5341145833333333 0.575462962962963 0.0171875 0.10277777777777777
0 0.13255208333333332 0.5907407407407408 0.0140625 0.07222222222222222
0 0.69765625 0.5625 0.0140625 0.06944444444444445
0 0.2 0.7263888888888889 0.14270833333333333 0.5453703703703704
