0 0.09635416666666667 0.5981481481481481 0.019791666666666666 0.09444444444444444
0 0.12526041666666668 0.5879629629629629 0.013020833333333334 0.07777777777777778
0 0.67734375 0.5643518518518519 0.0203125 0.075
0 0.5502604166666667 0.5787037037037037 0.0203125 0.09074074074074075
0 0.8 0.5597222222222222 0.021875 0.075
0 0.625 0.5662037037037037 0.022916666666666665 0.075
0 0.6177083333333333 0.5671296296296297 0.021875 0.06574074074074074
0 0.5434895833333333 0.5805555555555556 0.0140625 0.0962962962962963
0 0.5528645833333333 0.5773148148148148 0.019270833333333334 0.09166666666666666
0 0.5364583333333334 0.575462962962963 0.021875 0.10277777777777777
0 0.13151041666666666 0.5898148148148148 0.013020833333333334 0.07037037037037037
0 0.6713541666666667 0.5652777777777778 0.014583333333333334 0.0712962962962963
