0 0.0875 0.6013888888888889 0.019791666666666666 0.09166666666666666
0 0.12526041666666668 0.5898148148148148 0.013020833333333334 0.07407407407407407
0 0.6716145833333333 0.5680555555555555 0.018229166666666668 0.075
0 0.5552083333333333 0.5782407407407407 0.019791666666666666 0.09166666666666666
0 0.8072916666666666 0.5587962962962963 0.021875 0.075
0 0.6151041666666667 0.5685185185185185 0.025 0.07777777777777778
0 0.6203125 0.5671296296296297 0.021875 0.06574074074074074
0 0.5450520833333333 0.5828703703703704 0.0140625 0.09351851851851851
0 0.5611979166666666 0.5782407407407407 0.022395833333333334 0.09166666666666666
0 0.5359375 0.575925925925926 0.020833333333333332 0.1037037037037037
0 0.13177083333333334 0.5902777777777778 0.0125 0.06944444444444445
0 0.6661458333333333 0.5675925925925925 0.022916666666666665 0.07592592592592592
