0 0.32369791666666664 0.38287037037037036 0.0078125 0.032407407407407406
0 0.5432291666666667 0.38796296296296295 0.016666666666666666 0.08703703703703704
0 0.3106770833333333 0.3837962962962963 0.008854166666666666 0.032407407407407406
0 0.5450520833333333 0.3907407407407407 0.025520833333333333 0.10740740740740741
0 0.48515625 0.37824074074074077 0.011979166666666667 0.05092592592592592
0 0.17005208333333333 0.38842592592592595 0.016145833333333335 0.04722222222222222
0 0.3296875 0.3819444444444444 0.00625 0.03425925925925926
0 0.4471354166666667 0.3699074074074074 0.0046875 0.019444444444444445
0 0.12369791666666667 0.3925925925925926 0.0109375 0.05740740740740741
0 0.4859375 0.37222222222222223 0.010416666666666666 0.044444444444444446
