0 0.32890625 0.3787037037037037 0.0067708333333333336 0.03148148148148148
0 0.52890625 0.3819444444444444 0.016145833333333335 0.0824074074074074
0 0.31640625 0.37916666666666665 0.0078125 0.030555555555555555
0 0.52265625 0.38657407407407407 0.021354166666666667 0.09537037037037037
0 0.48151041666666666 0.37453703703703706 0.013020833333333334 0.04722222222222222
0 0.17734375 0.3837962962962963 0.015104166666666667 0.04351851851851852
0 0.334375 0.37824074074074077 0.005208333333333333 0.032407407407407406
0 0.44947916666666665 0.3662037037037037 0.004166666666666667 0.017592592592592594
0 0.14296875 0.38796296296296295 0.009895833333333333 0.05555555555555555
0 0.48411458333333335 0.37083333333333335 0.0109375 0.04537037037037037
