0 0.31692708333333336 0.3851851851851852 0.0078125 0.03148148148148148
0 0.5682291666666667 0.39166666666666666 0.017708333333333333 0.0962962962962963
0 0.3020833333333333 0.38287037037037036 0.008333333333333333 0.03425925925925926
0 0.5841145833333333 0.39490740740740743 0.03177083333333333 0.12685185185185185
0 0.49192708333333335 0.37916666666666665 0.013020833333333334 0.05462962962962963
0 0.15833333333333333 0.38796296296296295 0.01875 0.05185185185185185
0 0.32421875 0.3819444444444444 0.0067708333333333336 0.03611111111111111
0 0.44427083333333334 0.36944444444444446 0.004166666666666667 0.018518518518518517
0 0.09505208333333333 0.3925925925925926 0.011979166666666667 0.06296296296296296
0 0.48984375 0.37453703703703706 0.011979166666666667 0.049074074074074076
