0 0.30572916666666666 0.38333333333333336 0.009375 0.03888888888888889
0 0.6143229166666667 0.39444444444444443 0.021354166666666667 0.12037037037037036
0 0.28463541666666664 0.3851851851851852 0.0109375 0.03888888888888889
0 0.65625 0.40185185185185185 0.020833333333333332 0.16296296296296298
0 0.5049479166666667 0.3800925925925926 0.0171875 0.062037037037037036
0 0.12786458333333334 0.38981481481481484 0.022395833333333334 0.06296296296296296
0 0.31145833333333334 0.38333333333333336 0.007291666666666667 0.03888888888888889
0 0.43802083333333336 0.37083333333333335 0.004166666666666667 0.019444444444444445
0 0.041666666666666664 0.3939814814814815 0.011458333333333333 0.075
0 0.49583333333333335 0.3763888888888889 0.0125 0.058333333333333334
