0 0.30026041666666664 0.38472222222222224 0.008854166666666666 0.041666666666666664
0 0.63671875 0.39537037037037037 0.0265625 0.12962962962962962
0 0.2760416666666667 0.38564814814814813 0.011458333333333333 0.041666666666666664
0 0.5109375 0.37824074074074077 0.017708333333333333 0.06574074074074074
0 0.10859375 0.39305555555555555 0.022395833333333334 0.06759259259259259
0 0.30520833333333336 0.38425925925925924 0.007291666666666667 0.040740740740740744
0 0.4356770833333333 0.37037037037037035 0.0036458333333333334 0.020370370370370372
0 0.016145833333333335 0.3976851851851852 0.011458333333333333 0.0787037037037037
0 0.34427083333333336 0.37453703703703706 0.003125 0.017592592592592594
0 0.49973958333333335 0.37592592592592594 0.013020833333333334 0.06296296296296296
