0 0.05677083333333333 0.6462962962962963 0.020833333333333332 0.07777777777777778
0 0.71328125 0.6606481481481481 0.0203125 0.07685185185185185
0 0.29296875 0.65 0.0140625 0.04259259259259259
0 0.07916666666666666 0.6518518518518519 0.019791666666666666 0.07777777777777778
0 0.26484375 0.6476851851851851 0.0140625 0.05277777777777778
0 0.5625 0.6574074074074074 0.021875 0.05740740740740741
0 0.4609375 0.6532407407407408 0.017708333333333333 0.06018518518518518
0 0.3341145833333333 0.6430555555555556 0.011979166666666667 0.04351851851851852
0 0.06197916666666667 0.6583333333333333 0.015625 0.06296296296296296
0 0.31614583333333335 0.6467592592592593 0.010416666666666666 0.04351851851851852
0 0.26145833333333335 0.6527777777777778 0.013541666666666667 0.05185185185185185
