0 0.025260416666666667 0.6467592592592593 0.019270833333333334 0.08055555555555556
0 0.7106770833333333 0.6606481481481481 0.019270833333333334 0.08055555555555556
0 0.27369791666666665 0.65 0.0140625 0.044444444444444446
0 0.04791666666666667 0.6504629629629629 0.022916666666666665 0.08981481481481482
0 0.2484375 0.6439814814814815 0.013541666666666667 0.05277777777777778
0 0.5614583333333333 0.6532407407407408 0.01875 0.06574074074074074
0 0.4510416666666667 0.6513888888888889 0.017708333333333333 0.06018518518518518
0 0.31796875 0.6370370370370371 0.011979166666666667 0.044444444444444446
0 0.031510416666666666 0.6615740740740741 0.0171875 0.06388888888888888
0 0.30130208333333336 0.6504629629629629 0.0109375 0.04351851851851852
0 0.23723958333333334 0.6481481481481481 0.0140625 0.053703703703703705
