0 0.04895833333333333 0.6449074074074074 0.020833333333333332 0.0787037037037037
0 0.7130208333333333 0.6601851851851852 0.020833333333333332 0.07777777777777778
0 0.28880208333333335 0.649074074074074 0.0140625 0.04259259259259259
0 0.07135416666666666 0.649537037037037 0.019791666666666666 0.0787037037037037
0 0.26171875 0.6449074074074074 0.0140625 0.05277777777777778
0 0.5640625 0.6564814814814814 0.021875 0.05740740740740741
0 0.4588541666666667 0.6523148148148148 0.017708333333333333 0.06018518518518518
0 0.33046875 0.6412037037037037 0.011979166666666667 0.04351851851851852
0 0.05625 0.6564814814814814 0.019791666666666666 0.05740740740740741
0 0.3125 0.6476851851851851 0.010416666666666666 0.04351851851851852
0 0.2557291666666667 0.6513888888888889 0.013541666666666667 0.05277777777777778
