0 0.42890625 0.6532407407407408 0.0171875 0.06388888888888888
0 0.8786458333333333 0.7069444444444445 0.042708333333333334 0.262037037037037
0 0.02109375 0.6675925925925926 0.0328125 0.15925925925925927
0 0.6713541666666667 0.6342592592592593 0.021875 0.08888888888888889
0 0.32083333333333336 0.649074074074074 0.013541666666666667 0.05
0 0.27291666666666664 0.649074074074074 0.017708333333333333 0.07222222222222222
0 0.5609375 0.6453703703703704 0.0125 0.07037037037037037
0 0.3619791666666667 0.6416666666666667 0.010416666666666666 0.03518518518518519
0 0.28489583333333335 0.6504629629629629 0.017708333333333333 0.075
0 0.6036458333333333 0.6328703703703704 0.013541666666666667 0.058333333333333334
0 0.8799479166666667 0.6407407407407407 0.030729166666666665 0.15185185185185185
