0 0.32421875 0.6569444444444444 0.0265625 0.10462962962962963
0 0.80703125 0.6222222222222222 0.0296875 0.14074074074074075
0 0.35390625 0.6356481481481482 0.0109375 0.03611111111111111
0 0.23411458333333332 0.6560185185185186 0.019270833333333334 0.08055555555555556
0 0.109375 0.6550925925925926 0.028125 0.13240740740740742
0 0.6083333333333333 0.6444444444444445 0.021875 0.11481481481481481
0 0.5440104166666667 0.6263888888888889 0.013020833333333334 0.04722222222222222
0 0.32760416666666664 0.6333333333333333 0.010416666666666666 0.03888888888888889
0 0.13854166666666667 0.6574074074074074 0.030208333333333334 0.12962962962962962
0 0.6484375 0.6240740740740741 0.017708333333333333 0.07407407407407407
