0 0.31640625 0.6574074074074074 0.0234375 0.10740740740740741
0 0.8153645833333333 0.6222222222222222 0.0296875 0.1425925925925926
0 0.3528645833333333 0.6347222222222222 0.0109375 0.03611111111111111
0 0.22890625 0.6578703703703703 0.021354166666666667 0.08425925925925926
0 0.09895833333333333 0.6523148148148148 0.030208333333333334 0.13425925925925927
0 0.6104166666666667 0.6462962962962963 0.022916666666666665 0.11851851851851852
0 0.5440104166666667 0.6273148148148148 0.013020833333333334 0.04722222222222222
0 0.3260416666666667 0.6310185185185185 0.010416666666666666 0.03981481481481482
0 0.128125 0.6560185185185186 0.03125 0.13240740740740742
0 0.6502604166666667 0.6259259259259259 0.018229166666666668 0.07592592592592592
