0 0.2869791666666667 0.6541666666666667 0.034375 0.11574074074074074
0 0.8518229166666667 0.6208333333333333 0.034895833333333334 0.15833333333333333
0 0.34661458333333334 0.6287037037037037 0.0109375 0.03888888888888889
0 0.19973958333333333 0.649537037037037 0.022395833333333334 0.09722222222222222
0 0.05260416666666667 0.6425925925925926 0.03125 0.15555555555555556
0 0.621875 0.6458333333333334 0.022916666666666665 0.12685185185185185
0 0.54140625 0.6199074074074075 0.013020833333333334 0.04722222222222222
0 0.31692708333333336 0.6296296296296297 0.0109375 0.044444444444444446
0 0.08203125 0.6444444444444445 0.028645833333333332 0.14629629629629629
0 0.6578125 0.624537037037037 0.019791666666666666 0.08425925925925926
