0 0.29401041666666666 0.6537037037037037 0.03177083333333333 0.11296296296296296
0 0.8432291666666667 0.6212962962962963 0.034375 0.1537037037037037
0 0.34817708333333336 0.6287037037037037 0.0109375 0.037037037037037035
0 0.20677083333333332 0.65 0.021875 0.0962962962962963
0 0.06510416666666667 0.6407407407407407 0.03125 0.15
0 0.6184895833333334 0.6444444444444445 0.022395833333333334 0.12222222222222222
0 0.5419270833333333 0.6199074074074075 0.013020833333333334 0.04722222222222222
0 0.31927083333333334 0.6305555555555555 0.010416666666666666 0.044444444444444446
0 0.09401041666666667 0.6444444444444445 0.028645833333333332 0.1425925925925926
0 0.6559895833333333 0.624537037037037 0.019270833333333334 0.0824074074074074
