0 0.35703125 0.6435185185185185 0.013020833333333334 0.07777777777777778
0 0.1109375 0.6199074074074075 0.022916666666666665 0.10092592592592593
0 0.121875 0.6143518518518518 0.01875 0.0824074074074074
0 0.2755208333333333 0.6231481481481481 0.017708333333333333 0.05185185185185185
0 0.60234375 0.6328703703703704 0.0109375 0.03796296296296296
0 0.09166666666666666 0.6199074074074075 0.017708333333333333 0.05462962962962963
0 0.96328125 0.637962962962963 0.030729166666666665 0.13148148148148148
0 0.34322916666666664 0.6425925925925926 0.015625 0.07962962962962963
0 0.6135416666666667 0.6305555555555555 0.010416666666666666 0.03518518518518519
0 0.32005208333333335 0.6148148148148148 0.013020833333333334 0.05185185185185185
0 0.18880208333333334 0.6189814814814815 0.011979166666666667 0.03981481481481482
