0 0.3489583333333333 0.6430555555555556 0.0125 0.08055555555555556
0 0.08333333333333333 0.6185185185185185 0.021875 0.1037037037037037
0 0.10364583333333334 0.6106481481481482 0.01875 0.08611111111111111
0 0.26875 0.6226851851851852 0.017708333333333333 0.05277777777777778
0 0.6044270833333333 0.6300925925925925 0.0109375 0.03796296296296296
0 0.07291666666666667 0.6180555555555556 0.017708333333333333 0.058333333333333334
0 0.33515625 0.6425925925925926 0.016145833333333335 0.08333333333333333
0 0.615625 0.6287037037037037 0.010416666666666666 0.03518518518518519
0 0.31484375 0.6143518518518518 0.013020833333333334 0.05277777777777778
0 0.18046875 0.6175925925925926 0.011979166666666667 0.040740740740740744
