0 0.3151041666666667 0.6421296296296296 0.017708333333333333 0.09907407407407408
0 0.030208333333333334 0.6027777777777777 0.017708333333333333 0.1037037037037037
0 0.23541666666666666 0.6129629629629629 0.017708333333333333 0.05925925925925926
0 0.6518229166666667 0.6305555555555555 0.0140625 0.05185185185185185
0 0.6138020833333333 0.6217592592592592 0.013020833333333334 0.04537037037037037
0 0.2955729166666667 0.6425925925925926 0.021354166666666667 0.1037037037037037
0 0.6265625 0.6212962962962963 0.010416666666666666 0.037037037037037035
0 0.6549479166666666 0.6314814814814815 0.0171875 0.053703703703703705
0 0.29401041666666666 0.6111111111111112 0.013020833333333334 0.05740740740740741
0 0.2596354166666667 0.611574074074074 0.015104166666666667 0.04722222222222222
0 0.14505208333333333 0.611574074074074 0.011979166666666667 0.04351851851851852
