0 0.2908854166666667 0.6430555555555556 0.019270833333333334 0.11388888888888889
0 0.7122395833333334 0.625 0.0140625 0.05740740740740741
0 0.2171875 0.611574074074074 0.017708333333333333 0.06388888888888888
0 0.6598958333333333 0.6231481481481481 0.014583333333333334 0.05555555555555555
0 0.6200520833333333 0.6203703703703703 0.0140625 0.05
0 0.27057291666666666 0.6412037037037037 0.0265625 0.11574074074074074
0 0.6307291666666667 0.6166666666666667 0.010416666666666666 0.04259259259259259
0 0.7747395833333334 0.6222222222222222 0.015104166666666667 0.05925925925925926
0 0.6614583333333334 0.6268518518518519 0.01875 0.05555555555555555
0 0.28098958333333335 0.6078703703703704 0.013020833333333334 0.06018518518518518
0 0.24791666666666667 0.6097222222222223 0.013541666666666667 0.04722222222222222
0 0.1265625 0.6097222222222223 0.0125 0.04537037037037037
