0 0.29609375 0.6407407407407407 0.019270833333333334 0.11296296296296296
0 0.22083333333333333 0.611574074074074 0.017708333333333333 0.062037037037037036
0 0.6583333333333333 0.6217592592592592 0.014583333333333334 0.05462962962962963
0 0.6190104166666667 0.6203703703703703 0.0140625 0.05
0 0.275 0.638425925925926 0.026041666666666668 0.11203703703703703
0 0.6296875 0.6157407407407407 0.010416666666666666 0.04259259259259259
0 0.7731770833333333 0.6212962962962963 0.015104166666666667 0.05925925925925926
0 0.6606770833333333 0.6268518518518519 0.018229166666666668 0.05555555555555555
0 0.28359375 0.6083333333333333 0.013020833333333334 0.05925925925925926
0 0.25 0.6087962962962963 0.013541666666666667 0.04722222222222222
0 0.13020833333333334 0.6097222222222223 0.0125 0.04537037037037037
