0 0.2791666666666667 0.6472222222222223 0.021875 0.11851851851851852
0 0.7109375 0.6263888888888889 0.014583333333333334 0.06018518518518518
0 0.7205729166666667 0.625 0.0140625 0.05925925925925926
0 0.20729166666666668 0.6129629629629629 0.017708333333333333 0.06296296296296296
0 0.6651041666666667 0.625 0.014583333333333334 0.05740740740740741
0 0.6236979166666666 0.6212962962962963 0.0140625 0.05
0 0.25755208333333335 0.6472222222222223 0.027604166666666666 0.1259259259259259
0 0.6348958333333333 0.6208333333333333 0.010416666666666666 0.041666666666666664
0 0.77890625 0.625 0.015104166666666667 0.05925925925925926
0 0.6630208333333333 0.6291666666666667 0.019791666666666666 0.05648148148148148
0 0.27317708333333335 0.6055555555555555 0.013020833333333334 0.06111111111111111
0 0.24166666666666667 0.6078703703703704 0.0125 0.04722222222222222
0 0.11822916666666666 0.6097222222222223 0.0125 0.04722222222222222
