0 0.275 0.6597222222222222 0.04791666666666667 0.1398148148148148
0 0.7356770833333334 0.6300925925925925 0.018229166666666668 0.06944444444444445
0 0.6979166666666666 0.6226851851851852 0.01875 0.06388888888888888
0 0.7442708333333333 0.6263888888888889 0.014583333333333334 0.06574074074074074
0 0.184375 0.6125 0.017708333333333333 0.07314814814814814
0 0.6796875 0.6300925925925925 0.015625 0.062037037037037036
0 0.6338541666666667 0.6226851851851852 0.014583333333333334 0.05092592592592592
0 0.22317708333333333 0.6569444444444444 0.033854166666666664 0.15092592592592594
0 0.64375 0.6226851851851852 0.010416666666666666 0.041666666666666664
0 0.7893229166666667 0.6268518518518519 0.015104166666666667 0.06296296296296296
0 0.6697916666666667 0.6310185185185185 0.021875 0.06018518518518518
0 0.25859375 0.6046296296296296 0.013020833333333334 0.06481481481481481
0 0.23098958333333333 0.6083333333333333 0.011979166666666667 0.04814814814814815
0 0.08932291666666667 0.6087962962962963 0.013020833333333334 0.05462962962962963
