0 0.2716145833333333 0.6601851851851852 0.043229166666666666 0.15
0 0.740625 0.6314814814814815 0.01875 0.07222222222222222
0 0.7015625 0.6263888888888889 0.01875 0.06574074074074074
0 0.7494791666666667 0.6291666666666667 0.014583333333333334 0.06759259259259259
0 0.178125 0.6101851851851852 0.017708333333333333 0.07407407407407407
0 0.6854166666666667 0.6287037037037037 0.016666666666666666 0.06296296296296296
0 0.6359375 0.6240740740740741 0.014583333333333334 0.05185185185185185
0 0.22473958333333333 0.6597222222222222 0.04635416666666667 0.15648148148148147
0 0.6458333333333334 0.6226851851851852 0.010416666666666666 0.041666666666666664
0 0.79140625 0.625462962962963 0.015104166666666667 0.06388888888888888
0 0.6705729166666666 0.6319444444444444 0.022395833333333334 0.06018518518518518
0 0.2559895833333333 0.6046296296296296 0.013020833333333334 0.06481481481481481
0 0.22890625 0.6092592592592593 0.011979166666666667 0.04814814814814815
0 0.08411458333333334 0.6092592592592593 0.013020833333333334 0.05555555555555555
