0 0.27317708333333335 0.6601851851851852 0.04010416666666667 0.15185185185185185
0 0.7416666666666667 0.6314814814814815 0.01875 0.07222222222222222
0 0.7020833333333333 0.6263888888888889 0.01875 0.06574074074074074
0 0.75078125 0.6291666666666667 0.015104166666666667 0.06759259259259259
0 0.17708333333333334 0.6101851851851852 0.017708333333333333 0.07407407407407407
0 0.6859375 0.6291666666666667 0.016666666666666666 0.06388888888888888
0 0.6364583333333333 0.6240740740740741 0.014583333333333334 0.05185185185185185
0 0.2234375 0.6611111111111111 0.046875 0.1574074074074074
0 0.6463541666666667 0.6226851851851852 0.010416666666666666 0.041666666666666664
0 0.7919270833333333 0.6259259259259259 0.015104166666666667 0.06481481481481481
0 0.67109375 0.6319444444444444 0.022395833333333334 0.06018518518518518
0 0.25546875 0.6055555555555555 0.013020833333333334 0.06481481481481481
0 0.22838541666666667 0.6092592592592593 0.011979166666666667 0.04814814814814815
0 0.08307291666666666 0.6097222222222223 0.013020833333333334 0.05648148148148148
