0 0.2864583333333333 0.6671296296296296 0.046875 0.16203703703703703
0 0.7505208333333333 0.6347222222222222 0.01875 0.075
0 0.7072916666666667 0.6305555555555555 0.01875 0.06851851851851852
0 0.7588541666666667 0.6310185185185185 0.015625 0.0712962962962963
0 0.171875 0.6152777777777778 0.017708333333333333 0.075
0 0.6895833333333333 0.6300925925925925 0.016666666666666666 0.06574074074074074
0 0.6395833333333333 0.624537037037037 0.014583333333333334 0.05277777777777778
0 0.22317708333333333 0.6717592592592593 0.03802083333333333 0.1712962962962963
0 0.6489583333333333 0.6236111111111111 0.010416666666666666 0.041666666666666664
0 0.7950520833333333 0.625 0.015104166666666667 0.06666666666666667
0 0.671875 0.6333333333333333 0.022916666666666665 0.06111111111111111
0 0.25234375 0.6060185185185185 0.013020833333333334 0.06574074074074074
0 0.22526041666666666 0.611574074074074 0.011979166666666667 0.049074074074074076
0 0.07578125 0.6092592592592593 0.013020833333333334 0.05740740740740741
