0 0.2747395833333333 0.6601851851851852 0.03697916666666667 0.1537037037037037
0 0.7427083333333333 0.6314814814814815 0.01875 0.07222222222222222
0 0.7026041666666667 0.6263888888888889 0.01875 0.06574074074074074
0 0.7518229166666667 0.6296296296296297 0.015104166666666667 0.06851851851851852
0 0.1765625 0.6111111111111112 0.017708333333333333 0.07407407407407407
0 0.6864583333333333 0.6291666666666667 0.016666666666666666 0.06388888888888888
0 0.6364583333333333 0.6240740740740741 0.014583333333333334 0.05185185185185185
0 0.22239583333333332 0.6625 0.04791666666666667 0.15833333333333333
0 0.6463541666666667 0.6226851851851852 0.010416666666666666 0.041666666666666664
0 0.7924479166666667 0.6259259259259259 0.015104166666666667 0.06481481481481481
0 0.67109375 0.6324074074074074 0.022395833333333334 0.06111111111111111
0 0.25546875 0.6060185185185185 0.013020833333333334 0.06574074074074074
0 0.22786458333333334 0.6101851851851852 0.011979166666666667 0.04814814814814815
0 0.08203125 0.6087962962962963 0.013020833333333334 0.05648148148148148
