0 0.28854166666666664 0.6703703703703704 0.04895833333333333 0.16666666666666666
0 0.7536458333333333 0.6347222222222222 0.01875 0.075
0 0.7088541666666667 0.6319444444444444 0.01875 0.06944444444444445
0 0.7619791666666667 0.6333333333333333 0.015625 0.07222222222222222
0 0.16979166666666667 0.6162037037037037 0.017708333333333333 0.075
0 0.690625 0.6300925925925925 0.016666666666666666 0.06574074074074074
0 0.6408854166666667 0.625 0.015104166666666667 0.053703703703703705
0 0.22786458333333334 0.674537037037037 0.04114583333333333 0.175
0 0.6505208333333333 0.6236111111111111 0.010416666666666666 0.041666666666666664
0 0.79609375 0.624537037037037 0.015104166666666667 0.06759259259259259
0 0.67265625 0.6337962962962963 0.0234375 0.062037037037037036
0 0.24765625 0.6064814814814815 0.013020833333333334 0.06666666666666667
0 0.22369791666666666 0.6125 0.011979166666666667 0.049074074074074076
0 0.07317708333333334 0.6097222222222223 0.013020833333333334 0.058333333333333334
