0 0.2921875 0.6722222222222223 0.042708333333333334 0.17222222222222222
0 0.7578125 0.6365740740740741 0.01875 0.07685185185185185
0 0.7119791666666667 0.6333333333333333 0.01875 0.07037037037037037
0 0.76640625 0.6361111111111111 0.016145833333333335 0.07407407407407407
0 0.16770833333333332 0.6162037037037037 0.017708333333333333 0.075
0 0.6921875 0.6305555555555555 0.016666666666666666 0.06666666666666667
0 0.64296875 0.6259259259259259 0.015104166666666667 0.053703703703703705
0 0.23359375 0.6773148148148148 0.050520833333333334 0.1787037037037037
0 0.6520833333333333 0.6236111111111111 0.010416666666666666 0.041666666666666664
0 0.7971354166666667 0.625 0.015104166666666667 0.06851851851851852
0 0.6739583333333333 0.6342592592592593 0.023958333333333335 0.06296296296296296
0 0.24609375 0.6064814814814815 0.013020833333333334 0.06666666666666667
0 0.22213541666666667 0.6134259259259259 0.011979166666666667 0.049074074074074076
0 0.07005208333333333 0.6097222222222223 0.013020833333333334 0.058333333333333334
