0 0.33489583333333334 0.6754629629629629 0.03854166666666667 0.19537037037037036
0 0.7786458333333334 0.6402777777777777 0.019791666666666666 0.0824074074074074
0 0.7265625 0.6337962962962963 0.01875 0.07314814814814814
0 0.7880208333333333 0.6439814814814815 0.016666666666666666 0.08055555555555556
0 0.15677083333333333 0.6180555555555556 0.017708333333333333 0.075
0 0.70625 0.6300925925925925 0.016666666666666666 0.06759259259259259
0 0.6515625 0.6282407407407408 0.015625 0.05648148148148148
0 0.26145833333333335 0.6833333333333333 0.04479166666666667 0.20185185185185187
0 0.8018229166666667 0.6300925925925925 0.015104166666666667 0.075
0 0.6734375 0.6333333333333333 0.023958333333333335 0.06296296296296296
0 0.23880208333333333 0.6087962962962963 0.013020833333333334 0.06944444444444445
0 0.22057291666666667 0.6148148148148148 0.013020833333333334 0.05185185185185185
0 0.05807291666666667 0.6101851851851852 0.013020833333333334 0.05925925925925926
