0 0.3380208333333333 0.6763888888888889 0.04479166666666667 0.19537037037037036
0 0.7796875 0.6398148148148148 0.019791666666666666 0.08333333333333333
0 0.7270833333333333 0.6337962962962963 0.01875 0.07314814814814814
0 0.7895833333333333 0.6444444444444445 0.016666666666666666 0.08148148148148149
0 0.15625 0.6180555555555556 0.017708333333333333 0.075
0 0.7067708333333333 0.6300925925925925 0.016666666666666666 0.06759259259259259
0 0.6515625 0.6282407407407408 0.015625 0.05648148148148148
0 0.26484375 0.6833333333333333 0.04635416666666667 0.2037037037037037
0 0.8018229166666667 0.6300925925925925 0.015104166666666667 0.075
0 0.6734375 0.6333333333333333 0.023958333333333335 0.06296296296296296
0 0.23828125 0.6087962962962963 0.013020833333333334 0.06944444444444445
0 0.22057291666666667 0.6138888888888889 0.013020833333333334 0.05185185185185185
0 0.05755208333333333 0.6111111111111112 0.013020833333333334 0.05925925925925926
