0 0.346875 0.6791666666666667 0.06458333333333334 0.19537037037037036
0 0.6096354166666667 0.6300925925925925 0.0140625 0.05462962962962963
0 0.7825520833333334 0.6402777777777777 0.0203125 0.08425925925925926
0 0.7291666666666666 0.6342592592592593 0.01875 0.07407407407407407
0 0.7927083333333333 0.6449074074074074 0.016666666666666666 0.0824074074074074
0 0.1546875 0.6189814814814815 0.017708333333333333 0.075
0 0.7088541666666667 0.6300925925925925 0.016666666666666666 0.06759259259259259
0 0.653125 0.6282407407407408 0.015625 0.05648148148148148
0 0.27447916666666666 0.6837962962962963 0.05 0.20833333333333334
0 0.8018229166666667 0.6300925925925925 0.015104166666666667 0.075
0 0.6723958333333333 0.6324074074074074 0.023958333333333335 0.06296296296296296
0 0.23723958333333334 0.6087962962962963 0.013020833333333334 0.06944444444444445
0 0.22083333333333333 0.6143518518518518 0.013541666666666667 0.05277777777777778
0 0.05651041666666667 0.6111111111111112 0.013020833333333334 0.05925925925925926
