0 0.3546875 0.6791666666666667 0.04895833333333333 0.20277777777777778
0 0.6111979166666667 0.6291666666666667 0.0140625 0.05462962962962963
0 0.7875 0.6402777777777777 0.020833333333333332 0.08611111111111111
0 0.7328125 0.6337962962962963 0.01875 0.075
0 0.7979166666666667 0.6458333333333334 0.016666666666666666 0.08425925925925926
0 0.15364583333333334 0.6189814814814815 0.017708333333333333 0.075
0 0.7125 0.6300925925925925 0.016666666666666666 0.06759259259259259
0 0.6552083333333333 0.6291666666666667 0.015625 0.05648148148148148
0 0.28125 0.687037037037037 0.06041666666666667 0.2074074074074074
0 0.8018229166666667 0.6300925925925925 0.015104166666666667 0.075
0 0.6716145833333333 0.6333333333333333 0.0234375 0.06296296296296296
0 0.23567708333333334 0.6092592592592593 0.013020833333333334 0.07037037037037037
0 0.22109375 0.6148148148148148 0.0140625 0.053703703703703705
0 0.054427083333333334 0.6111111111111112 0.013020833333333334 0.05925925925925926
