0 0.35911458333333335 0.6796296296296296 0.04739583333333333 0.2037037037037037
0 0.6111979166666667 0.6291666666666667 0.0140625 0.05462962962962963
0 0.7885416666666667 0.6402777777777777 0.020833333333333332 0.08611111111111111
0 0.7338541666666667 0.6337962962962963 0.01875 0.075
0 0.7989583333333333 0.6458333333333334 0.016666666666666666 0.08425925925925926
0 0.15364583333333334 0.6189814814814815 0.017708333333333333 0.075
0 0.7130208333333333 0.6300925925925925 0.016666666666666666 0.06759259259259259
0 0.6557291666666667 0.6291666666666667 0.015625 0.05648148148148148
0 0.28359375 0.687037037037037 0.05677083333333333 0.20925925925925926
0 0.8018229166666667 0.6300925925925925 0.015104166666666667 0.075
0 0.6716145833333333 0.6333333333333333 0.0234375 0.06296296296296296
0 0.23515625 0.6092592592592593 0.013020833333333334 0.07037037037037037
0 0.22109375 0.6148148148148148 0.0140625 0.053703703703703705
0 0.05390625 0.612037037037037 0.013020833333333334 0.05925925925925926
