0 0.3515625 0.6796296296296296 0.05520833333333333 0.2
0 0.6106770833333334 0.6300925925925925 0.0140625 0.05462962962962963
0 0.7856770833333333 0.6398148148148148 0.0203125 0.08518518518518518
0 0.7317708333333334 0.6342592592592593 0.01875 0.07407407407407407
0 0.7958333333333333 0.6453703703703704 0.016666666666666666 0.08333333333333333
0 0.15364583333333334 0.6189814814814815 0.017708333333333333 0.075
0 0.7109375 0.6300925925925925 0.016666666666666666 0.06759259259259259
0 0.6541666666666667 0.6282407407407408 0.015625 0.05648148148148148
0 0.2786458333333333 0.6851851851851852 0.05625 0.2074074074074074
0 0.8018229166666667 0.6300925925925925 0.015104166666666667 0.075
0 0.671875 0.6324074074074074 0.023958333333333335 0.06296296296296296
0 0.23619791666666667 0.6092592592592593 0.013020833333333334 0.07037037037037037
0 0.22083333333333333 0.6148148148148148 0.013541666666666667 0.053703703703703705
0 0.054947916666666666 0.6111111111111112 0.013020833333333334 0.05925925925925926
