0 0.39401041666666664 0.6837962962962963 0.06302083333333333 0.20833333333333334
0 0.6143229166666667 0.6291666666666667 0.0140625 0.05462962962962963
0 0.7994791666666666 0.6402777777777777 0.021875 0.08981481481481482
0 0.7421875 0.6351851851851852 0.01875 0.07777777777777778
0 0.8109375 0.6467592592592593 0.016666666666666666 0.08611111111111111
0 0.15364583333333334 0.6189814814814815 0.017708333333333333 0.075
0 0.7192708333333333 0.6310185185185185 0.016666666666666666 0.06759259259259259
0 0.6604166666666667 0.6291666666666667 0.015625 0.05648148148148148
0 0.315625 0.6912037037037037 0.06041666666666667 0.21944444444444444
0 0.8018229166666667 0.6300925925925925 0.015104166666666667 0.075
0 0.66875 0.6342592592592593 0.021875 0.06296296296296296
0 0.23151041666666666 0.6106481481481482 0.013020833333333334 0.0712962962962963
0 0.22135416666666666 0.6148148148148148 0.014583333333333334 0.05555555555555555
0 0.05026041666666667 0.611574074074074 0.013020833333333334 0.06018518518518518
