0 0.3921875 0.6837962962962963 0.06770833333333333 0.2064814814814815
0 0.6138020833333333 0.6291666666666667 0.0140625 0.05462962962962963
0 0.7989583333333333 0.6402777777777777 0.021875 0.08981481481481482
0 0.7416666666666667 0.6351851851851852 0.01875 0.07777777777777778
0 0.8098958333333334 0.6467592592592593 0.016666666666666666 0.08611111111111111
0 0.15364583333333334 0.6189814814814815 0.017708333333333333 0.075
0 0.71875 0.6310185185185185 0.016666666666666666 0.06759259259259259
0 0.6598958333333333 0.6291666666666667 0.015625 0.05648148148148148
0 0.3143229166666667 0.6902777777777778 0.059895833333333336 0.21944444444444444
0 0.8018229166666667 0.6300925925925925 0.015104166666666667 0.075
0 0.6692708333333334 0.6342592592592593 0.021875 0.06296296296296296
0 0.23151041666666666 0.6106481481481482 0.013020833333333334 0.0712962962962963
0 0.22135416666666666 0.6148148148148148 0.014583333333333334 0.05555555555555555
0 0.05026041666666667 0.611574074074074 0.013020833333333334 0.06018518518518518
