0 0.446875 0.6888888888888889 0.059375 0.21296296296296297
0 0.6184895833333334 0.6291666666666667 0.0140625 0.05462962962962963
0 0.8174479166666667 0.6435185185185185 0.022395833333333334 0.09074074074074075
0 0.7546875 0.6361111111111111 0.01875 0.08148148148148149
0 0.828125 0.6439814814814815 0.016666666666666666 0.08611111111111111
0 0.15364583333333334 0.6189814814814815 0.017708333333333333 0.075
0 0.7286458333333333 0.6324074074074074 0.016666666666666666 0.06851851851851852
0 0.66640625 0.6305555555555555 0.016145833333333335 0.05740740740740741
0 0.3619791666666667 0.6967592592592593 0.06666666666666667 0.23796296296296296
0 0.7986979166666667 0.6305555555555555 0.016145833333333335 0.07407407407407407
0 0.665625 0.6361111111111111 0.019791666666666666 0.06296296296296296
0 0.22838541666666667 0.611574074074074 0.013020833333333334 0.0712962962962963
0 0.225 0.6157407407407407 0.015625 0.05740740740740741
0 0.04583333333333333 0.6097222222222223 0.013541666666666667 0.062037037037037036
