0 0.490625 0.6916666666666667 0.07395833333333333 0.21481481481481482
0 0.62109375 0.6291666666666667 0.0140625 0.05462962962962963
0 0.83046875 0.6453703703703704 0.022395833333333334 0.09074074074074075
0 0.7651041666666667 0.6398148148148148 0.01875 0.08148148148148149
0 0.840625 0.6435185185185185 0.016666666666666666 0.08703703703703704
0 0.15364583333333334 0.6189814814814815 0.017708333333333333 0.075
0 0.734375 0.6342592592592593 0.016666666666666666 0.07037037037037037
0 0.6703125 0.6319444444444444 0.016666666666666666 0.058333333333333334
0 0.4046875 0.7023148148148148 0.07604166666666666 0.24166666666666667
0 0.7940104166666667 0.6310185185185185 0.018229166666666668 0.07314814814814814
0 0.6640625 0.6361111111111111 0.019791666666666666 0.06296296296296296
0 0.22682291666666668 0.6125 0.013020833333333334 0.0712962962962963
0 0.22994791666666667 0.6175925925925926 0.016145833333333335 0.05925925925925926
0 0.042708333333333334 0.6087962962962963 0.013541666666666667 0.062037037037037036
