0 0.5020833333333333 0.6921296296296297 0.051041666666666666 0.21574074074074073
0 0.62265625 0.6291666666666667 0.0140625 0.05462962962962963
0 0.8361979166666667 0.6462962962962963 0.022395833333333334 0.09074074074074075
0 0.7697916666666667 0.6407407407407407 0.01875 0.08148148148148149
0 0.846875 0.6449074074074074 0.017708333333333333 0.08981481481481482
0 0.15364583333333334 0.6189814814814815 0.017708333333333333 0.075
0 0.7364583333333333 0.6351851851851852 0.016666666666666666 0.07222222222222222
0 0.6721354166666667 0.6333333333333333 0.0171875 0.05925925925925926
0 0.4231770833333333 0.7013888888888888 0.049479166666666664 0.24351851851851852
0 0.7921875 0.6305555555555555 0.01875 0.07222222222222222
0 0.6630208333333333 0.6361111111111111 0.019791666666666666 0.06296296296296296
0 0.22630208333333332 0.6125 0.013020833333333334 0.0712962962962963
0 0.23229166666666667 0.6185185185185185 0.016666666666666666 0.05925925925925926
0 0.041666666666666664 0.6097222222222223 0.013541666666666667 0.062037037037037036
