0 0.52734375 0.6921296296296297 0.043229166666666666 0.2212962962962963
0 0.6236979166666666 0.6300925925925925 0.0140625 0.05462962962962963
0 0.8424479166666666 0.6467592592592593 0.022395833333333334 0.09351851851851851
0 0.7734375 0.6425925925925926 0.01875 0.08148148148148149
0 0.8528645833333334 0.6458333333333334 0.018229166666666668 0.09166666666666666
0 0.15364583333333334 0.6189814814814815 0.017708333333333333 0.075
0 0.7385416666666667 0.6365740740740741 0.016666666666666666 0.07314814814814814
0 0.6736979166666667 0.6333333333333333 0.0171875 0.05925925925925926
0 0.4473958333333333 0.7046296296296296 0.06979166666666667 0.2462962962962963
0 0.7901041666666667 0.6310185185185185 0.019791666666666666 0.0712962962962963
0 0.6625 0.6370370370370371 0.019791666666666666 0.06296296296296296
0 0.22578125 0.6134259259259259 0.013020833333333334 0.0712962962962963
0 0.234375 0.6199074074074075 0.016666666666666666 0.06018518518518518
0 0.04114583333333333 0.6092592592592593 0.013541666666666667 0.06111111111111111
