0 0.6372395833333333 0.6995370370370371 0.050520833333333334 0.2324074074074074
0 0.6341145833333334 0.6342592592592593 0.015104166666666667 0.05185185185185185
0 0.8875 0.6513888888888889 0.022916666666666665 0.10833333333333334
0 0.7942708333333334 0.6523148148148148 0.022916666666666665 0.09537037037037037
0 0.8979166666666667 0.6550925925925926 0.020833333333333332 0.10277777777777777
0 0.14739583333333334 0.625462962962963 0.017708333333333333 0.075
0 0.7578125 0.6439814814814815 0.016666666666666666 0.08055555555555556
0 0.5669270833333333 0.7143518518518519 0.06927083333333334 0.25462962962962965
0 0.7822916666666667 0.6328703703703704 0.019791666666666666 0.0712962962962963
0 0.6578125 0.6388888888888888 0.019791666666666666 0.06296296296296296
0 0.22291666666666668 0.6180555555555556 0.013541666666666667 0.06944444444444445
0 0.25052083333333336 0.6268518518518519 0.017708333333333333 0.06666666666666667
0 0.03229166666666667 0.6129629629629629 0.014583333333333334 0.05740740740740741
