0 0.6552083333333333 0.7055555555555556 0.065625 0.23333333333333334
0 0.6356770833333333 0.6351851851851852 0.015104166666666667 0.05
0 0.8890625 0.6541666666666667 0.023958333333333335 0.11203703703703703
0 0.7984375 0.6537037037037037 0.022916666666666665 0.09814814814814815
0 0.9052083333333333 0.6564814814814814 0.020833333333333332 0.1037037037037037
0 0.14557291666666666 0.6259259259259259 0.018229166666666668 0.07592592592592592
0 0.7614583333333333 0.6458333333333334 0.016666666666666666 0.0824074074074074
0 0.5919270833333333 0.7162037037037037 0.06197916666666667 0.262037037037037
0 0.7833333333333333 0.6337962962962963 0.019791666666666666 0.0712962962962963
0 0.659375 0.6425925925925926 0.019791666666666666 0.06296296296296296
0 0.22213541666666667 0.6194444444444445 0.015104166666666667 0.07037037037037037
0 0.253125 0.6296296296296297 0.017708333333333333 0.06296296296296296
0 0.0296875 0.6129629629629629 0.014583333333333334 0.05740740740740741
