0 0.7122395833333334 0.7129629629629629 0.06614583333333333 0.2462962962962963
0 0.6419270833333334 0.6365740740740741 0.015104166666666667 0.05092592592592592
0 0.915625 0.6574074074074074 0.025 0.12037037037037036
0 0.8119791666666667 0.6569444444444444 0.022916666666666665 0.10277777777777777
0 0.9276041666666667 0.6611111111111111 0.020833333333333332 0.10740740740740741
0 0.13854166666666667 0.625462962962963 0.020833333333333332 0.0824074074074074
0 0.7723958333333333 0.6486111111111111 0.016666666666666666 0.08425925925925926
0 0.6526041666666667 0.725462962962963 0.06354166666666666 0.2861111111111111
0 0.7854166666666667 0.6393518518518518 0.019791666666666666 0.0712962962962963
0 0.6614583333333334 0.6453703703703704 0.019791666666666666 0.06296296296296296
0 0.21822916666666667 0.6212962962962963 0.01875 0.07222222222222222
0 0.259375 0.6337962962962963 0.017708333333333333 0.062037037037037036
0 0.022135416666666668 0.6134259259259259 0.015104166666666667 0.06018518518518518
