0 0.7364583333333333 0.7162037037037037 0.059375 0.2564814814814815
0 0.6455729166666667 0.6370370370370371 0.015104166666666667 0.05185185185185185
0 0.9309895833333334 0.6578703703703703 0.025520833333333333 0.12129629629629629
0 0.8213541666666667 0.6578703703703703 0.022916666666666665 0.10277777777777777
0 0.9427083333333334 0.6611111111111111 0.020833333333333332 0.10925925925925926
0 0.13489583333333333 0.6263888888888889 0.020833333333333332 0.08425925925925926
0 0.7799479166666666 0.6486111111111111 0.0171875 0.08425925925925926
0 0.68984375 0.7356481481481482 0.08385416666666666 0.30462962962962964
0 0.7875 0.638425925925926 0.019791666666666666 0.0712962962962963
0 0.6619791666666667 0.6453703703703704 0.019791666666666666 0.06296296296296296
0 0.21484375 0.6217592592592592 0.019270833333333334 0.07314814814814814
0 0.2625 0.6351851851851852 0.017708333333333333 0.06666666666666667
0 0.018489583333333334 0.6134259259259259 0.015104166666666667 0.062037037037037036
