0 0.7932291666666667 0.7245370370370371 0.05520833333333333 0.28055555555555556
0 0.6497395833333334 0.6370370370370371 0.015104166666666667 0.05185185185185185
0 0.95234375 0.6597222222222222 0.025520833333333333 0.12129629629629629
0 0.8348958333333333 0.6578703703703703 0.022916666666666665 0.10277777777777777
0 0.9651041666666667 0.6620370370370371 0.020833333333333332 0.1111111111111111
0 0.13072916666666667 0.6277777777777778 0.020833333333333332 0.08518518518518518
0 0.7903645833333334 0.65 0.018229166666666668 0.08518518518518518
0 0.7385416666666667 0.7458333333333333 0.06875 0.32685185185185184
0 0.7875 0.638425925925926 0.019791666666666666 0.0712962962962963
0 0.6614583333333334 0.6416666666666667 0.019791666666666666 0.06296296296296296
0 0.21041666666666667 0.6217592592592592 0.019791666666666666 0.07314814814814814
0 0.265625 0.6365740740740741 0.017708333333333333 0.07314814814814814
0 0.01328125 0.612037037037037 0.015104166666666667 0.06481481481481481
