0 0.6104166666666667 0.6236111111111111 0.01875 0.0712962962962963
0 0.5921875 0.6162037037037037 0.0125 0.07314814814814814
0 0.44817708333333334 0.611574074074074 0.0109375 0.032407407407407406
0 0.2875 0.6393518518518518 0.014583333333333334 0.07314814814814814
0 0.33098958333333334 0.624537037037037 0.0109375 0.041666666666666664
0 0.64140625 0.6111111111111112 0.0203125 0.07777777777777778
0 0.3494791666666667 0.6259259259259259 0.010416666666666666 0.03518518518518519
0 0.35572916666666665 0.6231481481481481 0.010416666666666666 0.037037037037037035
0 0.6028645833333334 0.6240740740740741 0.015104166666666667 0.07037037037037037
0 0.7299479166666667 0.6129629629629629 0.0296875 0.08518518518518518
0 0.4627604166666667 0.612037037037037 0.0109375 0.03148148148148148
0 0.3375 0.6310185185185185 0.010416666666666666 0.028703703703703703
