0 0.6096354166666667 0.6217592592592592 0.018229166666666668 0.06759259259259259
0 0.5934895833333333 0.6175925925925926 0.015104166666666667 0.06851851851851852
0 0.4505208333333333 0.6125 0.010416666666666666 0.030555555555555555
0 0.2950520833333333 0.6393518518518518 0.0140625 0.0712962962962963
0 0.3341145833333333 0.625 0.0109375 0.040740740740740744
0 0.6377604166666667 0.6106481481481482 0.019270833333333334 0.075
0 0.353125 0.6259259259259259 0.010416666666666666 0.03518518518518519
0 0.35989583333333336 0.6240740740740741 0.010416666666666666 0.037037037037037035
0 0.6020833333333333 0.6231481481481481 0.014583333333333334 0.06666666666666667
0 0.7221354166666667 0.6101851851851852 0.028645833333333332 0.07962962962962963
0 0.46510416666666665 0.6125 0.010416666666666666 0.030555555555555555
0 0.3416666666666667 0.6300925925925925 0.010416666666666666 0.028703703703703703
