0 0.6153645833333333 0.6236111111111111 0.019270833333333334 0.08425925925925926
0 0.5932291666666667 0.6296296296296297 0.01875 0.08888888888888889
0 0.43020833333333336 0.6171296296296296 0.011458333333333333 0.03796296296296296
0 0.23567708333333334 0.6476851851851851 0.018229166666666668 0.08981481481481482
0 0.30130208333333336 0.6263888888888889 0.0109375 0.04351851851851852
0 0.66171875 0.6148148148148148 0.024479166666666666 0.09259259259259259
0 0.3223958333333333 0.6296296296296297 0.010416666666666666 0.03518518518518519
0 0.32916666666666666 0.6259259259259259 0.010416666666666666 0.037037037037037035
0 0.6088541666666667 0.6240740740740741 0.021875 0.09259259259259259
0 0.7705729166666667 0.6175925925925926 0.0328125 0.1111111111111111
0 0.446875 0.6162037037037037 0.010416666666666666 0.03796296296296296
0 0.29192708333333334 0.6300925925925925 0.013020833333333334 0.049074074074074076
0 0.30833333333333335 0.6365740740740741 0.010416666666666666 0.028703703703703703
