0 0.6171875 0.6347222222222222 0.022916666666666665 0.10277777777777777
0 0.5877604166666667 0.6398148148148148 0.019270833333333334 0.1037037037037037
0 0.40859375 0.6231481481481481 0.013020833333333334 0.03888888888888889
0 0.17916666666666667 0.6578703703703703 0.023958333333333335 0.10648148148148148
0 0.26927083333333335 0.6296296296296297 0.011458333333333333 0.04814814814814815
0 0.6770833333333334 0.6194444444444445 0.028125 0.1037037037037037
0 0.29270833333333335 0.6351851851851852 0.010416666666666666 0.03518518518518519
0 0.30078125 0.6319444444444444 0.011979166666666667 0.05092592592592592
0 0.6106770833333334 0.6337962962962963 0.024479166666666666 0.10648148148148148
0 0.8036458333333333 0.6166666666666667 0.03333333333333333 0.12222222222222222
0 0.425 0.6180555555555556 0.010416666666666666 0.03796296296296296
0 0.25833333333333336 0.6305555555555555 0.013541666666666667 0.05185185185185185
0 0.27760416666666665 0.6398148148148148 0.010416666666666666 0.03148148148148148
