0 0.62109375 0.6342592592592593 0.028645833333333332 0.13518518518518519
0 0.5861979166666667 0.6421296296296296 0.022395833333333334 0.13055555555555556
0 0.375 0.6194444444444445 0.013541666666666667 0.044444444444444446
0 0.08229166666666667 0.6689814814814815 0.021875 0.1361111111111111
0 0.22109375 0.6319444444444444 0.0140625 0.05648148148148148
0 0.6880208333333333 0.6199074074074075 0.03125 0.11574074074074074
0 0.246875 0.6351851851851852 0.011458333333333333 0.04259259259259259
0 0.25442708333333336 0.6328703703703704 0.011979166666666667 0.05092592592592592
0 0.6106770833333334 0.6375 0.0265625 0.1361111111111111
0 0.8434895833333333 0.6078703703703704 0.0421875 0.13425925925925927
0 0.3919270833333333 0.6194444444444445 0.0109375 0.03888888888888889
0 0.20885416666666667 0.6328703703703704 0.014583333333333334 0.06018518518518518
0 0.2296875 0.6435185185185185 0.010416666666666666 0.03148148148148148
