0 0.6309895833333333 0.6421296296296296 0.0328125 0.15462962962962962
0 0.5903645833333333 0.6513888888888889 0.0328125 0.1527777777777778
0 0.3536458333333333 0.6231481481481481 0.0125 0.046296296296296294
0 0.016666666666666666 0.6828703703703703 0.025 0.15833333333333333
0 0.18932291666666667 0.638425925925926 0.0140625 0.05648148148148148
0 0.6947916666666667 0.6208333333333333 0.03125 0.11574074074074074
0 0.21770833333333334 0.6416666666666667 0.011458333333333333 0.04259259259259259
0 0.22578125 0.6388888888888888 0.0140625 0.05555555555555555
0 0.6104166666666667 0.6569444444444444 0.030208333333333334 0.14351851851851852
0 0.8723958333333334 0.6074074074074074 0.041666666666666664 0.15185185185185185
0 0.37057291666666664 0.6217592592592592 0.011979166666666667 0.041666666666666664
0 0.178125 0.6388888888888888 0.014583333333333334 0.06296296296296296
0 0.20104166666666667 0.6504629629629629 0.010416666666666666 0.03611111111111111
