0 0.6328125 0.6458333333333334 0.035416666666666666 0.16018518518518518
0 0.5908854166666667 0.6546296296296297 0.033854166666666664 0.1574074074074074
0 0.35 0.625 0.0125 0.046296296296296294
0 0.007552083333333333 0.6837962962962963 0.0140625 0.1638888888888889
0 0.18411458333333333 0.6393518518518518 0.0140625 0.05648148148148148
0 0.69609375 0.6212962962962963 0.03177083333333333 0.11851851851851852
0 0.2125 0.6430555555555556 0.011458333333333333 0.04351851851851852
0 0.22057291666666667 0.6407407407407407 0.0140625 0.05555555555555555
0 0.6111979166666667 0.6574074074074074 0.030729166666666665 0.14444444444444443
0 0.8776041666666666 0.6069444444444444 0.041666666666666664 0.15462962962962962
0 0.36666666666666664 0.6231481481481481 0.011458333333333333 0.04259259259259259
0 0.17239583333333333 0.6398148148148148 0.014583333333333334 0.06296296296296296
0 0.19583333333333333 0.6504629629629629 0.010416666666666666 0.03611111111111111
