0 0.6419270833333334 0.6541666666666667 0.0390625 0.18981481481481483
0 0.5932291666666667 0.6615740740740741 0.041666666666666664 0.18425925925925926
0 0.3299479166666667 0.625 0.0140625 0.046296296296296294
0 0.15494791666666666 0.6430555555555556 0.015104166666666667 0.06388888888888888
0 0.7075520833333333 0.6273148148148148 0.04010416666666667 0.15092592592592594
0 0.18203125 0.6486111111111111 0.0140625 0.05462962962962963
0 0.19192708333333333 0.6435185185185185 0.0140625 0.05555555555555555
0 0.615625 0.6759259259259259 0.034375 0.18518518518518517
0 0.909375 0.6092592592592593 0.042708333333333334 0.17222222222222222
0 0.34661458333333334 0.625462962962963 0.015104166666666667 0.04722222222222222
0 0.140625 0.6412037037037037 0.015625 0.06759259259259259
0 0.16614583333333333 0.6537037037037037 0.0125 0.03888888888888889
