0 0.6424479166666667 0.6708333333333333 0.06302083333333333 0.23425925925925925
0 0.5822916666666667 0.6680555555555555 0.057291666666666664 0.2101851851851852
0 0.31197916666666664 0.6231481481481481 0.014583333333333334 0.05
0 0.13020833333333334 0.638425925925926 0.015625 0.06574074074074074
0 0.71484375 0.6226851851851852 0.0421875 0.16018518518518518
0 0.1578125 0.6472222222222223 0.014583333333333334 0.05555555555555555
0 0.16901041666666666 0.6393518518518518 0.016145833333333335 0.06388888888888888
0 0.6091145833333333 0.6828703703703703 0.05364583333333333 0.20277777777777778
0 0.9322916666666666 0.6092592592592593 0.03958333333333333 0.18888888888888888
0 0.32890625 0.6199074074074075 0.015104166666666667 0.04722222222222222
0 0.115625 0.6370370370370371 0.016666666666666666 0.06851851851851852
0 0.1421875 0.6504629629629629 0.011458333333333333 0.04351851851851852
