0 0.63671875 0.6814814814814815 0.06197916666666667 0.25
0 0.5736979166666667 0.6703703703703704 0.0546875 0.22592592592592592
0 0.3046875 0.6236111111111111 0.014583333333333334 0.05092592592592592
0 0.11953125 0.6398148148148148 0.016145833333333335 0.06851851851851852
0 0.71640625 0.6217592592592592 0.04114583333333333 0.1638888888888889
0 0.1484375 0.6472222222222223 0.014583333333333334 0.05555555555555555
0 0.15703125 0.6412037037037037 0.016145833333333335 0.06388888888888888
0 0.59921875 0.6842592592592592 0.0546875 0.22407407407407406
0 0.9411458333333333 0.6097222222222223 0.0375 0.19722222222222222
0 0.3229166666666667 0.6199074074074075 0.014583333333333334 0.04722222222222222
0 0.10598958333333333 0.6398148148148148 0.0171875 0.07222222222222222
0 0.13229166666666667 0.6532407407407408 0.011458333333333333 0.04351851851851852
