0 0.621875 0.687962962962963 0.06458333333333334 0.26296296296296295
0 0.55703125 0.675 0.0515625 0.2388888888888889
0 0.2989583333333333 0.624537037037037 0.014583333333333334 0.05092592592592592
0 0.11015625 0.6416666666666667 0.016145833333333335 0.06851851851851852
0 0.7169270833333333 0.6231481481481481 0.0421875 0.16666666666666666
0 0.1390625 0.6481481481481481 0.014583333333333334 0.05555555555555555
0 0.14921875 0.6412037037037037 0.016145833333333335 0.06388888888888888
0 0.58515625 0.687962962962963 0.0515625 0.22962962962962963
0 0.95078125 0.6092592592592593 0.034895833333333334 0.20555555555555555
0 0.31614583333333335 0.6208333333333333 0.014583333333333334 0.04722222222222222
0 0.09713541666666667 0.6412037037037037 0.0171875 0.075
0 0.12317708333333334 0.6550925925925926 0.011979166666666667 0.04722222222222222
