0 0.6341145833333334 0.6824074074074075 0.059895833333333336 0.2518518518518518
0 0.5700520833333333 0.6689814814814815 0.0515625 0.22870370370370371
0 0.30364583333333334 0.6236111111111111 0.014583333333333334 0.05092592592592592
0 0.11744791666666667 0.6398148148148148 0.016145833333333335 0.06851851851851852
0 0.7166666666666667 0.6217592592592592 0.041666666666666664 0.1638888888888889
0 0.14635416666666667 0.6472222222222223 0.014583333333333334 0.05555555555555555
0 0.15546875 0.6412037037037037 0.016145833333333335 0.06388888888888888
0 0.596875 0.6847222222222222 0.05520833333333333 0.225
0 0.9434895833333333 0.6097222222222223 0.03697916666666667 0.19907407407407407
0 0.321875 0.6199074074074075 0.014583333333333334 0.04722222222222222
0 0.10442708333333334 0.6402777777777777 0.0171875 0.07314814814814814
0 0.13020833333333334 0.6537037037037037 0.011458333333333333 0.044444444444444446
