0 0.6057291666666667 0.7013888888888888 0.08229166666666667 0.2712962962962963
0 0.53828125 0.6814814814814815 0.07864583333333333 0.25
0 0.29375 0.6263888888888889 0.014583333333333334 0.05092592592592592
0 0.10182291666666667 0.6416666666666667 0.016145833333333335 0.06851851851851852
0 0.71875 0.624537037037037 0.041666666666666664 0.16944444444444445
0 0.1296875 0.6472222222222223 0.014583333333333334 0.05555555555555555
0 0.14140625 0.6412037037037037 0.016145833333333335 0.06388888888888888
0 0.5778645833333333 0.6939814814814815 0.06302083333333333 0.23981481481481481
0 0.9567708333333333 0.6101851851851852 0.036458333333333336 0.2074074074074074
0 0.31015625 0.6236111111111111 0.015104166666666667 0.049074074074074076
0 0.08880208333333334 0.6407407407407407 0.018229166666666668 0.07592592592592592
0 0.11432291666666666 0.6541666666666667 0.011979166666666667 0.04722222222222222
