0 0.5072916666666667 0.725925925925926 0.07604166666666666 0.35
0 0.44609375 0.6972222222222222 0.06927083333333334 0.29259259259259257
0 0.2760416666666667 0.6319444444444444 0.014583333333333334 0.05092592592592592
0 0.07421875 0.649537037037037 0.0171875 0.07685185185185185
0 0.7197916666666667 0.6296296296296297 0.042708333333333334 0.1685185185185185
0 0.1078125 0.6574074074074074 0.015625 0.05925925925925926
0 0.11875 0.6518518518518519 0.017708333333333333 0.07592592592592592
0 0.4825520833333333 0.7148148148148148 0.07864583333333333 0.2833333333333333
0 0.9580729166666667 0.6189814814814815 0.05364583333333333 0.21388888888888888
0 0.29270833333333335 0.6314814814814815 0.015625 0.05185185185185185
0 0.06380208333333333 0.649074074074074 0.018229166666666668 0.07592592592592592
0 0.0890625 0.6620370370370371 0.014583333333333334 0.04814814814814815
