0 0.453125 0.7412037037037037 0.10520833333333333 0.35833333333333334
0 0.39140625 0.7101851851851851 0.10260416666666666 0.3
0 0.06640625 0.6541666666666667 0.0171875 0.07685185185185185
0 0.7127604166666667 0.6296296296296297 0.043229166666666666 0.16666666666666666
0 0.09739583333333333 0.6606481481481481 0.016666666666666666 0.062037037037037036
0 0.109375 0.6546296296296297 0.017708333333333333 0.07592592592592592
0 0.42109375 0.7245370370370371 0.0953125 0.30092592592592593
0 0.9497395833333333 0.6231481481481481 0.05572916666666667 0.21481481481481482
0 0.28489583333333335 0.6351851851851852 0.015625 0.05185185185185185
0 0.05625 0.6527777777777778 0.020833333333333332 0.08148148148148149
0 0.0796875 0.6666666666666666 0.014583333333333334 0.04814814814814815
