0 0.3533854166666667 0.7597222222222222 0.11822916666666666 0.3861111111111111
0 0.32083333333333336 0.7162037037037037 0.06979166666666667 0.30277777777777776
0 0.0546875 0.6550925925925926 0.019791666666666666 0.0787037037037037
0 0.7044270833333334 0.6351851851851852 0.04114583333333333 0.1648148148148148
0 0.08541666666666667 0.6615740740740741 0.016666666666666666 0.062037037037037036
0 0.09791666666666667 0.6564814814814814 0.017708333333333333 0.07592592592592592
0 0.33880208333333334 0.7351851851851852 0.1078125 0.31666666666666665
0 0.9325520833333333 0.625462962962963 0.05572916666666667 0.20833333333333334
0 0.2734375 0.6342592592592593 0.015625 0.05185185185185185
0 0.04296875 0.6537037037037037 0.018229166666666668 0.08148148148148149
0 0.06875 0.6685185185185185 0.014583333333333334 0.04814814814814815
