0 0.27109375 0.762962962962963 0.10572916666666667 0.40185185185185185
0 0.26328125 0.7226851851851852 0.0703125 0.31203703703703706
0 0.04791666666666667 0.6564814814814814 0.019791666666666666 0.07962962962962963
0 0.69921875 0.6337962962962963 0.044270833333333336 0.1638888888888889
0 0.07786458333333333 0.6638888888888889 0.018229166666666668 0.06851851851851852
0 0.090625 0.6555555555555556 0.017708333333333333 0.07592592592592592
0 0.2721354166666667 0.7481481481481481 0.09322916666666667 0.32407407407407407
0 0.921875 0.624537037037037 0.057291666666666664 0.20462962962962963
0 0.26666666666666666 0.6388888888888888 0.015625 0.05185185185185185
0 0.03359375 0.6537037037037037 0.018229166666666668 0.08148148148148149
0 0.0609375 0.6694444444444444 0.014583333333333334 0.05185185185185185
