0 0.2942708333333333 0.7597222222222222 0.08020833333333334 0.3972222222222222
0 0.2859375 0.7203703703703703 0.06875 0.3074074074074074
0 0.05 0.6560185185185186 0.019791666666666666 0.0787037037037037
0 0.7015625 0.6337962962962963 0.042708333333333334 0.1638888888888889
0 0.08125 0.6638888888888889 0.017708333333333333 0.06666666666666667
0 0.09270833333333334 0.6555555555555556 0.017708333333333333 0.07592592592592592
0 0.29244791666666664 0.7393518518518518 0.09114583333333333 0.31203703703703706
0 0.92578125 0.6240740740740741 0.05677083333333333 0.20555555555555555
0 0.26875 0.6370370370370371 0.015625 0.05185185185185185
0 0.037760416666666664 0.6546296296296297 0.018229166666666668 0.08148148148148149
0 0.06354166666666666 0.6689814814814815 0.014583333333333334 0.049074074074074076
