0 0.04192708333333333 0.538425925925926 0.015104166666666667 0.08611111111111111
0 0.2015625 0.5439814814814815 0.016666666666666666 0.058333333333333334
0 0.7768229166666667 0.5611111111111111 0.0265625 0.0962962962962963
0 0.030208333333333334 0.5435185185185185 0.013541666666666667 0.08333333333333333
0 0.8294270833333334 0.5708333333333333 0.0234375 0.10648148148148148
0 0.93359375 0.5824074074074074 0.022395833333333334 0.11851851851851852
0 0.73203125 0.5685185185185185 0.0140625 0.05740740740740741
0 0.6401041666666667 0.5569444444444445 0.013541666666666667 0.05648148148148148
0 0.22916666666666666 0.5560185185185185 0.021875 0.07314814814814814
0 0.7927083333333333 0.5634259259259259 0.020833333333333332 0.0787037037037037
0 0.6588541666666666 0.5657407407407408 0.019791666666666666 0.07407407407407407
