0 0.03619791666666667 0.538425925925926 0.015104166666666667 0.08796296296296297
0 0.19765625 0.5444444444444444 0.0171875 0.05925925925925926
0 0.7799479166666666 0.562037037037037 0.0265625 0.0962962962962963
0 0.024479166666666666 0.5439814814814815 0.013541666666666667 0.08425925925925926
0 0.8388020833333333 0.575925925925926 0.024479166666666666 0.10925925925925926
0 0.93984375 0.5819444444444445 0.021354166666666667 0.11944444444444445
0 0.7372395833333333 0.5689814814814815 0.0140625 0.058333333333333334
0 0.640625 0.5587962962962963 0.013541666666666667 0.05648148148148148
0 0.22291666666666668 0.5560185185185185 0.021875 0.07314814814814814
0 0.7979166666666667 0.5634259259259259 0.020833333333333332 0.0787037037037037
0 0.6591145833333333 0.5666666666666667 0.021354166666666667 0.07592592592592592
