0 0.49895833333333334 0.6388888888888888 0.008333333333333333 0.03518518518518519
0 0.50234375 0.6388888888888888 0.008854166666666666 0.037037037037037035
0 0.7729166666666667 0.6356481481481482 0.025 0.09907407407407408
0 0.7119791666666667 0.6259259259259259 0.010416666666666666 0.044444444444444446
0 0.8057291666666667 0.6296296296296297 0.026041666666666668 0.10555555555555556
0 0.5026041666666666 0.6375 0.008333333333333333 0.03611111111111111
0 0.4515625 0.6310185185185185 0.011458333333333333 0.03981481481481482
0 0.73671875 0.6268518518518519 0.015104166666666667 0.07222222222222222
0 0.5815104166666667 0.6337962962962963 0.013020833333333334 0.06018518518518518
0 0.6989583333333333 0.6300925925925925 0.010416666666666666 0.041666666666666664
