0 0.49947916666666664 0.6444444444444445 0.0125 0.037037037037037035
0 0.4986979166666667 0.6416666666666667 0.0078125 0.03888888888888889
0 0.8114583333333333 0.6393518518518518 0.026041666666666668 0.10648148148148148
0 0.7255208333333333 0.6291666666666667 0.011458333333333333 0.04722222222222222
0 0.8471354166666667 0.6305555555555555 0.0265625 0.11666666666666667
0 0.4979166666666667 0.6412037037037037 0.007291666666666667 0.03981481481481482
0 0.4479166666666667 0.6337962962962963 0.0125 0.04351851851851852
0 0.7596354166666667 0.6300925925925925 0.016145833333333335 0.075
0 0.5903645833333333 0.6361111111111111 0.0140625 0.06481481481481481
0 0.709375 0.6351851851851852 0.010416666666666666 0.04814814814814815
