0 0.49609375 0.6513888888888889 0.013020833333333334 0.041666666666666664
0 0.4953125 0.65 0.007291666666666667 0.044444444444444446
0 0.8755208333333333 0.6555555555555556 0.03125 0.12407407407407407
0 0.7515625 0.6402777777777777 0.0125 0.05092592592592592
0 0.9174479166666667 0.6375 0.030729166666666665 0.13240740740740742
0 0.640625 0.6430555555555556 0.015625 0.07685185185185185
0 0.4942708333333333 0.6504629629629629 0.008333333333333333 0.03981481481481482
0 0.44244791666666666 0.6375 0.0109375 0.03796296296296296
0 0.7901041666666667 0.6356481481481482 0.017708333333333333 0.08055555555555556
0 0.6036458333333333 0.6425925925925926 0.015625 0.07222222222222222
0 0.7239583333333334 0.6435185185185185 0.010416666666666666 0.04814814814814815
