0 0.7979166666666667 0.6912037037037037 0.05 0.25277777777777777
0 0.55078125 0.6935185185185185 0.033854166666666664 0.1685185185185185
0 0.4036458333333333 0.6699074074074074 0.017708333333333333 0.06759259259259259
0 0.6622395833333333 0.6560185185185186 0.015104166666666667 0.06018518518518518
0 0.6888020833333334 0.6916666666666667 0.06822916666666666 0.25925925925925924
0 0.12447916666666667 0.6537037037037037 0.016666666666666666 0.06851851851851852
0 0.08619791666666667 0.6462962962962963 0.015104166666666667 0.06481481481481481
0 0.65390625 0.6569444444444444 0.0140625 0.058333333333333334
0 0.038802083333333334 0.6458333333333334 0.013020833333333334 0.058333333333333334
0 0.14296875 0.6569444444444444 0.0140625 0.06759259259259259
