0 0.7760416666666666 0.6967592592592593 0.04479166666666667 0.2324074074074074
0 0.5411458333333333 0.6953703703703704 0.03333333333333333 0.15925925925925927
0 0.40520833333333334 0.6736111111111112 0.017708333333333333 0.06388888888888888
0 0.6513020833333333 0.6615740740740741 0.015104166666666667 0.06018518518518518
0 0.6713541666666667 0.7032407407407407 0.065625 0.24537037037037038
0 0.12708333333333333 0.6546296296296297 0.016666666666666666 0.06851851851851852
0 0.08463541666666667 0.649074074074074 0.015104166666666667 0.06296296296296296
0 0.6424479166666667 0.6643518518518519 0.0140625 0.058333333333333334
0 0.04296875 0.649537037037037 0.013020833333333334 0.058333333333333334
0 0.14296875 0.6587962962962963 0.013020833333333334 0.06759259259259259
