0 0.8065104166666667 0.6893518518518519 0.0515625 0.2601851851851852
0 0.5544270833333333 0.6925925925925925 0.033854166666666664 0.17222222222222222
0 0.40260416666666665 0.6694444444444444 0.017708333333333333 0.06851851851851852
0 0.6658854166666667 0.6550925925925926 0.015104166666666667 0.06018518518518518
0 0.6950520833333333 0.6935185185185185 0.06927083333333334 0.26481481481481484
0 0.12395833333333334 0.6537037037037037 0.016666666666666666 0.06851851851851852
0 0.08619791666666667 0.6467592592592593 0.015104166666666667 0.06574074074074074
0 0.6583333333333333 0.6550925925925926 0.014583333333333334 0.058333333333333334
0 0.03723958333333333 0.6449074074074074 0.013020833333333334 0.058333333333333334
0 0.14244791666666667 0.6564814814814814 0.0140625 0.06851851851851852
