0 0.8828125 0.6958333333333333 0.05416666666666667 0.2972222222222222
0 0.5903645833333333 0.712037037037037 0.043229166666666666 0.21666666666666667
0 0.39010416666666664 0.6810185185185185 0.023958333333333335 0.07314814814814814
0 0.8252604166666667 0.6509259259259259 0.013020833333333334 0.05555555555555555
0 0.7046875 0.6615740740740741 0.017708333333333333 0.062037037037037036
0 0.75078125 0.7087962962962963 0.07135416666666666 0.30648148148148147
0 0.1203125 0.6597222222222222 0.01875 0.0787037037037037
0 0.08697916666666666 0.6518518518518519 0.017708333333333333 0.06481481481481481
0 0.69609375 0.6671296296296296 0.0140625 0.058333333333333334
0 0.022135416666666668 0.6476851851851851 0.013020833333333334 0.058333333333333334
0 0.1359375 0.6611111111111111 0.016666666666666666 0.07037037037037037
