0 0.9072916666666667 0.7018518518518518 0.058333333333333334 0.3055555555555556
0 0.60390625 0.7208333333333333 0.04635416666666667 0.23055555555555557
0 0.38645833333333335 0.6856481481481481 0.023958333333333335 0.07314814814814814
0 0.83828125 0.6537037037037037 0.013020833333333334 0.05555555555555555
0 0.7171875 0.6680555555555555 0.015625 0.06574074074074074
0 0.77109375 0.7180555555555556 0.0703125 0.3175925925925926
0 0.1171875 0.6662037037037037 0.01875 0.0787037037037037
0 0.08645833333333333 0.6550925925925926 0.020833333333333332 0.06388888888888888
0 0.7075520833333333 0.6671296296296296 0.016145833333333335 0.058333333333333334
0 0.019010416666666665 0.6560185185185186 0.013020833333333334 0.062037037037037036
0 0.5875 0.6712962962962963 0.01875 0.06111111111111111
0 0.134375 0.6689814814814815 0.017708333333333333 0.075
