0 0.9328125 0.7023148148148148 0.059375 0.31574074074074077
0 0.6247395833333333 0.7337962962962963 0.04739583333333333 0.25277777777777777
0 0.3796875 0.6921296296296297 0.021875 0.075
0 0.8544270833333333 0.65 0.013020833333333334 0.05555555555555555
0 0.73359375 0.6685185185185185 0.016145833333333335 0.06851851851851852
0 0.79296875 0.725 0.07447916666666667 0.3351851851851852
0 0.11614583333333334 0.6782407407407407 0.01875 0.0787037037037037
0 0.090625 0.6685185185185185 0.014583333333333334 0.06666666666666667
0 0.7260416666666667 0.6699074074074074 0.015625 0.06388888888888888
0 0.01484375 0.6675925925925926 0.013020833333333334 0.06296296296296296
0 0.6002604166666666 0.6759259259259259 0.019270833333333334 0.06296296296296296
0 0.13125 0.6782407407407407 0.01875 0.08055555555555556
