0 0.9424479166666667 0.711574074074074 0.06614583333333333 0.3212962962962963
0 0.6359375 0.7388888888888889 0.04791666666666667 0.26666666666666666
0 0.37604166666666666 0.6944444444444444 0.020833333333333332 0.07592592592592592
0 0.86328125 0.6564814814814814 0.013020833333333334 0.05555555555555555
0 0.7419270833333333 0.6717592592592593 0.016145833333333335 0.06944444444444445
0 0.8065104166666667 0.7384259259259259 0.0765625 0.3490740740740741
0 0.11614583333333334 0.6800925925925926 0.01875 0.0787037037037037
0 0.09088541666666666 0.6726851851851852 0.018229166666666668 0.06759259259259259
0 0.734375 0.6722222222222223 0.016666666666666666 0.06296296296296296
0 0.01328125 0.6685185185185185 0.013020833333333334 0.06296296296296296
0 0.6072916666666667 0.6791666666666667 0.019791666666666666 0.06388888888888888
0 0.13125 0.6828703703703703 0.01875 0.08055555555555556
