0 0.9453125 0.7138888888888889 0.06770833333333333 0.32222222222222224
0 0.63828125 0.7412037037037037 0.0484375 0.26944444444444443
0 0.375 0.6958333333333333 0.020833333333333332 0.07685185185185185
0 0.8653645833333333 0.6564814814814814 0.013020833333333334 0.05555555555555555
0 0.7442708333333333 0.6726851851851852 0.016666666666666666 0.06944444444444445
0 0.8098958333333334 0.7402777777777778 0.07708333333333334 0.3509259259259259
0 0.115625 0.6800925925925926 0.01875 0.0787037037037037
0 0.09140625 0.6736111111111112 0.019270833333333334 0.06759259259259259
0 0.7361979166666667 0.674074074074074 0.0171875 0.06296296296296296
0 0.012760416666666666 0.6694444444444444 0.013020833333333334 0.06296296296296296
0 0.6088541666666667 0.6791666666666667 0.019791666666666666 0.06388888888888888
0 0.13125 0.6837962962962963 0.01875 0.08055555555555556
