0 0.9375 0.7074074074074074 0.0625 0.31851851851851853
0 0.63046875 0.737037037037037 0.04739583333333333 0.2611111111111111
0 0.3776041666666667 0.6930555555555555 0.020833333333333332 0.075
0 0.85859375 0.6527777777777778 0.013020833333333334 0.05555555555555555
0 0.7377604166666667 0.6694444444444444 0.016145833333333335 0.06851851851851852
0 0.7997395833333333 0.7314814814814815 0.07552083333333333 0.3425925925925926
0 0.11614583333333334 0.6791666666666667 0.01875 0.0787037037037037
0 0.090625 0.6712962962962963 0.016666666666666666 0.06666666666666667
0 0.7299479166666667 0.6708333333333333 0.016145833333333335 0.06388888888888888
0 0.013802083333333333 0.6685185185185185 0.013020833333333334 0.06296296296296296
0 0.6041666666666666 0.6768518518518518 0.019791666666666666 0.06296296296296296
0 0.13125 0.6810185185185185 0.01875 0.08055555555555556
