0 0.97109375 0.7217592592592592 0.05677083333333333 0.3287037037037037
0 0.6833333333333333 0.7597222222222222 0.0625 0.3175925925925926
0 0.36171875 0.7 0.027604166666666666 0.08148148148148149
0 0.89765625 0.6583333333333333 0.015104166666666667 0.05740740740740741
0 0.7796875 0.6754629629629629 0.016666666666666666 0.07314814814814814
0 0.8502604166666666 0.7407407407407407 0.07760416666666667 0.3592592592592593
0 0.10989583333333333 0.6828703703703703 0.01875 0.0824074074074074
0 0.10338541666666666 0.6768518518518518 0.018229166666666668 0.07222222222222222
0 0.8151041666666666 0.6703703703703704 0.017708333333333333 0.05740740740740741
0 0.7705729166666667 0.6768518518518518 0.015104166666666667 0.06296296296296296
0 0.00625 0.6694444444444444 0.0125 0.06296296296296296
0 0.6401041666666667 0.6833333333333333 0.021875 0.06666666666666667
0 0.12734375 0.6884259259259259 0.021354166666666667 0.08611111111111111
