0 0.96953125 0.7189814814814814 0.05364583333333333 0.3287037037037037
0 0.7059895833333333 0.7652777777777777 0.06302083333333333 0.3416666666666667
0 0.35078125 0.6986111111111111 0.024479166666666666 0.08611111111111111
0 0.9158854166666667 0.6509259259259259 0.015104166666666667 0.05740740740740741
0 0.79765625 0.674074074074074 0.0171875 0.07222222222222222
0 0.86484375 0.7300925925925926 0.09114583333333333 0.35462962962962963
0 0.10416666666666667 0.6875 0.020833333333333332 0.09166666666666666
0 0.11328125 0.6782407407407407 0.0171875 0.075
0 0.83125 0.6606481481481481 0.017708333333333333 0.058333333333333334
0 0.7888020833333333 0.6722222222222223 0.015104166666666667 0.06296296296296296
0 0.00546875 0.6717592592592593 0.0109375 0.06388888888888888
0 0.6598958333333333 0.6777777777777778 0.020833333333333332 0.06851851851851852
0 0.12369791666666667 0.6875 0.022395833333333334 0.08796296296296297
