0 0.9697916666666667 0.7199074074074074 0.05416666666666667 0.3287037037037037
0 0.7028645833333333 0.762962962962963 0.06302083333333333 0.34074074074074073
0 0.3533854166666667 0.6976851851851852 0.0234375 0.08425925925925926
0 0.9138020833333333 0.649074074074074 0.015104166666666667 0.05740740740740741
0 0.7950520833333333 0.674074074074074 0.0171875 0.07222222222222222
0 0.8622395833333333 0.7328703703703704 0.09322916666666667 0.35833333333333334
0 0.10546875 0.6875 0.0203125 0.09166666666666666
0 0.11171875 0.6796296296296296 0.0171875 0.07407407407407407
0 0.8291666666666667 0.6606481481481481 0.017708333333333333 0.058333333333333334
0 0.7861979166666667 0.6722222222222223 0.015104166666666667 0.06296296296296296
0 0.005729166666666666 0.6722222222222223 0.011458333333333333 0.06296296296296296
0 0.6575520833333334 0.6759259259259259 0.022395833333333334 0.06851851851851852
0 0.12421875 0.6875 0.022395833333333334 0.08796296296296297
