0 0.9682291666666667 0.7180555555555556 0.053125 0.3287037037037037
0 0.7114583333333333 0.7680555555555556 0.0625 0.3472222222222222
0 0.3458333333333333 0.6995370370370371 0.026041666666666668 0.08796296296296297
0 0.9184895833333333 0.6546296296296297 0.015104166666666667 0.05740740740740741
0 0.80234375 0.674074074074074 0.0171875 0.07222222222222222
0 0.8651041666666667 0.7277777777777777 0.0875 0.34814814814814815
0 0.10286458333333333 0.687962962962963 0.022395833333333334 0.09259259259259259
0 0.11614583333333334 0.675 0.016666666666666666 0.07592592592592592
0 0.834375 0.6606481481481481 0.017708333333333333 0.058333333333333334
0 0.7934895833333333 0.6722222222222223 0.015104166666666667 0.06296296296296296
0 0.00546875 0.6717592592592593 0.0109375 0.06574074074074074
0 0.6651041666666667 0.6796296296296296 0.019791666666666666 0.06851851851851852
0 0.1234375 0.6865740740740741 0.022916666666666665 0.08796296296296297
