0 0.9604166666666667 0.7152777777777778 0.051041666666666666 0.3194444444444444
0 0.7205729166666667 0.7694444444444445 0.06197916666666667 0.362962962962963
0 0.33671875 0.700462962962963 0.0265625 0.08425925925925926
0 0.92734375 0.6546296296296297 0.015104166666666667 0.05740740740740741
0 0.8130208333333333 0.6726851851851852 0.017708333333333333 0.0712962962962963
0 0.8549479166666667 0.7273148148148149 0.0828125 0.32685185185185184
0 0.0984375 0.6865740740740741 0.026041666666666668 0.09351851851851851
0 0.12239583333333333 0.674074074074074 0.016666666666666666 0.07592592592592592
0 0.8416666666666667 0.6615740740740741 0.017708333333333333 0.058333333333333334
0 0.8028645833333333 0.6722222222222223 0.015104166666666667 0.06296296296296296
0 0.005208333333333333 0.6675925925925926 0.010416666666666666 0.07222222222222222
0 0.6734375 0.6787037037037037 0.019791666666666666 0.06851851851851852
0 0.12005208333333334 0.6847222222222222 0.021354166666666667 0.08796296296296297
