0 0.9377604166666667 0.7125 0.050520833333333334 0.2953703703703704
0 0.725 0.7708333333333334 0.06145833333333333 0.36203703703703705
0 0.3265625 0.6976851851851852 0.026041666666666668 0.08796296296296297
0 0.9346354166666667 0.6546296296296297 0.015104166666666667 0.05740740740740741
0 0.8221354166666667 0.6717592592592593 0.0171875 0.0712962962962963
0 0.83984375 0.7277777777777777 0.07864583333333333 0.3148148148148148
0 0.09375 0.6893518518518519 0.023958333333333335 0.09722222222222222
0 0.13151041666666666 0.6759259259259259 0.0140625 0.07592592592592592
0 0.853125 0.663425925925926 0.017708333333333333 0.058333333333333334
0 0.81328125 0.6731481481481482 0.015104166666666667 0.06296296296296296
0 0.005208333333333333 0.6680555555555555 0.010416666666666666 0.07314814814814814
0 0.6848958333333334 0.6787037037037037 0.019791666666666666 0.06851851851851852
0 0.11510416666666666 0.6902777777777778 0.020833333333333332 0.09166666666666666
