0 0.9401041666666666 0.712037037037037 0.05 0.2962962962962963
0 0.7244791666666667 0.7712962962962963 0.06145833333333333 0.3611111111111111
0 0.32734375 0.6976851851851852 0.0265625 0.08796296296296297
0 0.9341145833333333 0.6546296296296297 0.015104166666666667 0.05740740740740741
0 0.8216145833333334 0.6717592592592593 0.0171875 0.0712962962962963
0 0.8411458333333334 0.7287037037037037 0.07916666666666666 0.31666666666666665
0 0.09375 0.6888888888888889 0.023958333333333335 0.0962962962962963
0 0.13098958333333333 0.6759259259259259 0.015104166666666667 0.07592592592592592
0 0.8520833333333333 0.663425925925926 0.017708333333333333 0.058333333333333334
0 0.8127604166666667 0.6731481481481482 0.015104166666666667 0.06296296296296296
0 0.005208333333333333 0.6671296296296296 0.010416666666666666 0.07314814814814814
0 0.6838541666666667 0.6787037037037037 0.019791666666666666 0.06851851851851852
0 0.115625 0.6902777777777778 0.020833333333333332 0.09166666666666666
