0 0.9463541666666667 0.712037037037037 0.05 0.3
0 0.7239583333333334 0.7722222222222223 0.0625 0.3611111111111111
0 0.3294270833333333 0.7 0.0265625 0.08518518518518518
0 0.9325520833333333 0.6546296296296297 0.015104166666666667 0.05740740740740741
0 0.81953125 0.6726851851851852 0.0171875 0.0712962962962963
0 0.8453125 0.7277777777777777 0.08020833333333334 0.31851851851851853
0 0.0953125 0.6875 0.025 0.09537037037037037
0 0.12864583333333332 0.675 0.016666666666666666 0.07592592592592592
0 0.8494791666666667 0.6625 0.017708333333333333 0.058333333333333334
0 0.81015625 0.6731481481481482 0.015104166666666667 0.06296296296296296
0 0.005208333333333333 0.6671296296296296 0.010416666666666666 0.07314814814814814
0 0.68125 0.6787037037037037 0.019791666666666666 0.06851851851851852
0 0.11666666666666667 0.6865740740740741 0.020833333333333332 0.08981481481481482
