0 0.9153645833333334 0.7157407407407408 0.0578125 0.28703703703703703
0 0.7247395833333333 0.775 0.06197916666666667 0.36666666666666664
0 0.31640625 0.7032407407407407 0.021354166666666667 0.08425925925925926
0 0.93984375 0.6527777777777778 0.015104166666666667 0.05740740740740741
0 0.82890625 0.6717592592592593 0.0171875 0.0712962962962963
0 0.8236979166666667 0.725 0.06927083333333334 0.29259259259259257
0 0.08958333333333333 0.6916666666666667 0.021875 0.1
0 0.13828125 0.6777777777777778 0.018229166666666668 0.07592592592592592
0 0.8630208333333333 0.6671296296296296 0.017708333333333333 0.058333333333333334
0 0.82109375 0.6731481481481482 0.015104166666666667 0.06296296296296296
0 0.005208333333333333 0.6680555555555555 0.010416666666666666 0.07314814814814814
0 0.6953125 0.6833333333333333 0.019791666666666666 0.06851851851851852
0 0.10885416666666667 0.6953703703703704 0.020833333333333332 0.09814814814814815
