0 0.93359375 0.7129629629629629 0.0515625 0.29259259259259257
0 0.7263020833333333 0.7694444444444445 0.0609375 0.362962962962963
0 0.3255208333333333 0.6981481481481482 0.023958333333333335 0.08703703703703704
0 0.9356770833333333 0.6537037037037037 0.015104166666666667 0.05740740740740741
0 0.8236979166666667 0.6717592592592593 0.0171875 0.0712962962962963
0 0.8372395833333334 0.725925925925926 0.07760416666666667 0.30925925925925923
0 0.09296875 0.6893518518518519 0.0234375 0.09722222222222222
0 0.13307291666666668 0.6768518518518518 0.013020833333333334 0.07592592592592592
0 0.8552083333333333 0.6643518518518519 0.017708333333333333 0.058333333333333334
0 0.81484375 0.6731481481481482 0.015104166666666667 0.06296296296296296
0 0.005208333333333333 0.6680555555555555 0.010416666666666666 0.07314814814814814
0 0.6869791666666667 0.6796296296296296 0.019791666666666666 0.06851851851851852
0 0.11354166666666667 0.6916666666666667 0.020833333333333332 0.09259259259259259
