0 0.9 0.7143518518518519 0.04895833333333333 0.275
0 0.7244791666666667 0.7763888888888889 0.07083333333333333 0.36574074074074076
0 0.3098958333333333 0.7018518518518518 0.022916666666666665 0.08148148148148149
0 0.9440104166666666 0.6518518518518519 0.015104166666666667 0.05740740740740741
0 0.8338541666666667 0.6708333333333333 0.016666666666666666 0.0712962962962963
0 0.8125 0.7263888888888889 0.065625 0.2824074074074074
0 0.084375 0.6925925925925925 0.021875 0.1037037037037037
0 0.14505208333333333 0.6796296296296296 0.013020833333333334 0.07592592592592592
0 0.8692708333333333 0.6662037037037037 0.017708333333333333 0.058333333333333334
0 0.8263020833333333 0.6731481481481482 0.015104166666666667 0.06296296296296296
0 0.005208333333333333 0.6685185185185185 0.010416666666666666 0.07407407407407407
0 0.7026041666666667 0.6833333333333333 0.019791666666666666 0.06851851851851852
0 0.10520833333333333 0.6962962962962963 0.020833333333333332 0.09814814814814815
