0 0.8671875 0.7162037037037037 0.04583333333333333 0.25277777777777777
0 0.7244791666666667 0.7754629629629629 0.06875 0.35648148148148145
0 0.29322916666666665 0.7046296296296296 0.022916666666666665 0.08148148148148149
0 0.9565104166666667 0.6509259259259259 0.015104166666666667 0.05740740740740741
0 0.8473958333333333 0.6652777777777777 0.016666666666666666 0.0712962962962963
0 0.790625 0.7222222222222222 0.06458333333333334 0.2537037037037037
0 0.07473958333333333 0.6925925925925925 0.022395833333333334 0.10185185185185185
0 0.1625 0.6805555555555556 0.015625 0.07592592592592592
0 0.884375 0.6643518518518519 0.017708333333333333 0.058333333333333334
0 0.83984375 0.6722222222222223 0.015104166666666667 0.06296296296296296
0 0.005208333333333333 0.6708333333333333 0.010416666666666666 0.0787037037037037
0 0.7203125 0.6814814814814815 0.019791666666666666 0.06851851851851852
0 0.0984375 0.6916666666666667 0.023958333333333335 0.1
