0 0.8752604166666667 0.7157407407407408 0.04635416666666667 0.2574074074074074
0 0.7255208333333333 0.7754629629629629 0.06666666666666667 0.3638888888888889
0 0.296875 0.7046296296296296 0.022916666666666665 0.08148148148148149
0 0.9533854166666667 0.65 0.015104166666666667 0.05740740740740741
0 0.84375 0.6662037037037037 0.016666666666666666 0.0712962962962963
0 0.79609375 0.7226851851851852 0.06510416666666667 0.2601851851851852
0 0.07708333333333334 0.6935185185185185 0.021875 0.1037037037037037
0 0.15911458333333334 0.6796296296296296 0.016145833333333335 0.07592592592592592
0 0.8807291666666667 0.6643518518518519 0.017708333333333333 0.058333333333333334
0 0.8361979166666667 0.6731481481481482 0.015104166666666667 0.06296296296296296
0 0.005208333333333333 0.6708333333333333 0.010416666666666666 0.0787037037037037
0 0.715625 0.6814814814814815 0.019791666666666666 0.06851851851851852
0 0.10026041666666667 0.6930555555555555 0.0234375 0.09907407407407408
