0 0.8736979166666666 0.7152777777777778 0.04635416666666667 0.2564814814814815
0 0.7252604166666666 0.7759259259259259 0.0671875 0.362962962962963
0 0.29635416666666664 0.7046296296296296 0.022916666666666665 0.08148148148148149
0 0.95390625 0.65 0.015104166666666667 0.05740740740740741
0 0.8447916666666667 0.6662037037037037 0.016666666666666666 0.0712962962962963
0 0.7950520833333333 0.7222222222222222 0.06510416666666667 0.25925925925925924
0 0.0765625 0.6930555555555555 0.021875 0.10277777777777777
0 0.15989583333333332 0.6796296296296296 0.015625 0.07592592592592592
0 0.88125 0.6643518518518519 0.017708333333333333 0.058333333333333334
0 0.8372395833333334 0.6722222222222223 0.015104166666666667 0.06296296296296296
0 0.005208333333333333 0.6708333333333333 0.010416666666666666 0.0787037037037037
0 0.7166666666666667 0.6814814814814815 0.019791666666666666 0.06851851851851852
0 0.1 0.6921296296296297 0.023958333333333335 0.09907407407407408
