0 0.85546875 0.711574074074074 0.043229166666666666 0.2361111111111111
0 0.7236979166666667 0.7787037037037037 0.06927083333333334 0.3611111111111111
0 0.28802083333333334 0.7046296296296296 0.022916666666666665 0.08148148148148149
0 0.8526041666666667 0.6652777777777777 0.016666666666666666 0.0712962962962963
0 0.78359375 0.7212962962962963 0.0640625 0.24444444444444444
0 0.07135416666666666 0.6912037037037037 0.022916666666666665 0.09907407407407408
0 0.1671875 0.6824074074074075 0.01875 0.07592592592592592
0 0.8890625 0.6625 0.017708333333333333 0.058333333333333334
0 0.84453125 0.6722222222222223 0.015104166666666667 0.06296296296296296
0 0.005208333333333333 0.6708333333333333 0.010416666666666666 0.0787037037037037
0 0.7260416666666667 0.6805555555555556 0.019791666666666666 0.06851851851851852
0 0.09479166666666666 0.6921296296296297 0.023958333333333335 0.10092592592592593
