0 0.83671875 0.711574074074074 0.0421875 0.22314814814814815
0 0.7192708333333333 0.7810185185185186 0.07916666666666666 0.3453703703703704
0 0.27760416666666665 0.7027777777777777 0.022916666666666665 0.08148148148148149
0 0.8630208333333333 0.6643518518518519 0.016666666666666666 0.0712962962962963
0 0.7755208333333333 0.7203703703703703 0.06354166666666666 0.2222222222222222
0 0.059895833333333336 0.6893518518518519 0.023958333333333335 0.09907407407407408
0 0.18046875 0.6824074074074075 0.018229166666666668 0.07407407407407407
0 0.8984375 0.6597222222222222 0.017708333333333333 0.058333333333333334
0 0.8544270833333333 0.6722222222222223 0.015104166666666667 0.06296296296296296
0 0.005208333333333333 0.6708333333333333 0.010416666666666666 0.0787037037037037
0 0.7395833333333334 0.6796296296296296 0.019791666666666666 0.06851851851851852
0 0.08463541666666667 0.6925925925925925 0.0234375 0.1037037037037037
