0 0.8278645833333333 0.7134259259259259 0.043229166666666666 0.21388888888888888
0 0.7122395833333334 0.7842592592592592 0.08177083333333333 0.34074074074074073
0 0.27291666666666664 0.700925925925926 0.022916666666666665 0.08148148148148149
0 0.8661458333333333 0.6652777777777777 0.016666666666666666 0.0712962962962963
0 0.7703125 0.7212962962962963 0.057291666666666664 0.21666666666666667
0 0.05703125 0.6888888888888889 0.024479166666666666 0.1037037037037037
0 0.184375 0.6805555555555556 0.016666666666666666 0.07037037037037037
0 0.9020833333333333 0.6587962962962963 0.017708333333333333 0.058333333333333334
0 0.85859375 0.6722222222222223 0.015104166666666667 0.06296296296296296
0 0.005208333333333333 0.6708333333333333 0.010416666666666666 0.0787037037037037
0 0.7442708333333333 0.6787037037037037 0.019791666666666666 0.06851851851851852
0 0.08177083333333333 0.6912037037037037 0.019791666666666666 0.10462962962962963
