0 0.8322916666666667 0.7129629629629629 0.042708333333333334 0.21851851851851853
0 0.7169270833333333 0.7814814814814814 0.08072916666666667 0.3425925925925926
0 0.2755208333333333 0.7018518518518518 0.022916666666666665 0.08148148148148149
0 0.8645833333333334 0.6652777777777777 0.016666666666666666 0.0712962962962963
0 0.77421875 0.7208333333333333 0.06197916666666667 0.21944444444444444
0 0.05859375 0.6893518518518519 0.024479166666666666 0.10092592592592593
0 0.18203125 0.6814814814814815 0.0171875 0.07222222222222222
0 0.9 0.6597222222222222 0.017708333333333333 0.058333333333333334
0 0.8565104166666667 0.6722222222222223 0.015104166666666667 0.06296296296296296
0 0.005208333333333333 0.6708333333333333 0.010416666666666666 0.0787037037037037
0 0.7421875 0.6787037037037037 0.019791666666666666 0.06851851851851852
0 0.0828125 0.6916666666666667 0.021875 0.1037037037037037
