0 0.8294270833333334 0.7134259259259259 0.043229166666666666 0.21574074074074073
0 0.7135416666666666 0.7837962962962963 0.08125 0.3416666666666667
0 0.27395833333333336 0.7018518518518518 0.022916666666666665 0.08148148148148149
0 0.865625 0.6652777777777777 0.016666666666666666 0.0712962962962963
0 0.7713541666666667 0.7208333333333333 0.058333333333333334 0.2175925925925926
0 0.05755208333333333 0.6893518518518519 0.024479166666666666 0.10277777777777777
0 0.18333333333333332 0.6810185185185185 0.016666666666666666 0.0712962962962963
0 0.9015625 0.6587962962962963 0.017708333333333333 0.058333333333333334
0 0.8575520833333333 0.6722222222222223 0.015104166666666667 0.06296296296296296
0 0.005208333333333333 0.6708333333333333 0.010416666666666666 0.0787037037037037
0 0.74375 0.6787037037037037 0.019791666666666666 0.06851851851851852
0 0.08203125 0.6921296296296297 0.0203125 0.10462962962962963
