0 0.8161458333333333 0.7138888888888889 0.03958333333333333 0.2037037037037037
0 0.69921875 0.7861111111111111 0.07552083333333333 0.34814814814814815
0 0.26666666666666666 0.700462962962963 0.025 0.08055555555555556
0 0.871875 0.6662037037037037 0.016666666666666666 0.0712962962962963
0 0.7630208333333334 0.7199074074074074 0.053125 0.20833333333333334
0 0.05286458333333333 0.687037037037037 0.0265625 0.1111111111111111
0 0.19166666666666668 0.6865740740740741 0.017708333333333333 0.075
0 0.9083333333333333 0.6569444444444444 0.017708333333333333 0.058333333333333334
0 0.8638020833333333 0.6703703703703704 0.015104166666666667 0.06296296296296296
0 0.005208333333333333 0.6708333333333333 0.010416666666666666 0.0787037037037037
0 0.7520833333333333 0.6777777777777778 0.019791666666666666 0.06851851851851852
0 0.07526041666666666 0.6902777777777778 0.022395833333333334 0.10833333333333334
