0 0.7854166666666667 0.7180555555555556 0.040625 0.18611111111111112
0 0.6484375 0.8013888888888889 0.10208333333333333 0.35648148148148145
0 0.246875 0.6981481481481482 0.025 0.07592592592592592
0 0.8901041666666667 0.662962962962963 0.016666666666666666 0.06851851851851852
0 0.7424479166666667 0.7199074074074074 0.04739583333333333 0.19537037037037036
0 0.03411458333333333 0.6861111111111111 0.027604166666666666 0.11481481481481481
0 0.2171875 0.6888888888888889 0.016666666666666666 0.07777777777777778
0 0.9268229166666667 0.6574074074074074 0.0171875 0.05740740740740741
0 0.88203125 0.6675925925925926 0.015104166666666667 0.06296296296296296
0 0.005208333333333333 0.6708333333333333 0.010416666666666666 0.0787037037037037
0 0.7734375 0.675 0.019791666666666666 0.06851851851851852
0 0.05182291666666667 0.687037037037037 0.025520833333333333 0.11666666666666667
