0 0.7838541666666666 0.7194444444444444 0.0375 0.17407407407407408
0 0.6270833333333333 0.8013888888888889 0.0875 0.35833333333333334
0 0.23463541666666668 0.6972222222222222 0.024479166666666666 0.07592592592592592
0 0.9026041666666667 0.6625 0.016666666666666666 0.06388888888888888
0 0.7369791666666666 0.7217592592592592 0.04375 0.1824074074074074
0 0.01875 0.6851851851851852 0.027083333333333334 0.11666666666666667
0 0.23072916666666668 0.6893518518518519 0.016666666666666666 0.07685185185185185
0 0.93828125 0.6527777777777778 0.016145833333333335 0.05555555555555555
0 0.8919270833333334 0.6643518518518519 0.015104166666666667 0.058333333333333334
0 0.7856770833333333 0.674074074074074 0.0203125 0.06666666666666667
0 0.04140625 0.6893518518518519 0.025520833333333333 0.12129629629629629
