0 0.7828125 0.7189814814814814 0.036458333333333336 0.16944444444444445
0 0.60703125 0.8004629629629629 0.07447916666666667 0.35462962962962963
0 0.23072916666666668 0.6953703703703704 0.021875 0.07777777777777778
0 0.9067708333333333 0.6597222222222222 0.016666666666666666 0.06388888888888888
0 0.7359375 0.7226851851851852 0.04375 0.1824074074074074
0 0.014583333333333334 0.6851851851851852 0.023958333333333335 0.11851851851851852
0 0.23489583333333333 0.6888888888888889 0.017708333333333333 0.07592592592592592
0 0.9401041666666666 0.6509259259259259 0.016666666666666666 0.05555555555555555
0 0.8950520833333333 0.663425925925926 0.015104166666666667 0.05648148148148148
0 0.7893229166666667 0.6736111111111112 0.0203125 0.06574074074074074
0 0.03697916666666667 0.6898148148148148 0.025 0.12222222222222222
