0 0.7721354166666666 0.7143518518518519 0.03697916666666667 0.16203703703703703
0 0.5463541666666667 0.7972222222222223 0.09583333333333334 0.35185185185185186
0 0.2171875 0.6888888888888889 0.016666666666666666 0.08148148148148149
0 0.9166666666666666 0.6574074074074074 0.016666666666666666 0.06481481481481481
0 0.7244791666666667 0.7217592592592592 0.04375 0.175
0 0.25104166666666666 0.6921296296296297 0.016666666666666666 0.07314814814814814
0 0.9528645833333333 0.6523148148148148 0.016145833333333335 0.05092592592592592
0 0.9072916666666667 0.6611111111111111 0.014583333333333334 0.05185185185185185
0 0.8046875 0.6717592592592593 0.020833333333333332 0.06388888888888888
0 0.0140625 0.6935185185185185 0.026041666666666668 0.1259259259259259
