0 0.7705729166666667 0.7138888888888889 0.03697916666666667 0.16111111111111112
0 0.5372395833333333 0.7972222222222223 0.0984375 0.3537037037037037
0 0.2171875 0.6888888888888889 0.016666666666666666 0.08148148148148149
0 0.9190104166666667 0.6578703703703703 0.0171875 0.06574074074074074
0 0.7229166666666667 0.7222222222222222 0.04375 0.17407407407407408
0 0.25286458333333334 0.6930555555555555 0.019270833333333334 0.07314814814814814
0 0.9546875 0.6518518518518519 0.015625 0.05
0 0.9083333333333333 0.6606481481481481 0.014583333333333334 0.05092592592592592
0 0.8067708333333333 0.6717592592592593 0.020833333333333332 0.06388888888888888
0 0.012760416666666666 0.6930555555555555 0.024479166666666666 0.1287037037037037
