0 0.7703125 0.7138888888888889 0.0375 0.16111111111111112
0 0.53125 0.7976851851851852 0.1 0.35462962962962963
0 0.2171875 0.6888888888888889 0.016666666666666666 0.08148148148148149
0 0.91953125 0.6601851851851852 0.0171875 0.06666666666666667
0 0.721875 0.7217592592592592 0.04375 0.17314814814814813
0 0.25364583333333335 0.6930555555555555 0.019791666666666666 0.07314814814814814
0 0.95625 0.6527777777777778 0.015625 0.05
0 0.909375 0.6606481481481481 0.014583333333333334 0.05092592592592592
0 0.8083333333333333 0.6717592592592593 0.020833333333333332 0.06388888888888888
0 0.011458333333333333 0.6925925925925925 0.022916666666666665 0.13148148148148148
