0 0.7682291666666666 0.7138888888888889 0.0375 0.15925925925925927
0 0.5268229166666667 0.799074074074074 0.10052083333333334 0.3574074074074074
0 0.2171875 0.6888888888888889 0.016666666666666666 0.08148148148148149
0 0.9208333333333333 0.6615740740740741 0.017708333333333333 0.06759259259259259
0 0.7205729166666667 0.7208333333333333 0.044270833333333336 0.17314814814814813
0 0.2552083333333333 0.6930555555555555 0.019791666666666666 0.07314814814814814
0 0.95859375 0.6527777777777778 0.015104166666666667 0.05
0 0.9104166666666667 0.6606481481481481 0.014583333333333334 0.05092592592592592
0 0.8104166666666667 0.6717592592592593 0.020833333333333332 0.06388888888888888
0 0.009635416666666667 0.6916666666666667 0.019270833333333334 0.13703703703703704
