0 0.88046875 0.6444444444444445 0.0328125 0.12407407407407407
0 0.7322916666666667 0.638425925925926 0.016666666666666666 0.07314814814814814
0 0.7390625 0.6421296296296296 0.016666666666666666 0.0712962962962963
0 0.24817708333333333 0.6449074074074074 0.0140625 0.05648148148148148
0 0.7177083333333333 0.6458333333333334 0.016666666666666666 0.07314814814814814
0 0.95546875 0.6527777777777778 0.019270833333333334 0.07777777777777778
0 0.30078125 0.6532407407407408 0.0109375 0.05092592592592592
0 0.2671875 0.6453703703703704 0.014583333333333334 0.05555555555555555
0 0.6619791666666667 0.6462962962962963 0.01875 0.09074074074074075
0 0.43359375 0.649074074074074 0.0140625 0.06481481481481481
