0 0.5908854166666667 0.6601851851851852 0.018229166666666668 0.1111111111111111
0 0.5666666666666667 0.6263888888888889 0.010416666666666666 0.03425925925925926
0 0.6763020833333333 0.6166666666666667 0.0109375 0.024074074074074074
0 0.028125 0.649537037037037 0.023958333333333335 0.12129629629629629
0 0.26614583333333336 0.625462962962963 0.011458333333333333 0.05462962962962963
0 0.48359375 0.6296296296296297 0.011979166666666667 0.027777777777777776
0 0.58046875 0.6583333333333333 0.022395833333333334 0.1111111111111111
0 0.628125 0.6203703703703703 0.010416666666666666 0.027777777777777776
0 0.178125 0.6277777777777778 0.010416666666666666 0.044444444444444446
0 0.55859375 0.6263888888888889 0.011979166666666667 0.03981481481481482
0 0.6171875 0.6333333333333333 0.011458333333333333 0.05185185185185185
