0 0.6098958333333333 0.6796296296296296 0.0375 0.13333333333333333
0 0.5697916666666667 0.6328703703703704 0.010416666666666666 0.03425925925925926
0 0.678125 0.6231481481481481 0.010416666666666666 0.025925925925925925
0 0.24791666666666667 0.6361111111111111 0.011458333333333333 0.05555555555555555
0 0.4908854166666667 0.6365740740740741 0.0109375 0.028703703703703703
0 0.6044270833333333 0.6754629629629629 0.0265625 0.13240740740740742
0 0.7231770833333333 0.625462962962963 0.0109375 0.030555555555555555
0 0.6421875 0.6282407407407408 0.010416666666666666 0.030555555555555555
0 0.13697916666666668 0.6342592592592593 0.0125 0.05925925925925926
0 0.56171875 0.6319444444444444 0.011979166666666667 0.03981481481481482
0 0.62734375 0.6370370370370371 0.013020833333333334 0.053703703703703705
