0 0.6072916666666667 0.6782407407407407 0.029166666666666667 0.13055555555555556
0 0.5692708333333333 0.6319444444444444 0.010416666666666666 0.03425925925925926
0 0.6783854166666666 0.6240740740740741 0.0109375 0.025925925925925925
0 0.25 0.6351851851851852 0.011458333333333333 0.05555555555555555
0 0.48854166666666665 0.6375 0.010416666666666666 0.030555555555555555
0 0.6018229166666667 0.6722222222222223 0.025520833333333333 0.13148148148148148
0 0.7216145833333333 0.625462962962963 0.0109375 0.030555555555555555
0 0.6401041666666667 0.6277777777777778 0.010416666666666666 0.02962962962962963
0 0.14322916666666666 0.6351851851851852 0.011458333333333333 0.05740740740740741
0 0.5611979166666666 0.6310185185185185 0.011979166666666667 0.03981481481481482
0 0.6270833333333333 0.6402777777777777 0.0125 0.05648148148148148
