0 0.6109375 0.6800925925925926 0.03958333333333333 0.13425925925925927
0 0.5697916666666667 0.6328703703703704 0.010416666666666666 0.03425925925925926
0 0.6786458333333333 0.625 0.010416666666666666 0.025925925925925925
0 0.24739583333333334 0.6361111111111111 0.011458333333333333 0.05555555555555555
0 0.49192708333333335 0.6365740740740741 0.0109375 0.028703703703703703
0 0.6049479166666667 0.6763888888888889 0.0265625 0.13240740740740742
0 0.7236979166666667 0.625462962962963 0.0109375 0.030555555555555555
0 0.6427083333333333 0.6291666666666667 0.010416666666666666 0.030555555555555555
0 0.13541666666666666 0.6342592592592593 0.0125 0.05925925925925926
0 0.56171875 0.6319444444444444 0.011979166666666667 0.03981481481481482
0 0.628125 0.637962962962963 0.013541666666666667 0.05555555555555555
