0 0.60859375 0.6796296296296296 0.04114583333333333 0.14814814814814814
0 0.5703125 0.6300925925925925 0.010416666666666666 0.03425925925925926
0 0.6794270833333333 0.6217592592592592 0.0109375 0.026851851851851852
0 0.24375 0.637962962962963 0.011458333333333333 0.05555555555555555
0 0.49635416666666665 0.6328703703703704 0.010416666666666666 0.03425925925925926
0 0.6052083333333333 0.6754629629629629 0.03958333333333333 0.14166666666666666
0 0.7263020833333333 0.6231481481481481 0.0109375 0.03333333333333333
0 0.6458333333333334 0.6236111111111111 0.010416666666666666 0.032407407407407406
0 0.12526041666666668 0.6342592592592593 0.0140625 0.06111111111111111
0 0.5622395833333333 0.6300925925925925 0.011979166666666667 0.03981481481481482
0 0.63046875 0.6351851851851852 0.0140625 0.05740740740740741
