0 0.5947916666666667 0.6810185185185185 0.04895833333333333 0.1638888888888889
0 0.5708333333333333 0.6287037037037037 0.010416666666666666 0.03518518518518519
0 0.67890625 0.6231481481481481 0.0109375 0.027777777777777776
0 0.2375 0.637962962962963 0.015625 0.06481481481481481
0 0.5046875 0.6337962962962963 0.010416666666666666 0.03425925925925926
0 0.59140625 0.6768518518518518 0.049479166666666664 0.15555555555555556
0 0.7315104166666667 0.6180555555555556 0.0109375 0.032407407407407406
0 0.6526041666666667 0.6217592592592592 0.010416666666666666 0.032407407407407406
0 0.10859375 0.6388888888888888 0.0140625 0.06111111111111111
0 0.56328125 0.6282407407407408 0.011979166666666667 0.03981481481481482
0 0.6346354166666667 0.6370370370370371 0.0140625 0.05925925925925926
