0 0.5955729166666667 0.6805555555555556 0.0515625 0.16111111111111112
0 0.5713541666666667 0.6282407407407408 0.010416666666666666 0.03611111111111111
0 0.6794270833333333 0.6231481481481481 0.0109375 0.027777777777777776
0 0.23828125 0.637962962962963 0.015104166666666667 0.06296296296296296
0 0.503125 0.6328703703703704 0.010416666666666666 0.032407407407407406
0 0.5953125 0.6754629629629629 0.046875 0.15462962962962962
0 0.7309895833333333 0.6166666666666667 0.0109375 0.03333333333333333
0 0.6515625 0.6208333333333333 0.010416666666666666 0.032407407407407406
0 0.11067708333333333 0.637962962962963 0.0140625 0.06111111111111111
0 0.56328125 0.6282407407407408 0.011979166666666667 0.03981481481481482
0 0.634375 0.6365740740740741 0.013541666666666667 0.058333333333333334
