0 0.5734375 0.6837962962962963 0.040625 0.175
0 0.5713541666666667 0.6305555555555555 0.010416666666666666 0.03518518518518519
0 0.67734375 0.6236111111111111 0.0109375 0.026851851851851852
0 0.23541666666666666 0.6375 0.016666666666666666 0.06759259259259259
0 0.5091145833333334 0.6333333333333333 0.013020833333333334 0.03518518518518519
0 0.5713541666666667 0.6800925925925926 0.04479166666666667 0.16574074074074074
0 0.73359375 0.6208333333333333 0.0109375 0.03611111111111111
0 0.6567708333333333 0.6236111111111111 0.010416666666666666 0.03425925925925926
0 0.09869791666666666 0.6425925925925926 0.0140625 0.06111111111111111
0 0.5643229166666667 0.6291666666666667 0.011979166666666667 0.03981481481481482
0 0.6359375 0.6375 0.016666666666666666 0.058333333333333334
