0 0.5463541666666667 0.6907407407407408 0.046875 0.18888888888888888
0 0.5713541666666667 0.6328703703703704 0.010416666666666666 0.03611111111111111
0 0.6763020833333333 0.6287037037037037 0.0109375 0.025925925925925925
0 0.234375 0.638425925925926 0.016666666666666666 0.06759259259259259
0 0.5161458333333333 0.6337962962962963 0.010416666666666666 0.032407407407407406
0 0.5463541666666667 0.6861111111111111 0.04375 0.17407407407407408
0 0.7361979166666667 0.6217592592592592 0.0109375 0.03425925925925926
0 0.6619791666666667 0.6263888888888889 0.010416666666666666 0.032407407407407406
0 0.08411458333333334 0.6407407407407407 0.0140625 0.06111111111111111
0 0.5653645833333333 0.6310185185185185 0.011979166666666667 0.03981481481481482
0 0.6359375 0.6393518518518518 0.014583333333333334 0.058333333333333334
