0 0.5177083333333333 0.6907407407407408 0.04583333333333333 0.1962962962962963
0 0.5713541666666667 0.6324074074074074 0.010416666666666666 0.03518518518518519
0 0.6747395833333333 0.6268518518518519 0.0109375 0.027777777777777776
0 0.2296875 0.6412037037037037 0.016666666666666666 0.06759259259259259
0 0.5221354166666666 0.6365740740740741 0.0109375 0.03425925925925926
0 0.51328125 0.6884259259259259 0.06197916666666667 0.18425925925925926
0 0.7393229166666667 0.6217592592592592 0.0109375 0.032407407407407406
0 0.665625 0.6273148148148148 0.010416666666666666 0.03425925925925926
0 0.06979166666666667 0.6421296296296296 0.014583333333333334 0.06574074074074074
0 0.56484375 0.6328703703703704 0.011979166666666667 0.03981481481481482
0 0.6369791666666667 0.6416666666666667 0.016666666666666666 0.05555555555555555
