0 0.5333333333333333 0.6907407407407408 0.05416666666666667 0.19074074074074074
0 0.5713541666666667 0.6319444444444444 0.010416666666666666 0.03611111111111111
0 0.6752604166666667 0.625 0.0109375 0.025925925925925925
0 0.23177083333333334 0.6402777777777777 0.016666666666666666 0.06759259259259259
0 0.5192708333333333 0.6342592592592593 0.010416666666666666 0.03333333333333333
0 0.52734375 0.687962962962963 0.0484375 0.17592592592592593
0 0.73828125 0.6208333333333333 0.0109375 0.032407407407407406
0 0.6635416666666667 0.6263888888888889 0.010416666666666666 0.032407407407407406
0 0.07734375 0.6388888888888888 0.0140625 0.06111111111111111
0 0.5653645833333333 0.6319444444444444 0.011979166666666667 0.03981481481481482
0 0.6364583333333333 0.6388888888888888 0.015625 0.05740740740740741
