0 0.49765625 0.6949074074074074 0.05364583333333333 0.20462962962962963
0 0.5713541666666667 0.6361111111111111 0.010416666666666666 0.03518518518518519
0 0.6723958333333333 0.6282407407407408 0.010416666666666666 0.028703703703703703
0 0.228125 0.6421296296296296 0.016666666666666666 0.06759259259259259
0 0.52421875 0.638425925925926 0.0109375 0.03425925925925926
0 0.49765625 0.6912037037037037 0.043229166666666666 0.19537037037037036
0 0.7395833333333334 0.6236111111111111 0.010416666666666666 0.032407407407407406
0 0.6677083333333333 0.6277777777777778 0.010416666666666666 0.03333333333333333
0 0.0625 0.6449074074074074 0.015625 0.0712962962962963
0 0.56484375 0.6347222222222222 0.011979166666666667 0.03981481481481482
0 0.6377604166666667 0.6425925925925926 0.016145833333333335 0.05925925925925926
