0 0.44505208333333335 0.7050925925925926 0.0546875 0.21944444444444444
0 0.5713541666666667 0.6356481481481482 0.010416666666666666 0.03425925925925926
0 0.6697916666666667 0.6300925925925925 0.010416666666666666 0.030555555555555555
0 0.22760416666666666 0.6430555555555556 0.016666666666666666 0.06759259259259259
0 0.5330729166666667 0.6402777777777777 0.0109375 0.03796296296296296
0 0.45 0.6986111111111111 0.052083333333333336 0.20462962962962963
0 0.7421875 0.624537037037037 0.010416666666666666 0.032407407407407406
0 0.6744791666666666 0.6273148148148148 0.010416666666666666 0.032407407407407406
0 0.043229166666666666 0.6439814814814815 0.017708333333333333 0.08796296296296297
0 0.5643229166666667 0.6365740740740741 0.011979166666666667 0.03981481481481482
0 0.6393229166666666 0.6435185185185185 0.015104166666666667 0.06111111111111111
