0 0.44088541666666664 0.7064814814814815 0.06197916666666667 0.22037037037037038
0 0.5713541666666667 0.6356481481481482 0.010416666666666666 0.03425925925925926
0 0.6697916666666667 0.6300925925925925 0.010416666666666666 0.030555555555555555
0 0.22760416666666666 0.6430555555555556 0.016666666666666666 0.06759259259259259
0 0.5338541666666666 0.6402777777777777 0.011458333333333333 0.03796296296296296
0 0.4453125 0.6981481481481482 0.04895833333333333 0.2074074074074074
0 0.7427083333333333 0.624537037037037 0.010416666666666666 0.032407407407407406
0 0.675 0.6282407407407408 0.010416666666666666 0.032407407407407406
0 0.041666666666666664 0.6425925925925926 0.017708333333333333 0.08888888888888889
0 0.5643229166666667 0.6365740740740741 0.011979166666666667 0.03981481481481482
0 0.6393229166666666 0.6435185185185185 0.015104166666666667 0.06111111111111111
