0 0.33151041666666664 0.7134259259259259 0.0515625 0.25092592592592594
0 0.5708333333333333 0.6421296296296296 0.010416666666666666 0.03425925925925926
0 0.6677083333333333 0.6356481481481482 0.010416666666666666 0.032407407407407406
0 0.2234375 0.6532407407407408 0.016666666666666666 0.06759259259259259
0 0.5494791666666666 0.6449074074074074 0.013541666666666667 0.03796296296296296
0 0.3489583333333333 0.712037037037037 0.08020833333333334 0.22777777777777777
0 0.7484375 0.6268518518518519 0.010416666666666666 0.03518518518518519
0 0.6875 0.6305555555555555 0.010416666666666666 0.03518518518518519
0 0.0078125 0.6537037037037037 0.015625 0.10555555555555556
0 0.5627604166666667 0.6421296296296296 0.011979166666666667 0.03981481481481482
0 0.6424479166666667 0.6458333333333334 0.015104166666666667 0.058333333333333334
