0 0.35911458333333335 0.7189814814814814 0.07239583333333334 0.2490740740740741
0 0.571875 0.6430555555555556 0.010416666666666666 0.03425925925925926
0 0.6682291666666667 0.6356481481481482 0.010416666666666666 0.032407407407407406
0 0.225 0.6513888888888889 0.016666666666666666 0.06759259259259259
0 0.5463541666666667 0.6435185185185185 0.013541666666666667 0.037037037037037035
0 0.365625 0.7087962962962963 0.06458333333333334 0.225
0 0.7473958333333334 0.6277777777777778 0.010416666666666666 0.037037037037037035
0 0.6848958333333334 0.6324074074074074 0.010416666666666666 0.03518518518518519
0 0.01328125 0.65 0.0171875 0.1037037037037037
0 0.5638020833333334 0.6430555555555556 0.011979166666666667 0.03981481481481482
0 0.64140625 0.6472222222222223 0.015104166666666667 0.05925925925925926
