0 0.3697916666666667 0.7194444444444444 0.07291666666666667 0.24814814814814815
0 0.5723958333333333 0.6449074074074074 0.010416666666666666 0.03425925925925926
0 0.6682291666666667 0.6361111111111111 0.010416666666666666 0.03148148148148148
0 0.22552083333333334 0.6504629629629629 0.016666666666666666 0.06759259259259259
0 0.54453125 0.6435185185185185 0.013020833333333334 0.037037037037037035
0 0.375 0.7083333333333334 0.06041666666666667 0.22407407407407406
0 0.746875 0.6287037037037037 0.010416666666666666 0.037037037037037035
0 0.6838541666666667 0.6347222222222222 0.010416666666666666 0.03611111111111111
0 0.016666666666666666 0.6486111111111111 0.017708333333333333 0.10277777777777777
0 0.5643229166666667 0.6430555555555556 0.011979166666666667 0.03981481481481482
0 0.6419270833333334 0.6486111111111111 0.015104166666666667 0.058333333333333334
