0 0.290625 0.7310185185185185 0.08125 0.2824074074074074
0 0.5723958333333333 0.6458333333333334 0.010416666666666666 0.03425925925925926
0 0.6666666666666666 0.6375 0.010416666666666666 0.032407407407407406
0 0.22135416666666666 0.6550925925925926 0.016666666666666666 0.06759259259259259
0 0.5549479166666667 0.6472222222222223 0.0140625 0.03888888888888889
0 0.3067708333333333 0.7194444444444444 0.0625 0.25
0 0.7518229166666667 0.6296296296296297 0.0109375 0.03333333333333333
0 0.6921875 0.6361111111111111 0.010416666666666666 0.037037037037037035
0 0.5658854166666667 0.6421296296296296 0.011979166666666667 0.03981481481481482
0 0.64296875 0.6504629629629629 0.0140625 0.058333333333333334
