0 0.16614583333333333 0.6796296296296296 0.028125 0.11296296296296296
0 0.6640625 0.6550925925925926 0.013541666666666667 0.05277777777777778
0 0.06510416666666667 0.662962962962963 0.027083333333333334 0.13148148148148148
0 0.8424479166666666 0.6365740740740741 0.015104166666666667 0.06018518518518518
0 0.19192708333333333 0.6953703703703704 0.024479166666666666 0.08888888888888889
0 0.5481770833333334 0.6680555555555555 0.019270833333333334 0.09351851851851851
0 0.65390625 0.6550925925925926 0.013020833333333334 0.04351851851851852
0 0.60234375 0.6671296296296296 0.016145833333333335 0.06388888888888888
0 0.7013020833333333 0.6791666666666667 0.04114583333333333 0.13055555555555556
0 0.6098958333333333 0.6967592592592593 0.052083333333333336 0.17685185185185184
0 0.10416666666666667 0.6523148148148148 0.016666666666666666 0.06574074074074074
0 0.6546875 0.6685185185185185 0.017708333333333333 0.06666666666666667
0 0.7 0.6842592592592592 0.03854166666666667 0.13148148148148148
0 0.7479166666666667 0.6736111111111112 0.023958333333333335 0.10277777777777777
