0 0.17265625 0.6773148148148148 0.027604166666666666 0.11203703703703703
0 0.6625 0.6546296296296297 0.013541666666666667 0.05
0 0.071875 0.6648148148148149 0.027083333333333334 0.12962962962962962
0 0.83828125 0.6347222222222222 0.015104166666666667 0.06018518518518518
0 0.19739583333333333 0.6967592592592593 0.023958333333333335 0.08796296296296297
0 0.55078125 0.6685185185185185 0.024479166666666666 0.09074074074074075
0 0.65234375 0.6550925925925926 0.013020833333333334 0.04351851851851852
0 0.60078125 0.6657407407407407 0.016145833333333335 0.06296296296296296
0 0.6942708333333333 0.6787037037037037 0.04375 0.1259259259259259
0 0.60234375 0.6939814814814815 0.050520833333333334 0.1712962962962963
0 0.10572916666666667 0.6550925925925926 0.015625 0.06574074074074074
0 0.6528645833333333 0.6666666666666666 0.0171875 0.06666666666666667
0 0.6924479166666667 0.6824074074074075 0.033854166666666664 0.12777777777777777
0 0.7481770833333333 0.6708333333333333 0.028645833333333332 0.10092592592592593
