0 0.05911458333333333 0.6712962962962963 0.030729166666666665 0.14074074074074075
0 0.6911458333333333 0.6513888888888889 0.017708333333333333 0.05277777777777778
0 0.7864583333333334 0.6537037037037037 0.01875 0.07592592592592592
0 0.9145833333333333 0.6435185185185185 0.020833333333333332 0.08703703703703704
0 0.09114583333333333 0.6884259259259259 0.023958333333333335 0.09907407407407408
0 0.3575520833333333 0.6467592592592593 0.013020833333333334 0.04351851851851852
0 0.67109375 0.6541666666666667 0.013020833333333334 0.06018518518518518
0 0.5197916666666667 0.6689814814814815 0.025 0.09537037037037037
0 0.68203125 0.6550925925925926 0.0109375 0.049074074074074076
0 0.6252604166666667 0.6652777777777777 0.0171875 0.06944444444444445
0 0.8346354166666666 0.6800925925925926 0.030729166666666665 0.16944444444444445
0 0.7658854166666667 0.7231481481481481 0.07760416666666667 0.2722222222222222
0 0.08958333333333333 0.6481481481481481 0.01875 0.06851851851851852
0 0.6869791666666667 0.6703703703703704 0.019791666666666666 0.07592592592592592
0 0.8302083333333333 0.6898148148148148 0.03333333333333333 0.16296296296296298
0 0.7713541666666667 0.6842592592592592 0.022916666666666665 0.12962962962962962
