0 0.023177083333333334 0.6638888888888889 0.0265625 0.1388888888888889
0 0.6989583333333333 0.6481481481481481 0.017708333333333333 0.05185185185185185
0 0.7984375 0.6481481481481481 0.01875 0.07592592592592592
0 0.9385416666666667 0.6425925925925926 0.021875 0.09074074074074075
0 0.04765625 0.6819444444444445 0.025520833333333333 0.10833333333333334
0 0.35494791666666664 0.6421296296296296 0.013020833333333334 0.04351851851851852
0 0.6794270833333333 0.6513888888888889 0.013020833333333334 0.06018518518518518
0 0.5015625 0.6652777777777777 0.025 0.09537037037037037
0 0.6861979166666666 0.6523148148148148 0.011979166666666667 0.05092592592592592
0 0.6328125 0.663425925925926 0.01875 0.07685185185185185
0 0.8911458333333333 0.6796296296296296 0.04895833333333333 0.17592592592592593
0 0.8510416666666667 0.7379629629629629 0.07708333333333334 0.3277777777777778
0 0.08567708333333333 0.6453703703703704 0.0203125 0.07037037037037037
0 0.6984375 0.6689814814814815 0.019791666666666666 0.08055555555555556
0 0.8861979166666667 0.6837962962962963 0.04739583333333333 0.1638888888888889
0 0.7744791666666667 0.6875 0.03958333333333333 0.14351851851851852
