0 0.7046875 0.6574074074074074 0.017708333333333333 0.05925925925925926
0 0.80234375 0.6569444444444444 0.019270833333333334 0.07685185185185185
0 0.9557291666666666 0.6421296296296296 0.021875 0.09166666666666666
0 0.01484375 0.6875 0.0265625 0.11574074074074074
0 0.35182291666666665 0.6550925925925926 0.013020833333333334 0.049074074074074076
0 0.68359375 0.6578703703703703 0.013020833333333334 0.06018518518518518
0 0.48541666666666666 0.663425925925926 0.025 0.09537037037037037
0 0.6921875 0.6564814814814814 0.013541666666666667 0.04814814814814815
0 0.6364583333333333 0.6712962962962963 0.019791666666666666 0.07962962962962963
0 0.9299479166666667 0.6824074074074075 0.05260416666666667 0.18333333333333332
0 0.9364583333333333 0.7611111111111111 0.09479166666666666 0.38333333333333336
0 0.08229166666666667 0.649074074074074 0.021875 0.07222222222222222
0 0.7072916666666667 0.674074074074074 0.019791666666666666 0.08148148148148149
0 0.9223958333333333 0.687962962962963 0.04583333333333333 0.17222222222222222
0 0.7838541666666666 0.7018518518518518 0.0375 0.1537037037037037
