0 0.70625 0.6620370370370371 0.017708333333333333 0.06111111111111111
0 0.8046875 0.6592592592592592 0.019791666666666666 0.07777777777777778
0 0.9630208333333333 0.6412037037037037 0.021875 0.09166666666666666
0 0.00859375 0.6893518518518519 0.0171875 0.11574074074074074
0 0.3497395833333333 0.6597222222222222 0.013020833333333334 0.05092592592592592
0 0.6856770833333333 0.6615740740740741 0.013020833333333334 0.06018518518518518
0 0.4783854166666667 0.6638888888888889 0.025520833333333333 0.0962962962962963
0 0.6947916666666667 0.6606481481481481 0.013541666666666667 0.049074074074074076
0 0.6380208333333334 0.674074074074074 0.019791666666666666 0.08148148148148149
0 0.94609375 0.6842592592592592 0.05260416666666667 0.18703703703703703
0 0.9604166666666667 0.7638888888888888 0.078125 0.3851851851851852
0 0.08072916666666667 0.6532407407407408 0.022916666666666665 0.075
0 0.7104166666666667 0.6768518518518518 0.019791666666666666 0.08148148148148149
0 0.93828125 0.6898148148148148 0.044270833333333336 0.17777777777777778
0 0.7875 0.7023148148148148 0.03125 0.15833333333333333
