0 0.7052083333333333 0.6601851851851852 0.017708333333333333 0.06111111111111111
0 0.803125 0.6574074074074074 0.019791666666666666 0.07777777777777778
0 0.9578125 0.6421296296296296 0.021875 0.09166666666666666
0 0.013802083333333333 0.6884259259259259 0.0265625 0.11574074074074074
0 0.35130208333333335 0.6564814814814814 0.013020833333333334 0.05
0 0.6841145833333333 0.6597222222222222 0.013020833333333334 0.06018518518518518
0 0.4830729166666667 0.663425925925926 0.025520833333333333 0.09537037037037037
0 0.6932291666666667 0.6583333333333333 0.013541666666666667 0.04814814814814815
0 0.6369791666666667 0.6726851851851852 0.019791666666666666 0.08055555555555556
0 0.93515625 0.6833333333333333 0.05260416666666667 0.18518518518518517
0 0.94921875 0.762962962962963 0.0984375 0.387037037037037
0 0.08177083333333333 0.6504629629629629 0.021875 0.07314814814814814
0 0.7083333333333334 0.675 0.019791666666666666 0.08148148148148149
0 0.928125 0.6884259259259259 0.04583333333333333 0.17314814814814813
0 0.7848958333333333 0.7018518518518518 0.035416666666666666 0.15555555555555556
