0 0.7114583333333333 0.6648148148148149 0.017708333333333333 0.06111111111111111
0 0.8127604166666667 0.6601851851851852 0.021354166666666667 0.07962962962962963
0 0.9869791666666666 0.6412037037037037 0.021875 0.09166666666666666
0 0.34453125 0.6643518518518519 0.013020833333333334 0.05092592592592592
0 0.6924479166666667 0.6671296296296296 0.013020833333333334 0.06018518518518518
0 0.45651041666666664 0.6703703703703704 0.028645833333333332 0.10555555555555556
0 0.7033854166666667 0.6666666666666666 0.0140625 0.05555555555555555
0 0.6453125 0.6810185185185185 0.020833333333333332 0.08611111111111111
0 0.07734375 0.6620370370370371 0.025520833333333333 0.08148148148148149
0 0.7197916666666667 0.6888888888888889 0.019791666666666666 0.08148148148148149
0 0.7971354166666667 0.7157407407407408 0.0359375 0.17407407407407408
