0 0.7083333333333334 0.6648148148148149 0.017708333333333333 0.06111111111111111
0 0.809375 0.6615740740740741 0.020833333333333332 0.0787037037037037
0 0.9776041666666667 0.6412037037037037 0.021875 0.09166666666666666
0 0.34661458333333334 0.6643518518518519 0.013020833333333334 0.05092592592592592
0 0.6903645833333333 0.6671296296296296 0.013020833333333334 0.06018518518518518
0 0.46510416666666665 0.6675925925925926 0.027083333333333334 0.10185185185185185
0 0.7002604166666667 0.6657407407407407 0.0140625 0.053703703703703705
0 0.6427083333333333 0.6800925925925926 0.020833333333333332 0.08425925925925926
0 0.97734375 0.6912037037037037 0.044270833333333336 0.19722222222222222
0 0.07838541666666667 0.6597222222222222 0.024479166666666666 0.0787037037037037
0 0.7161458333333334 0.6842592592592592 0.019791666666666666 0.08148148148148149
0 0.9716145833333333 0.6972222222222222 0.03802083333333333 0.1925925925925926
0 0.7927083333333333 0.7097222222222223 0.03333333333333333 0.1675925925925926
