0 0.7208333333333333 0.6481481481481481 0.017708333333333333 0.06111111111111111
0 0.8213541666666667 0.6481481481481481 0.022916666666666665 0.08148148148148149
0 0.33828125 0.6486111111111111 0.013020833333333334 0.05092592592592592
0 0.6989583333333333 0.6527777777777778 0.016666666666666666 0.06481481481481481
0 0.43515625 0.6648148148148149 0.0328125 0.11851851851851852
0 0.7091145833333333 0.6537037037037037 0.0140625 0.05555555555555555
0 0.6515625 0.6666666666666666 0.022916666666666665 0.09074074074074075
0 0.07317708333333334 0.649537037037037 0.025520833333333333 0.08425925925925926
0 0.7307291666666667 0.6759259259259259 0.019791666666666666 0.08148148148148149
0 0.8122395833333333 0.7055555555555556 0.04114583333333333 0.19814814814814816
