0 0.715625 0.6620370370370371 0.017708333333333333 0.06111111111111111
0 0.81640625 0.6560185185185186 0.022395833333333334 0.08055555555555556
0 0.9919270833333333 0.637962962962963 0.011979166666666667 0.08518518518518518
0 0.3419270833333333 0.6597222222222222 0.013020833333333334 0.05092592592592592
0 0.6950520833333333 0.6606481481481481 0.015104166666666667 0.062037037037037036
0 0.4479166666666667 0.6708333333333333 0.030208333333333334 0.11018518518518519
0 0.70546875 0.6620370370370371 0.0140625 0.05555555555555555
0 0.6486979166666667 0.6768518518518518 0.021354166666666667 0.08703703703703704
0 0.07604166666666666 0.6583333333333333 0.026041666666666668 0.08333333333333333
0 0.7239583333333334 0.6833333333333333 0.019791666666666666 0.08148148148148149
0 0.8046875 0.7125 0.035416666666666666 0.1787037037037037
