0 0.7234375 0.6462962962962963 0.017708333333333333 0.06111111111111111
0 0.82421875 0.6467592592592593 0.0234375 0.0824074074074074
0 0.33619791666666665 0.6467592592592593 0.013020833333333334 0.05092592592592592
0 0.7010416666666667 0.6504629629629629 0.016666666666666666 0.06574074074074074
0 0.42630208333333336 0.6625 0.034895833333333334 0.125
0 0.7122395833333334 0.649074074074074 0.0140625 0.05555555555555555
0 0.6528645833333333 0.6648148148148149 0.024479166666666666 0.09259259259259259
0 0.07083333333333333 0.6481481481481481 0.025 0.08518518518518518
0 0.7346354166666667 0.6759259259259259 0.0203125 0.08333333333333333
0 0.8158854166666667 0.7087962962962963 0.049479166666666664 0.20462962962962963
