0 0.7265625 0.6472222222222223 0.017708333333333333 0.06111111111111111
0 0.82734375 0.6453703703703704 0.0234375 0.08333333333333333
0 0.3341145833333333 0.6467592592592593 0.013020833333333334 0.05092592592592592
0 0.7036458333333333 0.649074074074074 0.016666666666666666 0.06666666666666667
0 0.41640625 0.6643518518518519 0.03697916666666667 0.13055555555555556
0 0.7143229166666667 0.6481481481481481 0.0140625 0.05555555555555555
0 0.6588541666666666 0.6652777777777777 0.025 0.09351851851851851
0 0.06770833333333333 0.6509259259259259 0.025 0.08518518518518518
0 0.7388020833333333 0.6759259259259259 0.021354166666666667 0.08518518518518518
0 0.8231770833333333 0.7162037037037037 0.0515625 0.2175925925925926
