0 0.7322916666666667 0.6472222222222223 0.017708333333333333 0.06111111111111111
0 0.8325520833333333 0.6439814814814815 0.0234375 0.08611111111111111
0 0.33046875 0.6467592592592593 0.013020833333333334 0.05092592592592592
0 0.7083333333333334 0.6513888888888889 0.016666666666666666 0.06759259259259259
0 0.3932291666666667 0.6722222222222223 0.040625 0.1425925925925926
0 0.7200520833333334 0.6453703703703704 0.0140625 0.05555555555555555
0 0.6630208333333333 0.6662037037037037 0.026041666666666668 0.09351851851851851
0 0.0671875 0.6564814814814814 0.025 0.08703703703703704
0 0.7484375 0.6726851851851852 0.022916666666666665 0.08796296296296297
0 0.8401041666666667 0.7208333333333333 0.04895833333333333 0.23796296296296296
