0 0.7291666666666666 0.6472222222222223 0.017708333333333333 0.06111111111111111
0 0.8299479166666667 0.6444444444444445 0.0234375 0.08518518518518518
0 0.33203125 0.6467592592592593 0.013020833333333334 0.05092592592592592
0 0.70625 0.649537037037037 0.016666666666666666 0.06759259259259259
0 0.4046875 0.6680555555555555 0.03854166666666667 0.1361111111111111
0 0.7169270833333333 0.6472222222222223 0.0140625 0.05555555555555555
0 0.6611979166666667 0.6652777777777777 0.025520833333333333 0.09351851851851851
0 0.06614583333333333 0.6541666666666667 0.025 0.08611111111111111
0 0.74375 0.675 0.021875 0.08703703703703704
0 0.8330729166666667 0.7226851851851852 0.050520833333333334 0.22685185185185186
