0 0.7432291666666667 0.6504629629629629 0.016666666666666666 0.06388888888888888
0 0.8416666666666667 0.65 0.023958333333333335 0.09074074074074075
0 0.3216145833333333 0.6569444444444444 0.013020833333333334 0.05092592592592592
0 0.71875 0.6550925925925926 0.016666666666666666 0.06759259259259259
0 0.35390625 0.6796296296296296 0.04010416666666667 0.1537037037037037
0 0.7299479166666667 0.6527777777777778 0.0140625 0.06111111111111111
0 0.67109375 0.6726851851851852 0.0265625 0.09351851851851851
0 0.0734375 0.6625 0.025 0.09351851851851851
0 0.7625 0.6768518518518518 0.022916666666666665 0.09814814814814815
0 0.8619791666666666 0.7379629629629629 0.05520833333333333 0.28888888888888886
