0 0.7473958333333334 0.6523148148148148 0.016666666666666666 0.06574074074074074
0 0.8427083333333333 0.6546296296296297 0.023958333333333335 0.09074074074074075
0 0.31953125 0.6569444444444444 0.013020833333333334 0.05092592592592592
0 0.72109375 0.6564814814814814 0.0171875 0.06851851851851852
0 0.3411458333333333 0.6833333333333333 0.041666666666666664 0.15925925925925927
0 0.7325520833333333 0.6537037037037037 0.0140625 0.06111111111111111
0 0.6731770833333334 0.6754629629629629 0.0265625 0.09537037037037037
0 0.07838541666666667 0.663425925925926 0.030729166666666665 0.09166666666666666
0 0.7669270833333334 0.6782407407407407 0.0234375 0.09907407407407408
0 0.85859375 0.7439814814814815 0.07447916666666667 0.2935185185185185
