0 0.74375 0.6509259259259259 0.016666666666666666 0.06481481481481481
0 0.8416666666666667 0.6509259259259259 0.023958333333333335 0.09074074074074075
0 0.32109375 0.6569444444444444 0.013020833333333334 0.05092592592592592
0 0.7192708333333333 0.6560185185185186 0.016666666666666666 0.06759259259259259
0 0.35182291666666665 0.6800925925925926 0.04010416666666667 0.15462962962962962
0 0.7299479166666667 0.6527777777777778 0.0140625 0.06111111111111111
0 0.67109375 0.674074074074074 0.0265625 0.09444444444444444
0 0.07369791666666667 0.6625 0.025520833333333333 0.09351851851851851
0 0.7630208333333334 0.6768518518518518 0.022916666666666665 0.09814814814814815
0 0.8619791666666666 0.7375 0.05625 0.2935185185185185
