0 0.7505208333333333 0.6523148148148148 0.016666666666666666 0.06574074074074074
0 0.8432291666666667 0.6555555555555556 0.023958333333333335 0.09074074074074075
0 0.31692708333333336 0.6583333333333333 0.013020833333333334 0.053703703703703705
0 0.7263020833333333 0.6560185185185186 0.018229166666666668 0.06944444444444445
0 0.32057291666666665 0.6847222222222222 0.03802083333333333 0.16018518518518518
0 0.7361979166666667 0.6537037037037037 0.0140625 0.06111111111111111
0 0.6755208333333333 0.6768518518518518 0.027083333333333334 0.09814814814814815
0 0.08333333333333333 0.6699074074074074 0.027083333333333334 0.09722222222222222
0 0.7713541666666667 0.6791666666666667 0.023958333333333335 0.09907407407407408
0 0.8596354166666667 0.7578703703703704 0.07239583333333334 0.30462962962962964
