0 0.7510416666666667 0.6523148148148148 0.016666666666666666 0.06574074074074074
0 0.8432291666666667 0.6555555555555556 0.023958333333333335 0.09074074074074075
0 0.31666666666666665 0.6578703703703703 0.013541666666666667 0.05462962962962963
0 0.72734375 0.6560185185185186 0.018229166666666668 0.06944444444444445
0 0.3145833333333333 0.6842592592592592 0.034375 0.15925925925925927
0 0.73671875 0.6537037037037037 0.0140625 0.06111111111111111
0 0.6763020833333333 0.6773148148148148 0.027604166666666666 0.09907407407407408
0 0.08385416666666666 0.6689814814814815 0.029166666666666667 0.09722222222222222
0 0.7723958333333333 0.6800925925925926 0.023958333333333335 0.09907407407407408
0 0.8606770833333334 0.7592592592592593 0.0703125 0.3111111111111111
