0 0.7515625 0.6513888888888889 0.016666666666666666 0.06574074074074074
0 0.8432291666666667 0.6555555555555556 0.023958333333333335 0.09074074074074075
0 0.31614583333333335 0.6578703703703703 0.013541666666666667 0.05462962962962963
0 0.7291666666666666 0.6555555555555556 0.01875 0.07037037037037037
0 0.31015625 0.6842592592592592 0.033854166666666664 0.15925925925925927
0 0.7377604166666667 0.6537037037037037 0.0140625 0.06111111111111111
0 0.6763020833333333 0.6759259259259259 0.027604166666666666 0.1
0 0.08463541666666667 0.6675925925925926 0.0328125 0.09814814814814815
0 0.7731770833333333 0.6800925925925926 0.022395833333333334 0.09907407407407408
0 0.8598958333333333 0.7587962962962963 0.06770833333333333 0.3175925925925926
