0 0.7583333333333333 0.6560185185185186 0.017708333333333333 0.07314814814814814
0 0.8299479166666667 0.649074074074074 0.019270833333333334 0.09074074074074075
0 0.2947916666666667 0.6652777777777777 0.016666666666666666 0.06018518518518518
0 0.3098958333333333 0.6666666666666666 0.013541666666666667 0.05740740740740741
0 0.7322916666666667 0.6587962962962963 0.01875 0.075
0 0.24140625 0.6861111111111111 0.03697916666666667 0.15555555555555556
0 0.7447916666666666 0.6555555555555556 0.01875 0.06296296296296296
0 0.67890625 0.6796296296296296 0.028645833333333332 0.1037037037037037
0 0.14036458333333332 0.674537037037037 0.0265625 0.09907407407407408
0 0.7755208333333333 0.6828703703703703 0.023958333333333335 0.09907407407407408
0 0.6278645833333333 0.7722222222222223 0.11197916666666667 0.3907407407407407
