0 0.7583333333333333 0.6569444444444444 0.017708333333333333 0.07314814814814814
0 0.8322916666666667 0.6486111111111111 0.017708333333333333 0.08611111111111111
0 0.2953125 0.6643518518518519 0.016666666666666666 0.06018518518518518
0 0.3098958333333333 0.6648148148148149 0.013541666666666667 0.05740740740740741
0 0.7322916666666667 0.6597222222222222 0.01875 0.075
0 0.2515625 0.6828703703703703 0.03333333333333333 0.16203703703703703
0 0.7442708333333333 0.6546296296296297 0.01875 0.06296296296296296
0 0.6783854166666666 0.6787037037037037 0.027604166666666666 0.1037037037037037
0 0.12994791666666666 0.674537037037037 0.0265625 0.09907407407407408
0 0.7755208333333333 0.6828703703703703 0.023958333333333335 0.09907407407407408
0 0.6731770833333334 0.7657407407407407 0.08802083333333334 0.39814814814814814
