0 0.7583333333333333 0.6560185185185186 0.017708333333333333 0.07314814814814814
0 0.8309895833333333 0.649074074074074 0.018229166666666668 0.08888888888888889
0 0.2947916666666667 0.6643518518518519 0.016666666666666666 0.06018518518518518
0 0.3098958333333333 0.6666666666666666 0.013541666666666667 0.05740740740740741
0 0.7322916666666667 0.6587962962962963 0.01875 0.075
0 0.24479166666666666 0.6847222222222222 0.035416666666666666 0.15833333333333333
0 0.7447916666666666 0.6546296296296297 0.01875 0.06296296296296296
0 0.67890625 0.6796296296296296 0.028645833333333332 0.1037037037037037
0 0.13567708333333334 0.674537037037037 0.0265625 0.09907407407407408
0 0.7755208333333333 0.6828703703703703 0.023958333333333335 0.09907407407407408
0 0.6375 0.7694444444444445 0.13958333333333334 0.387037037037037
