0 0.7609375 0.6550925925925926 0.017708333333333333 0.07314814814814814
0 0.8205729166666667 0.65 0.022395833333333334 0.08518518518518518
0 0.2916666666666667 0.663425925925926 0.01875 0.06388888888888888
0 0.30833333333333335 0.6620370370370371 0.013541666666666667 0.05740740740740741
0 0.7359375 0.6569444444444444 0.01875 0.075
0 0.21979166666666666 0.6833333333333333 0.035416666666666666 0.15
0 0.746875 0.6564814814814814 0.01875 0.06296296296296296
0 0.67890625 0.6796296296296296 0.028645833333333332 0.1037037037037037
0 0.16536458333333334 0.674537037037037 0.0265625 0.09907407407407408
0 0.7755208333333333 0.6828703703703703 0.023958333333333335 0.09907407407407408
0 0.47578125 0.7787037037037037 0.09322916666666667 0.4
