0 0.6494791666666667 0.6782407407407407 0.022916666666666665 0.10092592592592593
0 0.7645833333333333 0.6560185185185186 0.017708333333333333 0.07314814814814814
0 0.8135416666666667 0.65 0.020833333333333332 0.07962962962962963
0 0.2916666666666667 0.663425925925926 0.01875 0.06388888888888888
0 0.3072916666666667 0.6662037037037037 0.015625 0.058333333333333334
0 0.7369791666666666 0.6569444444444444 0.01875 0.075
0 0.1984375 0.6833333333333333 0.03125 0.14814814814814814
0 0.7510416666666667 0.6564814814814814 0.01875 0.06296296296296296
0 0.6783854166666666 0.6796296296296296 0.028645833333333332 0.1037037037037037
0 0.18307291666666667 0.675 0.027604166666666666 0.0962962962962963
0 0.7755208333333333 0.6828703703703703 0.023958333333333335 0.09907407407407408
0 0.33359375 0.7800925925925926 0.1015625 0.4101851851851852
