0 0.675 0.5287037037037037 0.036458333333333336 0.19444444444444445
0 0.7244791666666667 0.48657407407407405 0.030208333333333334 0.1287037037037037
0 0.6979166666666666 0.48842592592592593 0.025 0.12685185185185185
0 0.19479166666666667 0.4810185185185185 0.0125 0.04537037037037037
0 0.25859375 0.47314814814814815 0.011979166666666667 0.03518518518518519
0 0.2375 0.47638888888888886 0.010416666666666666 0.03796296296296296
0 0.85390625 0.4861111111111111 0.027604166666666666 0.12962962962962962
0 0.64296875 0.4689814814814815 0.019270833333333334 0.07685185185185185
0 0.7518229166666667 0.48657407407407405 0.024479166666666666 0.125
0 0.23098958333333333 0.47685185185185186 0.011979166666666667 0.04814814814814815
0 0.19895833333333332 0.47962962962962963 0.011458333333333333 0.04259259259259259
0 0.6151041666666667 0.4638888888888889 0.01875 0.05740740740740741
0 0.10859375 0.49212962962962964 0.015104166666666667 0.06759259259259259
0 0.875 0.4828703703703704 0.028125 0.11944444444444445
