0 0.6671875 0.5222222222222223 0.034375 0.19074074074074074
0 0.715625 0.47962962962962963 0.029166666666666667 0.12777777777777777
0 0.6903645833333333 0.48518518518518516 0.0234375 0.12222222222222222
0 0.19739583333333333 0.48148148148148145 0.013541666666666667 0.046296296296296294
0 0.25859375 0.4726851851851852 0.011979166666666667 0.03425925925925926
0 0.2375 0.475462962962963 0.010416666666666666 0.03796296296296296
0 0.84140625 0.4828703703703704 0.0265625 0.125
0 0.6385416666666667 0.4671296296296296 0.01875 0.07685185185185185
0 0.7421875 0.4824074074074074 0.021875 0.12407407407407407
0 0.23046875 0.4777777777777778 0.011979166666666667 0.04814814814814815
0 0.2 0.47685185185185186 0.011458333333333333 0.04259259259259259
0 0.6119791666666666 0.46111111111111114 0.01875 0.05740740740740741
0 0.11041666666666666 0.4930555555555556 0.015625 0.06759259259259259
0 0.8625 0.47962962962962963 0.028125 0.11851851851851852
