0 0.68125 0.5328703703703703 0.036458333333333336 0.19907407407407407
0 0.7302083333333333 0.49027777777777776 0.03125 0.1287037037037037
0 0.7033854166666667 0.49027777777777776 0.025520833333333333 0.13240740740740742
0 0.19270833333333334 0.4810185185185185 0.0125 0.04537037037037037
0 0.2596354166666667 0.4791666666666667 0.011979166666666667 0.03611111111111111
0 0.2375 0.48194444444444445 0.010416666666666666 0.03796296296296296
0 0.8635416666666667 0.4875 0.028125 0.1361111111111111
0 0.6455729166666667 0.47129629629629627 0.019270833333333334 0.07777777777777778
0 0.7580729166666667 0.4898148148148148 0.0265625 0.1259259259259259
0 0.23098958333333333 0.4777777777777778 0.011979166666666667 0.04814814814814815
0 0.1984375 0.48148148148148145 0.011458333333333333 0.04259259259259259
0 0.6171875 0.4666666666666667 0.01875 0.05740740740740741
0 0.1078125 0.49398148148148147 0.015625 0.06759259259259259
0 0.8841145833333334 0.4875 0.027604166666666666 0.125
