0 0.6825520833333333 0.5333333333333333 0.0359375 0.2
0 0.73203125 0.4912037037037037 0.030729166666666665 0.13055555555555556
0 0.7049479166666667 0.49074074074074076 0.025520833333333333 0.13333333333333333
0 0.1921875 0.4810185185185185 0.0125 0.04537037037037037
0 0.26015625 0.48009259259259257 0.011979166666666667 0.03611111111111111
0 0.2375 0.4828703703703704 0.010416666666666666 0.03796296296296296
0 0.8671875 0.48703703703703705 0.028125 0.1388888888888889
0 0.6466145833333333 0.47129629629629627 0.019270833333333334 0.07777777777777778
0 0.76015625 0.49027777777777776 0.0265625 0.12685185185185185
0 0.23098958333333333 0.4777777777777778 0.011979166666666667 0.04814814814814815
0 0.19791666666666666 0.4824074074074074 0.011458333333333333 0.04259259259259259
0 0.6182291666666667 0.46574074074074073 0.01875 0.05740740740740741
0 0.10729166666666666 0.4949074074074074 0.015625 0.06759259259259259
0 0.8877604166666667 0.4875 0.027604166666666666 0.125
