0 0.6885416666666667 0.5351851851851852 0.03854166666666667 0.20925925925925926
0 0.73671875 0.49027777777777776 0.030729166666666665 0.13425925925925927
0 0.7091145833333333 0.4930555555555556 0.0265625 0.13425925925925927
0 0.190625 0.4847222222222222 0.0125 0.04537037037037037
0 0.25859375 0.4824074074074074 0.011979166666666667 0.037037037037037035
0 0.23645833333333333 0.4847222222222222 0.010416666666666666 0.03796296296296296
0 0.87734375 0.487962962962963 0.028645833333333332 0.14629629629629629
0 0.65 0.4722222222222222 0.019791666666666666 0.07777777777777778
0 0.7653645833333333 0.4912037037037037 0.0265625 0.13055555555555556
0 0.23098958333333333 0.48055555555555557 0.011979166666666667 0.04814814814814815
0 0.19739583333333333 0.4842592592592593 0.011458333333333333 0.04259259259259259
0 0.6197916666666666 0.4648148148148148 0.01875 0.05740740740740741
0 0.10677083333333333 0.4976851851851852 0.015625 0.06759259259259259
0 0.8979166666666667 0.48657407407407405 0.028125 0.125
