0 0.69375 0.5356481481481481 0.03958333333333333 0.2175925925925926
0 0.7411458333333333 0.48842592592592593 0.030208333333333334 0.13796296296296295
0 0.71328125 0.49212962962962964 0.024479166666666666 0.1361111111111111
0 0.18802083333333333 0.49027777777777776 0.0125 0.04537037037037037
0 0.2565104166666667 0.4842592592592593 0.011979166666666667 0.03888888888888889
0 0.2359375 0.48564814814814816 0.010416666666666666 0.03796296296296296
0 0.8872395833333333 0.48842592592592593 0.028645833333333332 0.14907407407407408
0 0.653125 0.47453703703703703 0.019791666666666666 0.0787037037037037
0 0.7723958333333333 0.487962962962963 0.025 0.13518518518518519
0 0.23046875 0.48333333333333334 0.011979166666666667 0.04814814814814815
0 0.196875 0.4861111111111111 0.011458333333333333 0.04259259259259259
0 0.6213541666666667 0.4648148148148148 0.01875 0.05740740740740741
0 0.10625 0.5013888888888889 0.015625 0.06759259259259259
0 0.9080729166666667 0.4837962962962963 0.028645833333333332 0.125
