0 0.703125 0.5388888888888889 0.0375 0.21851851851851853
0 0.7486979166666666 0.49027777777777776 0.030729166666666665 0.14166666666666666
0 0.7200520833333334 0.4935185185185185 0.025520833333333333 0.14074074074074075
0 0.18541666666666667 0.49583333333333335 0.0125 0.04537037037037037
0 0.25546875 0.4912037037037037 0.011979166666666667 0.03611111111111111
0 0.23333333333333334 0.48935185185185187 0.010416666666666666 0.03796296296296296
0 0.9044270833333333 0.49074074074074076 0.028645833333333332 0.15185185185185185
0 0.6580729166666667 0.47685185185185186 0.0203125 0.07962962962962963
0 0.7830729166666667 0.4898148148148148 0.025520833333333333 0.1388888888888889
0 0.22994791666666667 0.49166666666666664 0.011979166666666667 0.04814814814814815
0 0.1953125 0.49166666666666664 0.011458333333333333 0.04259259259259259
0 0.6244791666666667 0.4666666666666667 0.01875 0.05740740740740741
0 0.10546875 0.5087962962962963 0.016145833333333335 0.06759259259259259
0 0.92421875 0.4861111111111111 0.0296875 0.13148148148148148
