0 0.7065104166666667 0.5458333333333333 0.04010416666666667 0.2212962962962963
0 0.7541666666666667 0.49675925925925923 0.03125 0.14537037037037037
0 0.7229166666666667 0.4986111111111111 0.027083333333333334 0.14537037037037037
0 0.184375 0.49722222222222223 0.0125 0.046296296296296294
0 0.25546875 0.49583333333333335 0.011979166666666667 0.03611111111111111
0 0.23177083333333334 0.4912037037037037 0.010416666666666666 0.03796296296296296
0 0.9153645833333334 0.4949074074074074 0.028645833333333332 0.1527777777777778
0 0.6611979166666667 0.4787037037037037 0.0203125 0.07962962962962963
0 0.7901041666666667 0.49583333333333335 0.03229166666666667 0.13796296296296295
0 0.22942708333333334 0.49537037037037035 0.011979166666666667 0.04814814814814815
0 0.19427083333333334 0.49537037037037035 0.011458333333333333 0.04259259259259259
0 0.6260416666666667 0.46944444444444444 0.01875 0.05740740740740741
0 0.10494791666666667 0.513425925925926 0.016145833333333335 0.06759259259259259
0 0.93359375 0.4888888888888889 0.030729166666666665 0.1388888888888889
