0 0.7140625 0.5569444444444445 0.04583333333333333 0.23055555555555557
0 0.7703125 0.5009259259259259 0.035416666666666666 0.1537037037037037
0 0.7286458333333333 0.5060185185185185 0.03125 0.1527777777777778
0 0.178125 0.5106481481481482 0.0125 0.049074074074074076
0 0.25442708333333336 0.5032407407407408 0.011979166666666667 0.03611111111111111
0 0.22760416666666666 0.4976851851851852 0.010416666666666666 0.03796296296296296
0 0.9432291666666667 0.5050925925925925 0.0375 0.1638888888888889
0 0.6705729166666666 0.4842592592592593 0.021354166666666667 0.08518518518518518
0 0.8049479166666667 0.5032407407407408 0.0296875 0.14907407407407408
0 0.22786458333333334 0.5037037037037037 0.011979166666666667 0.04814814814814815
0 0.1921875 0.5046296296296297 0.0125 0.044444444444444446
0 0.6302083333333334 0.47685185185185186 0.01875 0.05740740740740741
0 0.103125 0.5254629629629629 0.016666666666666666 0.06759259259259259
0 0.96484375 0.49953703703703706 0.03697916666666667 0.1398148148148148
