0 0.6791666666666667 0.5699074074074074 0.07083333333333333 0.2490740740740741
0 0.7895833333333333 0.5083333333333333 0.03854166666666667 0.17777777777777778
0 0.7067708333333333 0.46574074074074073 0.01875 0.06666666666666667
0 0.73125 0.5171296296296296 0.03229166666666667 0.16944444444444445
0 0.16510416666666666 0.5115740740740741 0.0125 0.05277777777777778
0 0.25364583333333335 0.5032407407407408 0.010416666666666666 0.03611111111111111
0 0.221875 0.5041666666666667 0.010416666666666666 0.03796296296296296
0 0.6940104166666666 0.48518518518518516 0.022395833333333334 0.09259259259259259
0 0.8278645833333333 0.5111111111111111 0.0328125 0.1685185185185185
0 0.22994791666666667 0.5046296296296297 0.011979166666666667 0.04814814814814815
0 0.18697916666666667 0.5060185185185185 0.013541666666666667 0.04537037037037037
0 0.6401041666666667 0.47962962962962963 0.019791666666666666 0.06111111111111111
0 0.103125 0.525 0.016666666666666666 0.06666666666666667
