0 0.5778645833333333 0.5680555555555555 0.06822916666666666 0.2601851851851852
0 0.796875 0.5162037037037037 0.041666666666666664 0.2064814814814815
0 0.6973958333333333 0.4652777777777778 0.01875 0.06759259259259259
0 0.70546875 0.5337962962962963 0.04635416666666667 0.20092592592592592
0 0.15286458333333333 0.5101851851851852 0.0140625 0.05185185185185185
0 0.21822916666666667 0.5032407407407408 0.010416666666666666 0.03796296296296296
0 0.7208333333333333 0.48564814814814816 0.022916666666666665 0.10277777777777777
0 0.8348958333333333 0.5194444444444445 0.035416666666666666 0.19814814814814816
0 0.23046875 0.5009259259259259 0.011979166666666667 0.04814814814814815
0 0.18333333333333332 0.5050925925925925 0.013541666666666667 0.04537037037037037
0 0.6541666666666667 0.48055555555555557 0.019791666666666666 0.07037037037037037
0 0.10651041666666666 0.5236111111111111 0.016145833333333335 0.06574074074074074
