0 0.5864583333333333 0.5689814814814815 0.071875 0.262037037037037
0 0.79765625 0.5175925925925926 0.04114583333333333 0.20185185185185187
0 0.6984375 0.4652777777777778 0.01875 0.06759259259259259
0 0.70703125 0.5324074074074074 0.0484375 0.19814814814814816
0 0.153125 0.5097222222222222 0.013541666666666667 0.05092592592592592
0 0.21875 0.5032407407407408 0.010416666666666666 0.03796296296296296
0 0.7192708333333333 0.48518518518518516 0.022916666666666665 0.10185185185185185
0 0.8359375 0.5199074074074074 0.0375 0.19722222222222222
0 0.23046875 0.5018518518518519 0.011979166666666667 0.04814814814814815
0 0.18333333333333332 0.5050925925925925 0.013541666666666667 0.04537037037037037
0 0.6536458333333334 0.48055555555555557 0.019791666666666666 0.07037037037037037
0 0.10598958333333333 0.5236111111111111 0.016145833333333335 0.06574074074074074
