0 0.56640625 0.5652777777777778 0.08802083333333334 0.25833333333333336
0 0.79140625 0.5185185185185185 0.0453125 0.2074074074074074
0 0.6953125 0.46435185185185185 0.01875 0.06759259259259259
0 0.6989583333333333 0.5314814814814814 0.040625 0.20555555555555555
0 0.15104166666666666 0.5097222222222222 0.014583333333333334 0.05277777777777778
0 0.21770833333333334 0.5032407407407408 0.010416666666666666 0.03796296296296296
0 0.728125 0.4837962962962963 0.022916666666666665 0.10277777777777777
0 0.8325520833333333 0.5222222222222223 0.03802083333333333 0.2
0 0.23098958333333333 0.5 0.011979166666666667 0.04814814814814815
0 0.1828125 0.5032407407407408 0.013541666666666667 0.04537037037037037
0 0.65625 0.48055555555555557 0.019791666666666666 0.07037037037037037
0 0.10755208333333334 0.5226851851851851 0.016145833333333335 0.06574074074074074
