0 0.5190104166666667 0.5662037037037037 0.07239583333333334 0.2601851851851852
0 0.7807291666666667 0.5180555555555556 0.040625 0.21388888888888888
0 0.6911458333333333 0.4634259259259259 0.01875 0.06759259259259259
0 0.6802083333333333 0.5370370370370371 0.04375 0.2074074074074074
0 0.14739583333333334 0.5097222222222222 0.015625 0.05462962962962963
0 0.21666666666666667 0.5032407407407408 0.010416666666666666 0.03796296296296296
0 0.7416666666666667 0.4810185185185185 0.022916666666666665 0.10277777777777777
0 0.8229166666666666 0.5208333333333334 0.042708333333333334 0.2175925925925926
0 0.23098958333333333 0.5 0.011979166666666667 0.04814814814814815
0 0.18229166666666666 0.5013888888888889 0.013541666666666667 0.04537037037037037
0 0.6630208333333333 0.4759259259259259 0.019791666666666666 0.07037037037037037
0 0.1109375 0.5212962962962963 0.015625 0.06481481481481481
