0 0.52265625 0.5648148148148148 0.06614583333333333 0.2611111111111111
0 0.78203125 0.5180555555555556 0.04114583333333333 0.21203703703703702
0 0.6916666666666667 0.4634259259259259 0.01875 0.06759259259259259
0 0.6817708333333333 0.5361111111111111 0.04479166666666667 0.2074074074074074
0 0.14791666666666667 0.5097222222222222 0.015625 0.05462962962962963
0 0.21666666666666667 0.5032407407407408 0.010416666666666666 0.03796296296296296
0 0.740625 0.4810185185185185 0.022916666666666665 0.10277777777777777
0 0.82421875 0.5208333333333334 0.0421875 0.21574074074074073
0 0.23098958333333333 0.5 0.011979166666666667 0.04814814814814815
0 0.18229166666666666 0.5013888888888889 0.013541666666666667 0.04537037037037037
0 0.6625 0.4759259259259259 0.019791666666666666 0.07037037037037037
0 0.1109375 0.5222222222222223 0.015625 0.06481481481481481
