0 0.44505208333333335 0.5680555555555555 0.09010416666666667 0.2564814814814815
0 0.7411458333333333 0.524537037037037 0.05416666666666667 0.2324074074074074
0 0.684375 0.46296296296296297 0.01875 0.06851851851851852
0 0.6403645833333333 0.5458333333333333 0.0671875 0.22685185185185186
0 0.14036458333333332 0.5083333333333333 0.0171875 0.05740740740740741
0 0.21614583333333334 0.5013888888888889 0.010416666666666666 0.03796296296296296
0 0.6286458333333333 0.475462962962963 0.019791666666666666 0.07314814814814814
0 0.7611979166666667 0.48009259259259257 0.024479166666666666 0.10833333333333334
0 0.78671875 0.5342592592592592 0.049479166666666664 0.2351851851851852
0 0.23098958333333333 0.5 0.011979166666666667 0.04814814814814815
0 0.18229166666666666 0.5013888888888889 0.013541666666666667 0.04537037037037037
0 0.66875 0.4759259259259259 0.019791666666666666 0.07037037037037037
0 0.11484375 0.5203703703703704 0.015104166666666667 0.06481481481481481
