0 0.40234375 0.5675925925925925 0.05260416666666667 0.2518518518518518
0 0.7184895833333333 0.5356481481481481 0.05572916666666667 0.23796296296296296
0 0.6796875 0.4648148148148148 0.01875 0.06851851851851852
0 0.60546875 0.5481481481481482 0.06197916666666667 0.22777777777777777
0 0.13671875 0.5111111111111111 0.0171875 0.05740740740740741
0 0.215625 0.5013888888888889 0.011458333333333333 0.03796296296296296
0 0.63125 0.475462962962963 0.019791666666666666 0.07314814814814814
0 0.7721354166666666 0.48194444444444445 0.0265625 0.11574074074074074
0 0.7669270833333334 0.5361111111111111 0.0578125 0.25
0 0.23098958333333333 0.49907407407407406 0.011979166666666667 0.04814814814814815
0 0.18229166666666666 0.5023148148148148 0.013541666666666667 0.04537037037037037
0 0.671875 0.475 0.019791666666666666 0.07037037037037037
0 0.11640625 0.5189814814814815 0.015104166666666667 0.06388888888888888
