0 0.38619791666666664 0.5662037037037037 0.07239583333333334 0.2490740740740741
0 0.69609375 0.537962962962963 0.05364583333333333 0.24259259259259258
0 0.6770833333333334 0.46574074074074073 0.01875 0.06851851851851852
0 0.5924479166666666 0.549074074074074 0.06822916666666666 0.22962962962962963
0 0.13515625 0.5143518518518518 0.0171875 0.05648148148148148
0 0.21536458333333333 0.5009259259259259 0.011979166666666667 0.03888888888888889
0 0.6328125 0.475462962962963 0.019791666666666666 0.07314814814814814
0 0.77890625 0.48564814814814816 0.027604166666666666 0.11944444444444445
0 0.7432291666666667 0.5444444444444444 0.07395833333333333 0.2518518518518518
0 0.23151041666666666 0.49907407407407406 0.011979166666666667 0.04814814814814815
0 0.18229166666666666 0.5023148148148148 0.013541666666666667 0.04537037037037037
0 0.675 0.4740740740740741 0.019791666666666666 0.07037037037037037
0 0.11796875 0.5180555555555556 0.015104166666666667 0.06388888888888888
