0 0.2825520833333333 0.5722222222222222 0.06510416666666667 0.2462962962962963
0 0.5932291666666667 0.549537037037037 0.052083333333333336 0.2657407407407407
0 0.6640625 0.46944444444444444 0.01875 0.06851851851851852
0 0.5015625 0.5513888888888889 0.051041666666666666 0.23981481481481481
0 0.12916666666666668 0.5166666666666667 0.013541666666666667 0.05555555555555555
0 0.21171875 0.5013888888888889 0.0140625 0.03981481481481482
0 0.6395833333333333 0.4726851851851852 0.01875 0.0712962962962963
0 0.8143229166666667 0.48148148148148145 0.03177083333333333 0.1259259259259259
0 0.6317708333333333 0.5597222222222222 0.08645833333333333 0.27685185185185185
0 0.23151041666666666 0.4981481481481482 0.011979166666666667 0.04814814814814815
0 0.18229166666666666 0.5023148148148148 0.013541666666666667 0.04537037037037037
0 0.6869791666666667 0.4740740740740741 0.019791666666666666 0.07407407407407407
0 0.12473958333333333 0.5162037037037037 0.015104166666666667 0.06388888888888888
