0 0.27890625 0.5708333333333333 0.0703125 0.23981481481481481
0 0.5783854166666667 0.5467592592592593 0.0578125 0.2601851851851852
0 0.6625 0.4699074074074074 0.01875 0.06759259259259259
0 0.48854166666666665 0.5532407407407407 0.07083333333333333 0.23796296296296296
0 0.12864583333333332 0.5166666666666667 0.013541666666666667 0.05555555555555555
0 0.21119791666666668 0.5023148148148148 0.0140625 0.03981481481481482
0 0.6401041666666667 0.47175925925925927 0.01875 0.0712962962962963
0 0.8184895833333333 0.4828703703703704 0.03177083333333333 0.12685185185185185
0 0.6208333333333333 0.5606481481481481 0.07708333333333334 0.275
0 0.23151041666666666 0.4981481481481482 0.011979166666666667 0.04814814814814815
0 0.18229166666666666 0.5023148148148148 0.013541666666666667 0.04537037037037037
0 0.6885416666666667 0.47453703703703703 0.019791666666666666 0.075
0 0.125 0.5162037037037037 0.015625 0.06388888888888888
