0 0.22239583333333332 0.5712962962962963 0.075 0.23148148148148148
0 0.49921875 0.5513888888888889 0.0671875 0.262037037037037
0 0.6546875 0.4685185185185185 0.017708333333333333 0.06481481481481481
0 0.4276041666666667 0.5550925925925926 0.08229166666666667 0.24166666666666667
0 0.12552083333333333 0.5185185185185185 0.013541666666666667 0.05555555555555555
0 0.20859375 0.5023148148148148 0.0140625 0.03981481481481482
0 0.6484375 0.4726851851851852 0.020833333333333332 0.07685185185185185
0 0.8479166666666667 0.48935185185185187 0.029166666666666667 0.13425925925925927
0 0.53828125 0.562962962962963 0.06927083333333334 0.30185185185185187
0 0.23098958333333333 0.49722222222222223 0.011979166666666667 0.04814814814814815
0 0.18229166666666666 0.5023148148148148 0.013541666666666667 0.04537037037037037
0 0.6953125 0.47638888888888886 0.020833333333333332 0.0787037037037037
0 0.12760416666666666 0.5152777777777777 0.017708333333333333 0.062037037037037036
