0 0.22916666666666666 0.5717592592592593 0.07604166666666666 0.2361111111111111
0 0.5169270833333334 0.5504629629629629 0.0484375 0.27314814814814814
0 0.6557291666666667 0.4689814814814815 0.017708333333333333 0.06574074074074074
0 0.4388020833333333 0.5555555555555556 0.06614583333333333 0.24074074074074073
0 0.12604166666666666 0.5194444444444445 0.013541666666666667 0.05555555555555555
0 0.20911458333333333 0.5023148148148148 0.0140625 0.03981481481481482
0 0.64609375 0.4759259259259259 0.0203125 0.07592592592592592
0 0.8427083333333333 0.487962962962963 0.029166666666666667 0.13333333333333333
0 0.5502604166666667 0.5666666666666667 0.08385416666666666 0.29814814814814816
0 0.23098958333333333 0.49722222222222223 0.011979166666666667 0.04814814814814815
0 0.18229166666666666 0.5023148148148148 0.013541666666666667 0.04537037037037037
0 0.6942708333333333 0.47638888888888886 0.020833333333333332 0.0787037037037037
0 0.12708333333333333 0.5157407407407407 0.017708333333333333 0.06296296296296296
