0 0.19036458333333334 0.575 0.05364583333333333 0.22962962962962963
0 0.4747395833333333 0.5527777777777778 0.0640625 0.26851851851851855
0 0.65078125 0.46805555555555556 0.0171875 0.06388888888888888
0 0.40520833333333334 0.5546296296296296 0.05625 0.25
0 0.12552083333333333 0.5157407407407407 0.013541666666666667 0.05555555555555555
0 0.20729166666666668 0.5032407407407408 0.013541666666666667 0.041666666666666664
0 0.65078125 0.47129629629629627 0.021354166666666667 0.07962962962962963
0 0.8619791666666666 0.48842592592592593 0.030208333333333334 0.13796296296296295
0 0.4895833333333333 0.5689814814814815 0.10104166666666667 0.2935185185185185
0 0.23203125 0.49675925925925923 0.011979166666666667 0.04722222222222222
0 0.18229166666666666 0.5023148148148148 0.013541666666666667 0.04537037037037037
0 0.7002604166666667 0.47824074074074074 0.021354166666666667 0.0787037037037037
0 0.128125 0.5125 0.017708333333333333 0.06018518518518518
