0 0.20026041666666666 0.5726851851851852 0.05364583333333333 0.2324074074074074
0 0.4903645833333333 0.5583333333333333 0.08385416666666666 0.26296296296296295
0 0.653125 0.46805555555555556 0.017708333333333333 0.06388888888888888
0 0.42135416666666664 0.5560185185185185 0.07604166666666666 0.24537037037037038
0 0.12552083333333333 0.5166666666666667 0.013541666666666667 0.05555555555555555
0 0.20807291666666666 0.5027777777777778 0.0140625 0.040740740740740744
0 0.6497395833333334 0.47129629629629627 0.021354166666666667 0.07777777777777778
0 0.8546875 0.49027777777777776 0.029166666666666667 0.1361111111111111
0 0.50859375 0.5662037037037037 0.09427083333333333 0.2935185185185185
0 0.23098958333333333 0.49722222222222223 0.011979166666666667 0.04814814814814815
0 0.18229166666666666 0.5023148148148148 0.013541666666666667 0.04537037037037037
0 0.6973958333333333 0.4773148148148148 0.020833333333333332 0.0787037037037037
0 0.12760416666666666 0.5125 0.017708333333333333 0.06018518518518518
