0 0.16354166666666667 0.5745370370370371 0.05 0.22685185185185186
0 0.43125 0.5587962962962963 0.096875 0.2564814814814815
0 0.6466145833333333 0.4671296296296296 0.0171875 0.062037037037037036
0 0.36614583333333334 0.5574074074074075 0.07916666666666666 0.2518518518518518
0 0.12395833333333334 0.5185185185185185 0.013541666666666667 0.05555555555555555
0 0.20546875 0.5041666666666667 0.013020833333333334 0.04537037037037037
0 0.6552083333333333 0.47638888888888886 0.022916666666666665 0.08425925925925926
0 0.878125 0.49212962962962964 0.036458333333333336 0.13796296296296295
0 0.4317708333333333 0.5717592592592593 0.08854166666666667 0.2935185185185185
0 0.23359375 0.49675925925925923 0.0109375 0.04537037037037037
0 0.18229166666666666 0.5023148148148148 0.013541666666666667 0.04537037037037037
0 0.70546875 0.48009259259259257 0.021354166666666667 0.0787037037037037
0 0.13072916666666667 0.5162037037037037 0.017708333333333333 0.06388888888888888
