0 0.15885416666666666 0.575462962962963 0.04583333333333333 0.22685185185185186
0 0.42734375 0.5583333333333333 0.09114583333333333 0.25925925925925924
0 0.64609375 0.4671296296296296 0.0171875 0.062037037037037036
0 0.36354166666666665 0.5583333333333333 0.075 0.2518518518518518
0 0.12395833333333334 0.5185185185185185 0.013541666666666667 0.05555555555555555
0 0.20494791666666667 0.5041666666666667 0.013020833333333334 0.04537037037037037
0 0.65625 0.47638888888888886 0.022916666666666665 0.08425925925925926
0 0.8796875 0.4925925925925926 0.03333333333333333 0.14074074074074075
0 0.4231770833333333 0.5731481481481482 0.09635416666666667 0.29259259259259257
0 0.23411458333333332 0.49675925925925923 0.0109375 0.04537037037037037
0 0.18229166666666666 0.5023148148148148 0.013541666666666667 0.04537037037037037
0 0.7059895833333333 0.48009259259259257 0.021354166666666667 0.0787037037037037
0 0.13020833333333334 0.5162037037037037 0.017708333333333333 0.06388888888888888
