0 0.15104166666666666 0.575925925925926 0.05520833333333333 0.22592592592592592
0 0.41432291666666665 0.5578703703703703 0.0734375 0.2675925925925926
0 0.6442708333333333 0.4666666666666667 0.016666666666666666 0.06111111111111111
0 0.35598958333333336 0.5587962962962963 0.06302083333333333 0.25092592592592594
0 0.1234375 0.5185185185185185 0.013541666666666667 0.05555555555555555
0 0.20494791666666667 0.5046296296296297 0.013020833333333334 0.046296296296296294
0 0.6578125 0.4773148148148148 0.022916666666666665 0.08425925925925926
0 0.8872395833333333 0.49166666666666664 0.03177083333333333 0.1425925925925926
0 0.40859375 0.5736111111111111 0.09739583333333333 0.2953703703703704
0 0.23463541666666668 0.4976851851851852 0.0109375 0.04537037037037037
0 0.18229166666666666 0.5023148148148148 0.013541666666666667 0.04537037037037037
0 0.7075520833333333 0.47962962962962963 0.021354166666666667 0.07962962962962963
0 0.12916666666666668 0.5152777777777777 0.017708333333333333 0.06388888888888888
