0 0.10598958333333333 0.5930555555555556 0.06197916666666667 0.21388888888888888
0 0.328125 0.5699074074074074 0.06041666666666667 0.27870370370370373
0 0.63828125 0.46620370370370373 0.0171875 0.05648148148148148
0 0.28411458333333334 0.5703703703703704 0.0546875 0.2611111111111111
0 0.11822916666666666 0.5259259259259259 0.013541666666666667 0.05555555555555555
0 0.20286458333333332 0.5087962962962963 0.013020833333333334 0.04722222222222222
0 0.665625 0.48009259259259257 0.022916666666666665 0.08796296296296297
0 0.9276041666666667 0.4898148148148148 0.04479166666666667 0.13518518518518519
0 0.31927083333333334 0.5856481481481481 0.075 0.30277777777777776
0 0.2375 0.49953703703703706 0.010416666666666666 0.04351851851851852
0 0.18177083333333333 0.5078703703703704 0.013541666666666667 0.04537037037037037
0 0.7166666666666667 0.4787037037037037 0.021875 0.08333333333333333
0 0.13072916666666667 0.5217592592592593 0.017708333333333333 0.06388888888888888
