0 0.11328125 0.5879629629629629 0.05677083333333333 0.21851851851851853
0 0.34609375 0.5680555555555555 0.0703125 0.27870370370370373
0 0.6388020833333333 0.46574074074074073 0.0171875 0.05740740740740741
0 0.29739583333333336 0.5675925925925925 0.065625 0.2518518518518518
0 0.11979166666666667 0.5231481481481481 0.013541666666666667 0.05555555555555555
0 0.20338541666666668 0.5078703703703704 0.013020833333333334 0.04722222222222222
0 0.6640625 0.4791666666666667 0.022916666666666665 0.08796296296296297
0 0.9216145833333333 0.4925925925925926 0.0359375 0.13518518518518519
0 0.33151041666666664 0.5837962962962963 0.09947916666666666 0.30092592592592593
0 0.2375 0.4986111111111111 0.010416666666666666 0.04351851851851852
0 0.18229166666666666 0.5069444444444444 0.013541666666666667 0.04537037037037037
0 0.71484375 0.4777777777777778 0.021354166666666667 0.08333333333333333
0 0.13020833333333334 0.5208333333333334 0.017708333333333333 0.06388888888888888
