0 0.12916666666666668 0.5828703703703704 0.04895833333333333 0.21944444444444444
0 0.36875 0.5685185185185185 0.09166666666666666 0.26481481481481484
0 0.640625 0.46574074074074073 0.016666666666666666 0.05925925925925926
0 0.30833333333333335 0.562962962962963 0.07083333333333333 0.2462962962962963
0 0.12135416666666667 0.5203703703703704 0.013541666666666667 0.05555555555555555
0 0.20442708333333334 0.5060185185185185 0.013020833333333334 0.04722222222222222
0 0.6619791666666667 0.4787037037037037 0.022916666666666665 0.08703703703703704
0 0.9067708333333333 0.49398148148148147 0.04583333333333333 0.13425925925925927
0 0.35182291666666665 0.5782407407407407 0.08802083333333334 0.30277777777777776
0 0.23645833333333333 0.4976851851851852 0.010416666666666666 0.04351851851851852
0 0.18229166666666666 0.5050925925925925 0.013541666666666667 0.04537037037037037
0 0.7127604166666667 0.4787037037037037 0.021354166666666667 0.08148148148148149
0 0.12916666666666668 0.5162037037037037 0.017708333333333333 0.06388888888888888
