0 0.061197916666666664 0.6032407407407407 0.0515625 0.21944444444444444
0 0.2609375 0.5824074074074074 0.065625 0.2962962962962963
0 0.6356770833333333 0.4689814814814815 0.019270833333333334 0.05277777777777778
0 0.21979166666666666 0.5782407407407407 0.051041666666666666 0.2638888888888889
0 0.11041666666666666 0.5268518518518519 0.016666666666666666 0.06296296296296296
0 0.19557291666666668 0.513425925925926 0.013020833333333334 0.04722222222222222
0 0.6752604166666667 0.4824074074074074 0.0234375 0.09074074074074075
0 0.96640625 0.487962962962963 0.0359375 0.14814814814814814
0 0.24010416666666667 0.6023148148148149 0.09791666666666667 0.3138888888888889
0 0.23541666666666666 0.5060185185185185 0.010416666666666666 0.04351851851851852
0 0.17916666666666667 0.5106481481481482 0.013541666666666667 0.04537037037037037
0 0.7294270833333333 0.48148148148148145 0.024479166666666666 0.08703703703703704
0 0.12916666666666668 0.5226851851851851 0.017708333333333333 0.06388888888888888
