0 0.020572916666666666 0.6273148148148148 0.04010416666666667 0.22870370370370371
0 0.19453125 0.6129629629629629 0.10364583333333334 0.32037037037037036
0 0.63203125 0.4703703703703704 0.0203125 0.053703703703703705
0 0.1671875 0.6087962962962963 0.065625 0.28055555555555556
0 0.1 0.5375 0.01875 0.06759259259259259
0 0.18828125 0.5217592592592593 0.013020833333333334 0.04722222222222222
0 0.6848958333333334 0.4828703703703704 0.023958333333333335 0.09166666666666666
0 0.15520833333333334 0.6296296296296297 0.10208333333333333 0.34444444444444444
0 0.23385416666666667 0.5125 0.010416666666666666 0.04351851851851852
0 0.17552083333333332 0.524537037037037 0.013541666666666667 0.04537037037037037
0 0.74296875 0.4787037037037037 0.024479166666666666 0.08888888888888889
0 0.1234375 0.5314814814814814 0.017708333333333333 0.06296296296296296
