0 0.017447916666666667 0.6333333333333333 0.0328125 0.23148148148148148
0 0.18098958333333334 0.6208333333333333 0.09739583333333333 0.33055555555555555
0 0.6315104166666666 0.4703703703703704 0.0203125 0.053703703703703705
0 0.15677083333333333 0.6148148148148148 0.06875 0.2833333333333333
0 0.09739583333333333 0.5393518518518519 0.01875 0.06759259259259259
0 0.18671875 0.5254629629629629 0.013020833333333334 0.04722222222222222
0 0.6869791666666667 0.48333333333333334 0.023958333333333335 0.09259259259259259
0 0.13984375 0.6388888888888888 0.10885416666666667 0.35185185185185186
0 0.23333333333333334 0.5171296296296296 0.010416666666666666 0.04351851851851852
0 0.17447916666666666 0.5273148148148148 0.013541666666666667 0.04537037037037037
0 0.7458333333333333 0.4791666666666667 0.023958333333333335 0.08981481481481482
0 0.12083333333333333 0.5324074074074074 0.017708333333333333 0.06296296296296296
