0 0.019270833333333334 0.6342592592592593 0.036458333333333336 0.22407407407407406
0 0.18776041666666668 0.6162037037037037 0.10052083333333334 0.325
0 0.63203125 0.4703703703703704 0.0203125 0.053703703703703705
0 0.16171875 0.6111111111111112 0.0671875 0.2814814814814815
0 0.0984375 0.538425925925926 0.01875 0.06759259259259259
0 0.18776041666666668 0.5226851851851851 0.013020833333333334 0.04722222222222222
0 0.6859375 0.48333333333333334 0.023958333333333335 0.09259259259259259
0 0.14713541666666666 0.6356481481481482 0.11302083333333333 0.3472222222222222
0 0.23385416666666667 0.5152777777777777 0.010416666666666666 0.04351851851851852
0 0.175 0.5263888888888889 0.013541666666666667 0.04537037037037037
0 0.74453125 0.4791666666666667 0.024479166666666666 0.08981481481481482
0 0.121875 0.5314814814814814 0.017708333333333333 0.06296296296296296
