0 0.01015625 0.637962962962963 0.019270833333333334 0.24814814814814815
0 0.13671875 0.6282407407407408 0.07135416666666666 0.35648148148148145
0 0.6309895833333333 0.4708333333333333 0.0203125 0.05462962962962963
0 0.11354166666666667 0.6222222222222222 0.057291666666666664 0.29814814814814816
0 0.09140625 0.5416666666666666 0.019270833333333334 0.06851851851851852
0 0.18359375 0.5282407407407408 0.013020833333333334 0.04722222222222222
0 0.6911458333333333 0.48333333333333334 0.023958333333333335 0.09259259259259259
0 0.10130208333333333 0.6523148148148148 0.08802083333333334 0.3712962962962963
0 0.23072916666666668 0.5180555555555556 0.010416666666666666 0.04351851851851852
0 0.17135416666666667 0.5291666666666667 0.013541666666666667 0.04537037037037037
0 0.7526041666666666 0.48194444444444445 0.023958333333333335 0.09166666666666666
0 0.11666666666666667 0.5351851851851852 0.017708333333333333 0.06296296296296296
