0 0.30885416666666665 0.7689814814814815 0.10625 0.38981481481481484
0 0.79453125 0.6611111111111111 0.015104166666666667 0.06666666666666667
0 0.7869791666666667 0.6541666666666667 0.0125 0.05462962962962963
0 0.01015625 0.7421296296296296 0.0203125 0.23425925925925925
0 0.7984375 0.6486111111111111 0.0125 0.06018518518518518
0 0.02265625 0.6763888888888889 0.011979166666666667 0.062037037037037036
0 0.77578125 0.6518518518518519 0.013020833333333334 0.05555555555555555
0 0.012239583333333333 0.675 0.011979166666666667 0.06666666666666667
0 0.96015625 0.6333333333333333 0.0109375 0.044444444444444446
0 0.4700520833333333 0.7027777777777777 0.018229166666666668 0.07222222222222222
