0 0.30520833333333336 0.7685185185185185 0.10729166666666666 0.3888888888888889
0 0.7955729166666666 0.6615740740740741 0.016145833333333335 0.06574074074074074
0 0.7864583333333334 0.6550925925925926 0.0125 0.05462962962962963
0 0.012239583333333333 0.7416666666666667 0.024479166666666666 0.23703703703703705
0 0.7989583333333333 0.6486111111111111 0.0125 0.06018518518518518
0 0.023177083333333334 0.6763888888888889 0.011979166666666667 0.062037037037037036
0 0.77578125 0.6518518518518519 0.013020833333333334 0.05555555555555555
0 0.012760416666666666 0.675 0.011979166666666667 0.06666666666666667
0 0.9604166666666667 0.6342592592592593 0.011458333333333333 0.044444444444444446
0 0.47109375 0.7027777777777777 0.019270833333333334 0.07037037037037037
