0 0.21666666666666667 0.7685185185185185 0.12916666666666668 0.39444444444444443
0 0.8104166666666667 0.6574074074074074 0.015625 0.06851851851851852
0 0.7794270833333333 0.6527777777777778 0.013020833333333334 0.053703703703703705
0 0.03854166666666667 0.736574074074074 0.06145833333333333 0.25833333333333336
0 0.8013020833333333 0.6472222222222223 0.013020833333333334 0.06111111111111111
0 0.03046875 0.674537037037037 0.011979166666666667 0.062037037037037036
0 0.7783854166666667 0.6504629629629629 0.013020833333333334 0.05648148148148148
0 0.017708333333333333 0.674537037037037 0.0125 0.06944444444444445
0 0.96640625 0.6347222222222222 0.0109375 0.049074074074074076
0 0.48515625 0.6972222222222222 0.016145833333333335 0.07407407407407407
