0 0.20182291666666666 0.7703703703703704 0.1140625 0.40185185185185185
0 0.81484375 0.6560185185185186 0.015104166666666667 0.06944444444444445
0 0.7768229166666667 0.6541666666666667 0.015104166666666667 0.058333333333333334
0 0.04609375 0.7439814814814815 0.0703125 0.2601851851851852
0 0.8026041666666667 0.6458333333333334 0.013541666666666667 0.062037037037037036
0 0.0328125 0.6754629629629629 0.0125 0.062037037037037036
0 0.7791666666666667 0.649074074074074 0.013541666666666667 0.05555555555555555
0 0.019791666666666666 0.674074074074074 0.0125 0.07037037037037037
0 0.96875 0.6328703703703704 0.010416666666666666 0.049074074074074076
0 0.4895833333333333 0.6972222222222222 0.01875 0.07222222222222222
