0 0.125 0.7717592592592593 0.11354166666666667 0.4083333333333333
0 0.82578125 0.6486111111111111 0.013020833333333334 0.06944444444444445
0 0.7721354166666666 0.6532407407407408 0.0140625 0.062037037037037036
0 0.08463541666666667 0.7449074074074075 0.06822916666666666 0.262037037037037
0 0.8059895833333334 0.6458333333333334 0.0109375 0.062037037037037036
0 0.03828125 0.6773148148148148 0.011979166666666667 0.06574074074074074
0 0.7815104166666667 0.6467592592592593 0.0140625 0.05648148148148148
0 0.024479166666666666 0.6768518518518518 0.015625 0.07037037037037037
0 0.9747395833333333 0.6291666666666667 0.0109375 0.05092592592592592
0 0.50390625 0.6939814814814815 0.0203125 0.06944444444444445
