0 0.19010416666666666 0.7699074074074074 0.103125 0.4064814814814815
0 0.8169270833333333 0.6555555555555556 0.015104166666666667 0.07037037037037037
0 0.77578125 0.6550925925925926 0.016145833333333335 0.06018518518518518
0 0.051041666666666666 0.7453703703703703 0.06666666666666667 0.2611111111111111
0 0.8033854166666666 0.6449074074074074 0.0140625 0.062037037037037036
0 0.034375 0.6759259259259259 0.0125 0.06296296296296296
0 0.7796875 0.649074074074074 0.013541666666666667 0.05555555555555555
0 0.020833333333333332 0.674537037037037 0.013541666666666667 0.0712962962962963
0 0.96953125 0.6314814814814815 0.009895833333333333 0.04814814814814815
0 0.49192708333333335 0.6962962962962963 0.018229166666666668 0.07222222222222222
