0 0.13151041666666666 0.7708333333333334 0.10572916666666667 0.4101851851851852
0 0.8244791666666667 0.6486111111111111 0.0125 0.06944444444444445
0 0.77265625 0.6532407407407408 0.0140625 0.062037037037037036
0 0.08020833333333334 0.7444444444444445 0.06354166666666666 0.26296296296296295
0 0.80546875 0.6467592592592593 0.0109375 0.062037037037037036
0 0.037760416666666664 0.6768518518518518 0.011979166666666667 0.06481481481481481
0 0.7809895833333333 0.6472222222222223 0.0140625 0.05555555555555555
0 0.024479166666666666 0.6773148148148148 0.015625 0.0712962962962963
0 0.97421875 0.6287037037037037 0.0109375 0.05
0 0.5026041666666666 0.6944444444444444 0.01875 0.07037037037037037
