0 0.10572916666666667 0.7689814814814815 0.08958333333333333 0.4064814814814815
0 0.8307291666666666 0.6472222222222223 0.014583333333333334 0.06851851851851852
0 0.7697916666666667 0.6518518518518519 0.013541666666666667 0.06296296296296296
0 0.09244791666666667 0.7527777777777778 0.06510416666666667 0.2814814814814815
0 0.8072916666666666 0.6435185185185185 0.010416666666666666 0.06111111111111111
0 0.040364583333333336 0.6782407407407407 0.011979166666666667 0.06759259259259259
0 0.7822916666666667 0.6449074074074074 0.013541666666666667 0.05648148148148148
0 0.026822916666666665 0.6763888888888889 0.0140625 0.075
0 0.9770833333333333 0.6259259259259259 0.011458333333333333 0.05
0 0.50546875 0.6930555555555555 0.0203125 0.0712962962962963
