0 0.10052083333333334 0.7685185185185185 0.08333333333333333 0.40555555555555556
0 0.83203125 0.6472222222222223 0.015104166666666667 0.06851851851851852
0 0.76953125 0.6518518518518519 0.0140625 0.06296296296296296
0 0.09427083333333333 0.7541666666666667 0.06458333333333334 0.2861111111111111
0 0.8072916666666666 0.6435185185185185 0.010416666666666666 0.06111111111111111
0 0.04088541666666667 0.6782407407407407 0.011979166666666667 0.06759259259259259
0 0.7825520833333334 0.6449074074074074 0.013020833333333334 0.05648148148148148
0 0.027864583333333335 0.6759259259259259 0.0140625 0.07592592592592592
0 0.9778645833333334 0.625462962962963 0.0109375 0.049074074074074076
0 0.5059895833333333 0.6935185185185185 0.0203125 0.07222222222222222
