0 0.11536458333333334 0.7703703703703704 0.1015625 0.4074074074074074
0 0.8283854166666667 0.6486111111111111 0.0140625 0.06944444444444445
0 0.77109375 0.6523148148148148 0.0140625 0.062037037037037036
0 0.08854166666666667 0.7486111111111111 0.06666666666666667 0.2712962962962963
0 0.8067708333333333 0.6449074074074074 0.010416666666666666 0.062037037037037036
0 0.039322916666666666 0.6777777777777778 0.011979166666666667 0.06666666666666667
0 0.78203125 0.6458333333333334 0.0140625 0.05648148148148148
0 0.02578125 0.6759259259259259 0.015104166666666667 0.07222222222222222
0 0.9760416666666667 0.6273148148148148 0.011458333333333333 0.05092592592592592
0 0.5049479166666667 0.6935185185185185 0.0203125 0.07037037037037037
