0 0.04479166666666667 0.7708333333333334 0.08958333333333333 0.41388888888888886
0 0.84140625 0.6421296296296296 0.013020833333333334 0.07314814814814814
0 0.7651041666666667 0.6486111111111111 0.013541666666666667 0.06018518518518518
0 0.13541666666666666 0.7546296296296297 0.08958333333333333 0.28703703703703703
0 0.8111979166666666 0.6398148148148148 0.011979166666666667 0.06296296296296296
0 0.04635416666666667 0.6791666666666667 0.0125 0.06944444444444445
0 0.7833333333333333 0.6407407407407407 0.014583333333333334 0.05555555555555555
0 0.03229166666666667 0.6773148148148148 0.014583333333333334 0.07685185185185185
0 0.9841145833333333 0.6194444444444445 0.0109375 0.05
0 0.5197916666666667 0.6888888888888889 0.019791666666666666 0.07962962962962963
