0 0.03411458333333333 0.7708333333333334 0.06822916666666666 0.3972222222222222
0 0.8458333333333333 0.6412037037037037 0.013541666666666667 0.07314814814814814
0 0.7625 0.6481481481481481 0.011458333333333333 0.06111111111111111
0 0.14244791666666667 0.7569444444444444 0.08072916666666667 0.2953703703703704
0 0.8130208333333333 0.6375 0.011458333333333333 0.062037037037037036
0 0.0484375 0.6805555555555556 0.0125 0.07037037037037037
0 0.78515625 0.6398148148148148 0.015104166666666667 0.05555555555555555
0 0.03411458333333333 0.6782407407407407 0.015104166666666667 0.07685185185185185
0 0.9861979166666667 0.6185185185185185 0.009895833333333333 0.05
0 0.52265625 0.6888888888888889 0.021354166666666667 0.07592592592592592
