0 0.01875 0.7731481481481481 0.0375 0.39444444444444443
0 0.8497395833333333 0.6398148148148148 0.0171875 0.07222222222222222
0 0.7609375 0.65 0.013541666666666667 0.06296296296296296
0 0.15286458333333333 0.7564814814814815 0.06822916666666666 0.30185185185185187
0 0.8140625 0.6361111111111111 0.010416666666666666 0.06111111111111111
0 0.05026041666666667 0.6810185185185185 0.013020833333333334 0.06944444444444445
0 0.7861979166666667 0.6388888888888888 0.015104166666666667 0.05555555555555555
0 0.03515625 0.6787037037037037 0.015104166666666667 0.07407407407407407
0 0.9861979166666667 0.6185185185185185 0.009895833333333333 0.05
0 0.525 0.6875 0.019791666666666666 0.07314814814814814
