0 0.01796875 0.7671296296296296 0.0359375 0.31574074074074077
0 0.9640625 0.7523148148148148 0.07083333333333333 0.49166666666666664
0 0.0125 0.8 0.025 0.337037037037037
0 0.33958333333333335 0.8212962962962963 0.028125 0.1537037037037037
0 0.36015625 0.8300925925925926 0.0328125 0.175
0 0.32708333333333334 0.799074074074074 0.014583333333333334 0.09814814814814815
0 0.32057291666666665 0.8087962962962963 0.021354166666666667 0.1175925925925926
0 0.18645833333333334 0.8356481481481481 0.04479166666666667 0.225
0 0.2799479166666667 0.8314814814814815 0.033854166666666664 0.17037037037037037
0 0.33697916666666666 0.8194444444444444 0.026041666666666668 0.12962962962962962
0 0.3015625 0.8175925925925925 0.020833333333333332 0.12962962962962962
