0 0.0171875 0.7662037037037037 0.034375 0.31574074074074077
0 0.9611979166666667 0.7537037037037037 0.0765625 0.49074074074074076
0 0.01328125 0.8009259259259259 0.0265625 0.3388888888888889
0 0.34036458333333336 0.8217592592592593 0.028645833333333332 0.1527777777777778
0 0.3606770833333333 0.8305555555555556 0.0328125 0.17407407407407408
0 0.32708333333333334 0.799074074074074 0.014583333333333334 0.09814814814814815
0 0.32109375 0.8087962962962963 0.021354166666666667 0.1175925925925926
0 0.18697916666666667 0.8361111111111111 0.04479166666666667 0.22407407407407406
0 0.28046875 0.8314814814814815 0.033854166666666664 0.17037037037037037
0 0.3372395833333333 0.8189814814814815 0.025520833333333333 0.1287037037037037
0 0.3020833333333333 0.8171296296296297 0.020833333333333332 0.1287037037037037
