0 0.007552083333333333 0.7787037037037037 0.015104166666666667 0.28888888888888886
0 0.91484375 0.7726851851851851 0.15364583333333334 0.4527777777777778
0 0.026302083333333334 0.8069444444444445 0.05260416666666667 0.3398148148148148
0 0.35052083333333334 0.8208333333333333 0.027083333333333334 0.14722222222222223
0 0.365625 0.8287037037037037 0.03229166666666667 0.1648148148148148
0 0.3268229166666667 0.8013888888888889 0.0171875 0.10277777777777777
0 0.3260416666666667 0.8078703703703703 0.021875 0.11574074074074074
0 0.19921875 0.8314814814814815 0.0484375 0.21481481481481482
0 0.2916666666666667 0.8291666666666667 0.0375 0.16944444444444445
0 0.34322916666666664 0.8189814814814815 0.026041666666666668 0.12314814814814815
0 0.30807291666666664 0.8152777777777778 0.0203125 0.12685185185185185
