0 0.013541666666666667 0.7638888888888888 0.027083333333333334 0.3111111111111111
0 0.9416666666666667 0.7597222222222222 0.115625 0.4787037037037037
0 0.017708333333333333 0.8055555555555556 0.035416666666666666 0.3425925925925926
0 0.34479166666666666 0.8212962962962963 0.029166666666666667 0.14814814814814814
0 0.36380208333333336 0.8314814814814815 0.033854166666666664 0.1685185185185185
0 0.3268229166666667 0.8004629629629629 0.016145833333333335 0.10092592592592593
0 0.32395833333333335 0.8097222222222222 0.019791666666666666 0.11574074074074074
0 0.19192708333333333 0.8361111111111111 0.04635416666666667 0.21666666666666667
0 0.28515625 0.8310185185185185 0.0359375 0.1712962962962963
0 0.34036458333333336 0.8189814814814815 0.024479166666666666 0.125
0 0.3046875 0.8175925925925925 0.022916666666666665 0.12962962962962962
