0 0.011197916666666667 0.7699074074074074 0.022395833333333334 0.30277777777777776
0 0.9333333333333333 0.7625 0.13229166666666667 0.47314814814814815
0 0.020572916666666666 0.8060185185185185 0.04114583333333333 0.33796296296296297
0 0.34713541666666664 0.8212962962962963 0.028645833333333332 0.14814814814814814
0 0.3645833333333333 0.8305555555555556 0.03333333333333333 0.16666666666666666
0 0.32708333333333334 0.8009259259259259 0.016666666666666666 0.10185185185185185
0 0.32473958333333336 0.8087962962962963 0.0203125 0.11574074074074074
0 0.19505208333333332 0.8347222222222223 0.04739583333333333 0.21574074074074073
0 0.2875 0.8305555555555556 0.036458333333333336 0.17037037037037037
0 0.3419270833333333 0.8189814814814815 0.024479166666666666 0.12314814814814815
0 0.30625 0.8175925925925925 0.020833333333333332 0.1259259259259259
