0 0.010677083333333334 0.7712962962962963 0.021354166666666667 0.3
0 0.93046875 0.7638888888888888 0.13802083333333334 0.4703703703703704
0 0.021614583333333333 0.8064814814814815 0.043229166666666666 0.337037037037037
0 0.34739583333333335 0.8212962962962963 0.028125 0.14814814814814814
0 0.3651041666666667 0.8305555555555556 0.03333333333333333 0.16666666666666666
0 0.32708333333333334 0.8009259259259259 0.016666666666666666 0.10185185185185185
0 0.325 0.8087962962962963 0.020833333333333332 0.11574074074074074
0 0.19557291666666668 0.8337962962962963 0.04739583333333333 0.21574074074074073
0 0.28880208333333335 0.8305555555555556 0.03697916666666667 0.17037037037037037
0 0.3421875 0.8199074074074074 0.023958333333333335 0.12314814814814815
0 0.30625 0.8171296296296297 0.019791666666666666 0.125
