0 0.005208333333333333 0.7782407407407408 0.010416666666666666 0.27870370370370373
0 0.9005208333333333 0.7837962962962963 0.1625 0.4305555555555556
0 0.03046875 0.8083333333333333 0.0609375 0.3351851851851852
0 0.3528645833333333 0.8208333333333333 0.0265625 0.14722222222222223
0 0.3671875 0.8277777777777777 0.03125 0.1648148148148148
0 0.32708333333333334 0.8013888888888889 0.017708333333333333 0.10277777777777777
0 0.32708333333333334 0.8078703703703703 0.021875 0.11574074074074074
0 0.2015625 0.8310185185185185 0.04895833333333333 0.21388888888888888
0 0.29296875 0.8296296296296296 0.03802083333333333 0.1685185185185185
0 0.34375 0.8189814814814815 0.023958333333333335 0.12129629629629629
0 0.30859375 0.8143518518518519 0.021354166666666667 0.12685185185185185
