0 0.005989583333333334 0.7791666666666667 0.011979166666666667 0.2824074074074074
0 0.9052083333333333 0.7805555555555556 0.159375 0.43703703703703706
0 0.029166666666666667 0.8078703703703703 0.058333333333333334 0.33796296296296297
0 0.35182291666666665 0.8208333333333333 0.0265625 0.14722222222222223
0 0.36640625 0.8287037037037037 0.03177083333333333 0.1648148148148148
0 0.3268229166666667 0.8013888888888889 0.0171875 0.10277777777777777
0 0.3265625 0.8078703703703703 0.021875 0.11574074074074074
0 0.20052083333333334 0.8310185185185185 0.04895833333333333 0.21388888888888888
0 0.29270833333333335 0.8291666666666667 0.0375 0.16944444444444445
0 0.34348958333333335 0.8189814814814815 0.024479166666666666 0.12129629629629629
0 0.30885416666666665 0.8143518518518519 0.020833333333333332 0.12685185185185185
