0 0.5877604166666667 0.825 0.0984375 0.34814814814814815
0 0.0171875 0.7986111111111112 0.034375 0.3824074074074074
0 0.10026041666666667 0.8245370370370371 0.08489583333333334 0.2898148148148148
0 0.38125 0.8166666666666667 0.021875 0.1259259259259259
0 0.38255208333333335 0.8236111111111111 0.027604166666666666 0.14722222222222223
0 0.328125 0.799537037037037 0.013541666666666667 0.10092592592592593
0 0.34322916666666664 0.8092592592592592 0.017708333333333333 0.1111111111111111
0 0.23489583333333333 0.8263888888888888 0.046875 0.1824074074074074
0 0.31692708333333336 0.8287037037037037 0.0296875 0.15185185185185185
0 0.35598958333333336 0.8157407407407408 0.024479166666666666 0.1111111111111111
0 0.31979166666666664 0.8166666666666667 0.021875 0.11481481481481481
