0 0.603125 0.8222222222222222 0.103125 0.3537037037037037
0 0.015625 0.7986111111111112 0.03125 0.38425925925925924
0 0.09739583333333333 0.8236111111111111 0.084375 0.2916666666666667
0 0.3807291666666667 0.8157407407407408 0.021875 0.1259259259259259
0 0.38203125 0.8236111111111111 0.027604166666666666 0.14722222222222223
0 0.32760416666666664 0.799537037037037 0.013541666666666667 0.10092592592592593
0 0.34296875 0.8087962962962963 0.018229166666666668 0.11203703703703703
0 0.23385416666666667 0.8263888888888888 0.046875 0.18425925925925926
0 0.315625 0.8296296296296296 0.030208333333333334 0.15185185185185185
0 0.35572916666666665 0.8162037037037037 0.025 0.11018518518518519
0 0.3190104166666667 0.8171296296296297 0.022395833333333334 0.11574074074074074
