0 0.5958333333333333 0.8236111111111111 0.10104166666666667 0.3509259259259259
0 0.01640625 0.7981481481481482 0.0328125 0.38333333333333336
0 0.09921875 0.8240740740740741 0.08489583333333334 0.29074074074074074
0 0.3807291666666667 0.8157407407407408 0.021875 0.1259259259259259
0 0.38203125 0.8236111111111111 0.027604166666666666 0.14722222222222223
0 0.328125 0.799537037037037 0.013541666666666667 0.10092592592592593
0 0.34270833333333334 0.8097222222222222 0.017708333333333333 0.11203703703703703
0 0.234375 0.825925925925926 0.046875 0.18333333333333332
0 0.31666666666666665 0.8287037037037037 0.030208333333333334 0.15185185185185185
0 0.35572916666666665 0.8152777777777778 0.025 0.11018518518518519
0 0.31953125 0.8166666666666667 0.022395833333333334 0.11481481481481481
