0 0.5145833333333333 0.8273148148148148 0.10416666666666667 0.3435185185185185
0 0.030729166666666665 0.799537037037037 0.06145833333333333 0.3824074074074074
0 0.12005208333333334 0.8236111111111111 0.0609375 0.275
0 0.38515625 0.8185185185185185 0.021354166666666667 0.12407407407407407
0 0.38697916666666665 0.825462962962963 0.025 0.14351851851851852
0 0.32760416666666664 0.8004629629629629 0.014583333333333334 0.10092592592592593
0 0.34739583333333335 0.8092592592592592 0.017708333333333333 0.10740740740740741
0 0.24401041666666667 0.8263888888888888 0.044270833333333336 0.1787037037037037
0 0.32526041666666666 0.8268518518518518 0.03177083333333333 0.15185185185185185
0 0.35963541666666665 0.8162037037037037 0.024479166666666666 0.11203703703703703
0 0.32447916666666665 0.8180555555555555 0.020833333333333332 0.11018518518518519
