0 0.46458333333333335 0.8402777777777778 0.08125 0.3175925925925926
0 0.037760416666666664 0.8013888888888889 0.07552083333333333 0.375
0 0.13203125 0.8231481481481482 0.06197916666666667 0.26666666666666666
0 0.38828125 0.8194444444444444 0.021354166666666667 0.12222222222222222
0 0.39114583333333336 0.8231481481481482 0.028125 0.1388888888888889
0 0.32708333333333334 0.8 0.015625 0.1
0 0.35052083333333334 0.8064814814814815 0.017708333333333333 0.10555555555555556
0 0.2518229166666667 0.8273148148148148 0.04010416666666667 0.17685185185185184
0 0.33046875 0.8291666666666667 0.03177083333333333 0.14537037037037037
0 0.36276041666666664 0.8148148148148148 0.0265625 0.10925925925925926
0 0.328125 0.8199074074074074 0.021875 0.10462962962962963
