0 0.48723958333333334 0.8337962962962963 0.09114583333333333 0.33055555555555555
0 0.034895833333333334 0.8013888888888889 0.06979166666666667 0.38055555555555554
0 0.12552083333333333 0.8231481481481482 0.06041666666666667 0.2722222222222222
0 0.38671875 0.8189814814814815 0.021354166666666667 0.12314814814814815
0 0.3890625 0.8245370370370371 0.025 0.1398148148148148
0 0.32734375 0.8004629629629629 0.015104166666666667 0.10092592592592593
0 0.34921875 0.8078703703703703 0.018229166666666668 0.10648148148148148
0 0.2484375 0.8277777777777777 0.041666666666666664 0.18333333333333332
0 0.32838541666666665 0.8277777777777777 0.0328125 0.15
0 0.3614583333333333 0.8162037037037037 0.025 0.11018518518518519
0 0.3268229166666667 0.8180555555555555 0.021354166666666667 0.10648148148148148
