0 0.41458333333333336 0.8384259259259259 0.078125 0.3212962962962963
0 0.05520833333333333 0.8032407407407407 0.08333333333333333 0.35462962962962963
0 0.15052083333333333 0.8263888888888888 0.06458333333333334 0.2490740740740741
0 0.3921875 0.8212962962962963 0.020833333333333332 0.12037037037037036
0 0.3919270833333333 0.8185185185185185 0.03177083333333333 0.13518518518518519
0 0.3268229166666667 0.8009259259259259 0.016145833333333335 0.1
0 0.35598958333333336 0.8083333333333333 0.021354166666666667 0.10555555555555556
0 0.2591145833333333 0.8287037037037037 0.03177083333333333 0.16666666666666666
0 0.33645833333333336 0.8296296296296296 0.027083333333333334 0.1425925925925926
0 0.36666666666666664 0.8125 0.022916666666666665 0.11018518518518519
0 0.33671875 0.8143518518518519 0.021354166666666667 0.10833333333333334
