0 0.41015625 0.8402777777777778 0.07552083333333333 0.3175925925925926
0 0.059375 0.8013888888888889 0.08125 0.3527777777777778
0 0.15182291666666667 0.8268518518518518 0.06197916666666667 0.24814814814814815
0 0.3932291666666667 0.8208333333333333 0.020833333333333332 0.11944444444444445
0 0.3919270833333333 0.8180555555555555 0.03177083333333333 0.13425925925925927
0 0.3265625 0.8009259259259259 0.016666666666666666 0.1
0 0.35651041666666666 0.8092592592592592 0.021354166666666667 0.10555555555555556
0 0.2598958333333333 0.8287037037037037 0.03229166666666667 0.16666666666666666
0 0.3375 0.8296296296296296 0.027083333333333334 0.1425925925925926
0 0.36692708333333335 0.8138888888888889 0.022395833333333334 0.10925925925925926
0 0.33697916666666666 0.8152777777777778 0.021875 0.10833333333333334
