0 0.39609375 0.8476851851851852 0.06822916666666666 0.30277777777777776
0 0.06848958333333334 0.8013888888888889 0.07864583333333333 0.3490740740740741
0 0.15885416666666666 0.8277777777777777 0.059375 0.2462962962962963
0 0.39479166666666665 0.8226851851851852 0.020833333333333332 0.11944444444444445
0 0.39401041666666664 0.8208333333333333 0.0296875 0.13240740740740742
0 0.3263020833333333 0.8018518518518518 0.016145833333333335 0.1
0 0.3572916666666667 0.8125 0.020833333333333332 0.10462962962962963
0 0.26223958333333336 0.8282407407407407 0.033854166666666664 0.1675925925925926
0 0.33932291666666664 0.8296296296296296 0.0265625 0.14074074074074075
0 0.3684895833333333 0.8185185185185185 0.0234375 0.11481481481481481
0 0.3377604166666667 0.8189814814814815 0.0234375 0.11018518518518519
