0 0.34791666666666665 0.8611111111111112 0.0625 0.2759259259259259
0 0.0765625 0.8069444444444445 0.07604166666666666 0.33425925925925926
0 0.1734375 0.8324074074074074 0.05625 0.24444444444444444
0 0.40286458333333336 0.825462962962963 0.0203125 0.11574074074074074
0 0.3958333333333333 0.8277777777777777 0.025 0.13148148148148148
0 0.3234375 0.8041666666666667 0.016666666666666666 0.10648148148148148
0 0.35911458333333335 0.8152777777777778 0.0203125 0.10277777777777777
0 0.2640625 0.8319444444444445 0.03125 0.1675925925925926
0 0.34348958333333335 0.8319444444444445 0.03177083333333333 0.1398148148148148
0 0.37083333333333335 0.8199074074074074 0.020833333333333332 0.11018518518518519
0 0.3390625 0.8180555555555555 0.021875 0.10833333333333334
