0 0.3223958333333333 0.8527777777777777 0.0625 0.28703703703703703
0 0.07057291666666667 0.8060185185185185 0.0796875 0.3453703703703704
0 0.16484375 0.8310185185185185 0.0546875 0.24722222222222223
0 0.40208333333333335 0.8222222222222222 0.019791666666666666 0.12222222222222222
0 0.39166666666666666 0.8268518518518518 0.021875 0.12962962962962962
0 0.31328125 0.8013888888888889 0.0171875 0.11018518518518519
0 0.36015625 0.8143518518518519 0.0203125 0.10092592592592593
0 0.25703125 0.8310185185185185 0.033854166666666664 0.1712962962962963
0 0.34427083333333336 0.8333333333333334 0.029166666666666667 0.13518518518518519
0 0.37005208333333334 0.8189814814814815 0.021354166666666667 0.10462962962962963
0 0.33671875 0.8175925925925925 0.022395833333333334 0.10925925925925926
