0 0.26197916666666665 0.8314814814814815 0.065625 0.2740740740740741
0 0.026822916666666665 0.7833333333333333 0.05364583333333333 0.3592592592592593
0 0.12421875 0.8157407407407408 0.06510416666666667 0.2611111111111111
0 0.3890625 0.8157407407407408 0.023958333333333335 0.12407407407407407
0 0.3671875 0.8185185185185185 0.027083333333333334 0.13703703703703704
0 0.28515625 0.7939814814814815 0.018229166666666668 0.11944444444444445
0 0.3419270833333333 0.8087962962962963 0.018229166666666668 0.09537037037037037
0 0.22291666666666668 0.8231481481481482 0.0375 0.1814814814814815
0 0.31614583333333335 0.825925925925926 0.034375 0.1425925925925926
0 0.3515625 0.8092592592592592 0.017708333333333333 0.11296296296296296
0 0.32317708333333334 0.812037037037037 0.021354166666666667 0.11296296296296296
