0 0.2526041666666667 0.8263888888888888 0.0625 0.2824074074074074
0 0.018229166666666668 0.7800925925925926 0.036458333333333336 0.3638888888888889
0 0.10885416666666667 0.8166666666666667 0.06979166666666667 0.26296296296296295
0 0.3848958333333333 0.8152777777777778 0.021875 0.125
0 0.3611979166666667 0.8115740740740741 0.027604166666666666 0.13796296296296295
0 0.2752604166666667 0.7921296296296296 0.019270833333333334 0.12314814814814815
0 0.3359375 0.8069444444444445 0.019791666666666666 0.10277777777777777
0 0.21328125 0.8222222222222222 0.03802083333333333 0.18333333333333332
0 0.30911458333333336 0.8231481481481482 0.03177083333333333 0.14814814814814814
0 0.3458333333333333 0.8078703703703703 0.020833333333333332 0.11388888888888889
0 0.3182291666666667 0.8078703703703703 0.020833333333333332 0.1175925925925926
