0 0.25546875 0.8287037037037037 0.06197916666666667 0.2796296296296296
0 0.020833333333333332 0.7810185185185186 0.041666666666666664 0.36203703703703705
0 0.11302083333333333 0.8166666666666667 0.06875 0.26296296296296295
0 0.38619791666666664 0.8162037037037037 0.022395833333333334 0.125
0 0.36276041666666664 0.8143518518518519 0.027604166666666666 0.13796296296296295
0 0.27786458333333336 0.7930555555555555 0.018229166666666668 0.12129629629629629
0 0.3377604166666667 0.8078703703703703 0.019270833333333334 0.10092592592592593
0 0.21588541666666666 0.8222222222222222 0.03802083333333333 0.18333333333333332
0 0.3111979166666667 0.8240740740740741 0.0328125 0.14629629629629629
0 0.34739583333333335 0.8078703703703703 0.019791666666666666 0.11388888888888889
0 0.31927083333333334 0.8092592592592592 0.020833333333333332 0.11666666666666667
