0 0.24765625 0.8236111111111111 0.06302083333333333 0.2861111111111111
0 0.014583333333333334 0.7787037037037037 0.029166666666666667 0.36666666666666664
0 0.103125 0.8166666666666667 0.071875 0.26296296296296295
0 0.38333333333333336 0.8152777777777778 0.020833333333333332 0.125
0 0.35859375 0.8092592592592592 0.027604166666666666 0.1388888888888889
0 0.2716145833333333 0.7916666666666666 0.0203125 0.1259259259259259
0 0.33359375 0.8069444444444445 0.0203125 0.10648148148148148
0 0.20963541666666666 0.8217592592592593 0.03802083333333333 0.18425925925925926
0 0.3067708333333333 0.8222222222222222 0.030208333333333334 0.15
0 0.34375 0.8069444444444445 0.021875 0.11388888888888889
0 0.31614583333333335 0.8069444444444445 0.020833333333333332 0.11944444444444445
