0 0.25755208333333335 0.8296296296296296 0.06302083333333333 0.2777777777777778
0 0.023177083333333334 0.7810185185185186 0.04635416666666667 0.36018518518518516
0 0.1171875 0.8157407407407408 0.06770833333333333 0.26296296296296295
0 0.38697916666666665 0.8162037037037037 0.022916666666666665 0.125
0 0.3640625 0.8162037037037037 0.027083333333333334 0.13796296296296295
0 0.28046875 0.7930555555555555 0.018229166666666668 0.12129629629629629
0 0.3390625 0.8083333333333333 0.01875 0.09814814814814815
0 0.21770833333333334 0.8222222222222222 0.0375 0.18333333333333332
0 0.3125 0.8240740740740741 0.03333333333333333 0.14444444444444443
0 0.3484375 0.8074074074074075 0.01875 0.11296296296296296
0 0.3203125 0.8101851851851852 0.020833333333333332 0.11481481481481481
