0 0.27291666666666664 0.6361111111111111 0.020833333333333332 0.07962962962962963
0 0.6669270833333333 0.6421296296296296 0.021354166666666667 0.11018518518518519
0 0.24739583333333334 0.6203703703703703 0.011458333333333333 0.05185185185185185
0 0.5903645833333333 0.6351851851851852 0.0171875 0.08888888888888889
0 0.9794270833333333 0.6453703703703704 0.015104166666666667 0.06296296296296296
0 0.6940104166666666 0.6398148148148148 0.0203125 0.10185185185185185
0 0.6361979166666667 0.6569444444444444 0.0234375 0.11203703703703703
0 0.8794270833333333 0.6453703703703704 0.0234375 0.08888888888888889
0 0.6815104166666667 0.6412037037037037 0.024479166666666666 0.11018518518518519
0 0.7104166666666667 0.6472222222222223 0.020833333333333332 0.09814814814814815
0 0.6546875 0.6356481481481482 0.022916666666666665 0.09537037037037037
0 0.5817708333333333 0.6393518518518518 0.017708333333333333 0.08796296296296297
0 0.3372395833333333 0.6282407407407408 0.0109375 0.04722222222222222
0 0.6536458333333334 0.6578703703703703 0.021875 0.09722222222222222
0 0.43697916666666664 0.6564814814814814 0.027083333333333334 0.0962962962962963
