0 0.24166666666666667 0.6388888888888888 0.020833333333333332 0.08888888888888889
0 0.6940104166666666 0.6370370370370371 0.0265625 0.11296296296296296
0 0.22916666666666666 0.6148148148148148 0.011458333333333333 0.05185185185185185
0 0.60703125 0.6365740740740741 0.019270833333333334 0.10277777777777777
0 0.72578125 0.6458333333333334 0.0265625 0.12314814814814815
0 0.6690104166666667 0.6643518518518519 0.028645833333333332 0.13796296296296295
0 0.9395833333333333 0.6444444444444445 0.023958333333333335 0.1037037037037037
0 0.71015625 0.6412037037037037 0.027604166666666666 0.12314814814814815
0 0.7471354166666667 0.649537037037037 0.022395833333333334 0.11203703703703703
0 0.6838541666666667 0.6347222222222222 0.027083333333333334 0.1175925925925926
0 0.5963541666666666 0.638425925925926 0.019791666666666666 0.09722222222222222
0 0.6890625 0.6564814814814814 0.026041666666666668 0.11481481481481481
0 0.44973958333333336 0.6611111111111111 0.0265625 0.11481481481481481
