0 0.2390625 0.6393518518518518 0.020833333333333332 0.08981481481481482
0 0.6966145833333334 0.6370370370370371 0.0265625 0.11296296296296296
0 0.228125 0.6148148148148148 0.011458333333333333 0.05185185185185185
0 0.6088541666666667 0.6370370370370371 0.019791666666666666 0.1037037037037037
0 0.72890625 0.6458333333333334 0.0265625 0.125
0 0.671875 0.6657407407407407 0.029166666666666667 0.14074074074074075
0 0.9453125 0.6444444444444445 0.023958333333333335 0.1037037037037037
0 0.71328125 0.6407407407407407 0.027604166666666666 0.12407407407407407
0 0.7502604166666667 0.649537037037037 0.022395833333333334 0.11388888888888889
0 0.68671875 0.6347222222222222 0.027604166666666666 0.11944444444444445
0 0.5973958333333333 0.637962962962963 0.019791666666666666 0.09814814814814815
0 0.69296875 0.6564814814814814 0.0265625 0.11666666666666667
0 0.4505208333333333 0.663425925925926 0.027083333333333334 0.1175925925925926
