0 0.19895833333333332 0.637962962962963 0.021875 0.10185185185185185
0 0.7356770833333334 0.6361111111111111 0.028645833333333332 0.14074074074074075
0 0.209375 0.6138888888888889 0.011458333333333333 0.05185185185185185
0 0.6317708333333333 0.6300925925925925 0.023958333333333335 0.12129629629629629
0 0.7768229166666667 0.6416666666666667 0.0296875 0.14074074074074075
0 0.7203125 0.6689814814814815 0.035416666666666666 0.18055555555555555
0 0.7588541666666667 0.6407407407407407 0.03229166666666667 0.14444444444444443
0 0.8026041666666667 0.6435185185185185 0.027083333333333334 0.12962962962962962
0 0.7252604166666666 0.6388888888888888 0.0296875 0.1425925925925926
0 0.6192708333333333 0.6375 0.025 0.11944444444444445
0 0.74609375 0.6578703703703703 0.034895833333333334 0.1361111111111111
0 0.47265625 0.6620370370370371 0.030729166666666665 0.14444444444444443
