0 0.17916666666666667 0.6430555555555556 0.023958333333333335 0.10833333333333334
0 0.7575520833333333 0.6430555555555556 0.0296875 0.15462962962962962
0 0.20260416666666667 0.6189814814814815 0.0125 0.05462962962962963
0 0.6432291666666666 0.6361111111111111 0.025 0.13148148148148148
0 0.80234375 0.6416666666666667 0.03177083333333333 0.14444444444444443
0 0.7489583333333333 0.6819444444444445 0.03854166666666667 0.20277777777777778
0 0.8296875 0.6523148148148148 0.029166666666666667 0.1398148148148148
0 0.74609375 0.6421296296296296 0.0296875 0.1527777777777778
0 0.6283854166666667 0.6430555555555556 0.0265625 0.125
0 0.7786458333333334 0.6638888888888889 0.0375 0.14814814814814814
0 0.4859375 0.6773148148148148 0.04895833333333333 0.15833333333333333
