0 0.19296875 0.6388888888888888 0.022395833333333334 0.1037037037037037
0 0.7424479166666667 0.638425925925926 0.028645833333333332 0.14537037037037037
0 0.20755208333333333 0.6171296296296296 0.011979166666666667 0.05277777777777778
0 0.6356770833333333 0.6310185185185185 0.024479166666666666 0.125
0 0.78515625 0.6416666666666667 0.030729166666666665 0.1425925925925926
0 0.7296875 0.6726851851851852 0.036458333333333336 0.18796296296296297
0 0.7669270833333334 0.6402777777777777 0.0328125 0.14907407407407408
0 0.8106770833333333 0.6481481481481481 0.027604166666666666 0.13333333333333333
0 0.73203125 0.6402777777777777 0.0296875 0.14537037037037037
0 0.62265625 0.6398148148148148 0.025520833333333333 0.12222222222222222
0 0.75625 0.6597222222222222 0.036458333333333336 0.1398148148148148
0 0.47708333333333336 0.6666666666666666 0.036458333333333336 0.15
