0 0.1453125 0.6407407407407407 0.025 0.12222222222222222
0 0.796875 0.6462962962962963 0.03125 0.17592592592592593
0 0.19114583333333332 0.6152777777777778 0.014583333333333334 0.058333333333333334
0 0.665625 0.6351851851851852 0.027083333333333334 0.14814814814814814
0 0.79765625 0.6949074074074074 0.04739583333333333 0.23796296296296296
0 0.8744791666666667 0.6532407407407408 0.030208333333333334 0.15648148148148147
0 0.784375 0.6435185185185185 0.03229166666666667 0.17592592592592593
0 0.6463541666666667 0.6449074074074074 0.029166666666666667 0.1398148148148148
0 0.8338541666666667 0.6722222222222223 0.03958333333333333 0.17222222222222222
0 0.5138020833333333 0.6791666666666667 0.034895833333333334 0.18796296296296297
