0 0.12083333333333333 0.6444444444444445 0.025 0.13148148148148148
0 0.8252604166666667 0.6527777777777778 0.0328125 0.18888888888888888
0 0.18515625 0.6162037037037037 0.016145833333333335 0.06018518518518518
0 0.6815104166666667 0.6472222222222223 0.028645833333333332 0.15925925925925927
0 0.8411458333333334 0.7041666666666667 0.051041666666666666 0.25462962962962965
0 0.9075520833333334 0.6564814814814814 0.0296875 0.15925925925925927
0 0.8151041666666666 0.6546296296296297 0.034375 0.19444444444444445
0 0.66171875 0.6546296296296297 0.0296875 0.1425925925925926
0 0.8776041666666666 0.6962962962962963 0.042708333333333334 0.2222222222222222
0 0.5341145833333333 0.6986111111111111 0.0578125 0.2064814814814815
