0 0.09895833333333333 0.6527777777777778 0.027083333333333334 0.1388888888888889
0 0.8494791666666667 0.662962962962963 0.034375 0.2
0 0.1796875 0.6287037037037037 0.016666666666666666 0.06296296296296296
0 0.6963541666666667 0.6537037037037037 0.030208333333333334 0.17037037037037037
0 0.88125 0.7226851851851852 0.05 0.28055555555555556
0 0.9393229166666667 0.6722222222222223 0.0296875 0.15925925925925927
0 0.8403645833333333 0.6680555555555555 0.034895833333333334 0.2101851851851852
0 0.6752604166666667 0.6564814814814814 0.0296875 0.14629629629629629
0 0.9177083333333333 0.7189814814814814 0.04375 0.2675925925925926
0 0.5557291666666667 0.7208333333333333 0.046875 0.23425925925925925
