0 0.2203125 0.6398148148148148 0.026041666666666668 0.09444444444444444
0 0.5078125 0.6324074074074074 0.010416666666666666 0.027777777777777776
0 0.7385416666666667 0.6375 0.023958333333333335 0.07314814814814814
0 0.15703125 0.6569444444444444 0.0328125 0.14537037037037037
0 0.6453125 0.6342592592592593 0.01875 0.07962962962962963
0 0.5005208333333333 0.6291666666666667 0.010416666666666666 0.03981481481481482
0 0.34322916666666664 0.6277777777777778 0.011458333333333333 0.05
0 0.6283854166666667 0.6310185185185185 0.024479166666666666 0.0824074074074074
0 0.5276041666666667 0.6314814814814815 0.0125 0.05185185185185185
0 0.6651041666666667 0.6833333333333333 0.04375 0.2074074074074074
