0 0.221875 0.6398148148148148 0.026041666666666668 0.09259259259259259
0 0.5078125 0.6324074074074074 0.010416666666666666 0.027777777777777776
0 0.7380208333333333 0.6375 0.023958333333333335 0.07314814814814814
0 0.15963541666666667 0.6564814814814814 0.0328125 0.14444444444444443
0 0.6458333333333334 0.6347222222222222 0.01875 0.0787037037037037
0 0.5005208333333333 0.6291666666666667 0.010416666666666666 0.03981481481481482
0 0.34296875 0.6277777777777778 0.0109375 0.05
0 0.6283854166666667 0.6305555555555555 0.024479166666666666 0.08148148148148149
0 0.5276041666666667 0.6319444444444444 0.0125 0.05277777777777778
0 0.6630208333333333 0.6814814814814815 0.04375 0.20555555555555555
