0 0.19166666666666668 0.6412037037037037 0.027083333333333334 0.10833333333333334
0 0.509375 0.6305555555555555 0.010416666666666666 0.027777777777777776
0 0.7442708333333333 0.6300925925925925 0.025 0.0824074074074074
0 0.10416666666666667 0.6532407407407408 0.035416666666666666 0.15648148148148147
0 0.6424479166666667 0.6300925925925925 0.025520833333333333 0.08981481481481482
0 0.5020833333333333 0.6226851851851852 0.010416666666666666 0.03981481481481482
0 0.34140625 0.6231481481481481 0.011979166666666667 0.05
0 0.5223958333333333 0.6203703703703703 0.010416666666666666 0.05
0 0.6263020833333334 0.6310185185185185 0.021354166666666667 0.08981481481481482
0 0.528125 0.6268518518518519 0.0125 0.05185185185185185
0 0.709375 0.6916666666666667 0.052083333333333336 0.2740740740740741
