0 0.14296875 0.6523148148148148 0.034895833333333334 0.13425925925925927
0 0.5098958333333333 0.6287037037037037 0.010416666666666666 0.027777777777777776
0 0.7421875 0.6268518518518519 0.023958333333333335 0.08333333333333333
0 0.04192708333333333 0.6532407407407408 0.0359375 0.15833333333333333
0 0.6216145833333333 0.6361111111111111 0.030729166666666665 0.10555555555555556
0 0.5018229166666667 0.6226851851851852 0.0109375 0.04351851851851852
0 0.33932291666666664 0.6240740740740741 0.013020833333333334 0.05185185185185185
0 0.5203125 0.6222222222222222 0.010416666666666666 0.05
0 0.59921875 0.6337962962962963 0.028645833333333332 0.10092592592592593
0 0.52890625 0.625462962962963 0.013020833333333334 0.05092592592592592
0 0.6619791666666667 0.7546296296296297 0.10625 0.37222222222222223
