0 0.13098958333333333 0.6569444444444444 0.034895833333333334 0.14166666666666666
0 0.5098958333333333 0.6296296296296297 0.010416666666666666 0.027777777777777776
0 0.78046875 0.6314814814814815 0.0296875 0.08888888888888889
0 0.7315104166666667 0.6273148148148148 0.024479166666666666 0.08425925925925926
0 0.025520833333333333 0.6476851851851851 0.03333333333333333 0.1527777777777778
0 0.6041666666666666 0.6370370370370371 0.027083333333333334 0.1037037037037037
0 0.5026041666666666 0.624537037037037 0.011458333333333333 0.04722222222222222
0 0.33880208333333334 0.6277777777777778 0.013020833333333334 0.05185185185185185
0 0.5203125 0.6222222222222222 0.010416666666666666 0.05
0 0.5924479166666666 0.6365740740740741 0.022395833333333334 0.10092592592592593
0 0.52890625 0.625462962962963 0.013020833333333334 0.05092592592592592
0 0.5489583333333333 0.7620370370370371 0.10520833333333333 0.412962962962963
