0 0.12734375 0.6546296296296297 0.034895833333333334 0.1425925925925926
0 0.5098958333333333 0.6314814814814815 0.010416666666666666 0.027777777777777776
0 0.7763020833333333 0.6305555555555555 0.0296875 0.08703703703703704
0 0.72734375 0.6287037037037037 0.024479166666666666 0.08518518518518518
0 0.02109375 0.6462962962962963 0.03177083333333333 0.15
0 0.59765625 0.6365740740740741 0.034895833333333334 0.10648148148148148
0 0.5026041666666666 0.6240740740740741 0.011458333333333333 0.046296296296296294
0 0.33880208333333334 0.6287037037037037 0.013020833333333334 0.05185185185185185
0 0.5197916666666667 0.6212962962962963 0.010416666666666666 0.05
0 0.5890625 0.6375 0.019791666666666666 0.10092592592592593
0 0.52890625 0.625462962962963 0.013020833333333334 0.05092592592592592
0 0.52890625 0.7662037037037037 0.11197916666666667 0.41203703703703703
