0 0.12473958333333333 0.6537037037037037 0.034895833333333334 0.1425925925925926
0 0.5098958333333333 0.6314814814814815 0.010416666666666666 0.027777777777777776
0 0.7747395833333334 0.6310185185185185 0.0296875 0.08611111111111111
0 0.7247395833333333 0.6291666666666667 0.024479166666666666 0.08611111111111111
0 0.018489583333333334 0.6453703703703704 0.030729166666666665 0.14814814814814814
0 0.5932291666666667 0.6365740740740741 0.03333333333333333 0.10648148148148148
0 0.5028645833333333 0.6240740740740741 0.011979166666666667 0.046296296296296294
0 0.33880208333333334 0.6287037037037037 0.013020833333333334 0.05185185185185185
0 0.5192708333333333 0.6203703703703703 0.010416666666666666 0.05
0 0.5864583333333333 0.6375 0.019791666666666666 0.10092592592592593
0 0.52890625 0.625462962962963 0.013020833333333334 0.05092592592592592
0 0.496875 0.7685185185185185 0.096875 0.412962962962963
