0 0.11979166666666667 0.6578703703703703 0.035416666666666666 0.14537037037037037
0 0.5098958333333333 0.6314814814814815 0.010416666666666666 0.027777777777777776
0 0.7700520833333333 0.6333333333333333 0.0296875 0.08518518518518518
0 0.7151041666666667 0.6324074074074074 0.026041666666666668 0.08888888888888889
0 0.013020833333333334 0.6439814814814815 0.026041666666666668 0.14351851851851852
0 0.5822916666666667 0.6375 0.027083333333333334 0.10648148148148148
0 0.5028645833333333 0.6236111111111111 0.011979166666666667 0.04537037037037037
0 0.33880208333333334 0.6287037037037037 0.013020833333333334 0.05185185185185185
0 0.5192708333333333 0.6194444444444445 0.010416666666666666 0.05
0 0.52890625 0.625462962962963 0.013020833333333334 0.05092592592592592
0 0.4276041666666667 0.7671296296296296 0.11145833333333334 0.4212962962962963
