0 0.11848958333333333 0.6578703703703703 0.0359375 0.14722222222222223
0 0.5098958333333333 0.6314814814814815 0.010416666666666666 0.027777777777777776
0 0.7682291666666666 0.6333333333333333 0.030208333333333334 0.08518518518518518
0 0.7140625 0.6324074074074074 0.026041666666666668 0.08888888888888889
0 0.011458333333333333 0.6458333333333334 0.022916666666666665 0.14351851851851852
0 0.5794270833333334 0.637962962962963 0.027604166666666666 0.10555555555555556
0 0.5028645833333333 0.6236111111111111 0.011979166666666667 0.04537037037037037
0 0.33880208333333334 0.6277777777777778 0.013020833333333334 0.05185185185185185
0 0.5192708333333333 0.6194444444444445 0.010416666666666666 0.05
0 0.52890625 0.625462962962963 0.013020833333333334 0.05092592592592592
0 0.40598958333333335 0.7671296296296296 0.10885416666666667 0.4212962962962963
