0 0.1171875 0.6578703703703703 0.036458333333333336 0.14907407407407408
0 0.5098958333333333 0.6314814814814815 0.010416666666666666 0.027777777777777776
0 0.7669270833333334 0.6333333333333333 0.0296875 0.08518518518518518
0 0.7135416666666666 0.6324074074074074 0.026041666666666668 0.08888888888888889
0 0.010677083333333334 0.6458333333333334 0.021354166666666667 0.14351851851851852
0 0.5778645833333333 0.6388888888888888 0.0296875 0.10555555555555556
0 0.5028645833333333 0.6236111111111111 0.011979166666666667 0.04537037037037037
0 0.33880208333333334 0.6277777777777778 0.013020833333333334 0.05185185185185185
0 0.5192708333333333 0.6194444444444445 0.010416666666666666 0.05
0 0.52890625 0.625462962962963 0.013020833333333334 0.05092592592592592
0 0.3958333333333333 0.7671296296296296 0.10833333333333334 0.4212962962962963
