0 0.11223958333333334 0.6587962962962963 0.03697916666666667 0.1527777777777778
0 0.5098958333333333 0.6314814814814815 0.010416666666666666 0.027777777777777776
0 0.7622395833333333 0.6324074074074074 0.027604166666666666 0.08518518518518518
0 0.71328125 0.6324074074074074 0.0265625 0.08888888888888889
0 0.009635416666666667 0.6467592592592593 0.019270833333333334 0.14351851851851852
0 0.5739583333333333 0.6416666666666667 0.036458333333333336 0.10555555555555556
0 0.5028645833333333 0.6236111111111111 0.011979166666666667 0.04537037037037037
0 0.5192708333333333 0.6194444444444445 0.010416666666666666 0.05
0 0.52890625 0.625462962962963 0.013020833333333334 0.05092592592592592
0 0.37161458333333336 0.7666666666666667 0.1203125 0.4222222222222222
