0 0.11875 0.6370370370370371 0.025 0.11296296296296296
0 0.8747395833333333 0.6550925925925926 0.04010416666666667 0.175
0 0.3684895833333333 0.6560185185185186 0.011979166666666667 0.04351851851851852
0 0.10130208333333333 0.65 0.0171875 0.08148148148148149
0 0.24713541666666666 0.6416666666666667 0.015104166666666667 0.05555555555555555
0 0.30625 0.649537037037037 0.010416666666666666 0.030555555555555555
0 0.7940104166666667 0.6550925925925926 0.018229166666666668 0.09722222222222222
0 0.34791666666666665 0.6453703703703704 0.010416666666666666 0.053703703703703705
0 0.8078125 0.6550925925925926 0.017708333333333333 0.09351851851851851
0 0.29739583333333336 0.65 0.019791666666666666 0.07222222222222222
0 0.3203125 0.6472222222222223 0.01875 0.06111111111111111
0 0.5518229166666667 0.6662037037037037 0.011979166666666667 0.075
0 0.9369791666666667 0.7203703703703703 0.036458333333333336 0.22407407407407406
