0 0.13385416666666666 0.6402777777777777 0.023958333333333335 0.11018518518518519
0 0.8619791666666666 0.6550925925925926 0.0375 0.1712962962962963
0 0.37265625 0.6569444444444444 0.011979166666666667 0.04351851851851852
0 0.11588541666666667 0.6555555555555556 0.016145833333333335 0.07962962962962963
0 0.25442708333333336 0.6416666666666667 0.015104166666666667 0.05555555555555555
0 0.3109375 0.6532407407407408 0.010416666666666666 0.030555555555555555
0 0.7859375 0.6550925925925926 0.017708333333333333 0.09537037037037037
0 0.97109375 0.6541666666666667 0.0296875 0.15833333333333333
0 0.3515625 0.6467592592592593 0.010416666666666666 0.049074074074074076
0 0.8 0.6560185185185186 0.017708333333333333 0.09351851851851851
0 0.3033854166666667 0.649537037037037 0.019270833333333334 0.0712962962962963
0 0.3265625 0.6472222222222223 0.01875 0.06111111111111111
0 0.5520833333333334 0.6657407407407407 0.014583333333333334 0.08148148148148149
