0 0.06848958333333334 0.6361111111111111 0.0296875 0.1259259259259259
0 0.9174479166666667 0.6574074074074074 0.043229166666666666 0.1925925925925926
0 0.3580729166666667 0.6532407407407408 0.011979166666666667 0.04351851851851852
0 0.053125 0.6532407407407408 0.017708333333333333 0.08796296296296297
0 0.22682291666666668 0.6416666666666667 0.015104166666666667 0.05555555555555555
0 0.29270833333333335 0.6513888888888889 0.010416666666666666 0.030555555555555555
0 0.8197916666666667 0.6583333333333333 0.021875 0.10555555555555556
0 0.3338541666666667 0.6504629629629629 0.010416666666666666 0.05462962962962963
0 0.8364583333333333 0.6560185185185186 0.021875 0.10833333333333334
0 0.27708333333333335 0.649074074074074 0.019791666666666666 0.07592592592592592
0 0.30625 0.6481481481481481 0.01875 0.06666666666666667
0 0.54921875 0.6657407407407407 0.0140625 0.08518518518518518
