0 0.32890625 0.6625 0.011979166666666667 0.03981481481481482
0 0.27265625 0.649537037037037 0.013020833333333334 0.04722222222222222
0 0.3138020833333333 0.6550925925925926 0.0109375 0.05092592592592592
0 0.16119791666666666 0.6430555555555556 0.021354166666666667 0.05648148148148148
0 0.25104166666666666 0.6569444444444444 0.010416666666666666 0.030555555555555555
0 0.9390625 0.6689814814814815 0.029166666666666667 0.16203703703703703
0 0.2947916666666667 0.6555555555555556 0.010416666666666666 0.053703703703703705
0 0.95390625 0.6643518518518519 0.0328125 0.14722222222222223
0 0.21875 0.6569444444444444 0.019791666666666666 0.09537037037037037
0 0.259375 0.6523148148148148 0.019791666666666666 0.08425925925925926
0 0.9739583333333334 0.6518518518518519 0.023958333333333335 0.1037037037037037
0 0.5502604166666667 0.675 0.0171875 0.10555555555555556
