0 0.33046875 0.6611111111111111 0.011979166666666667 0.040740740740740744
0 0.27421875 0.649537037037037 0.013020833333333334 0.04722222222222222
0 0.31588541666666664 0.6550925925925926 0.0109375 0.05092592592592592
0 0.9549479166666667 0.649537037037037 0.022395833333333334 0.10833333333333334
0 0.16692708333333334 0.6449074074074074 0.0203125 0.05648148148148148
0 0.25364583333333335 0.6569444444444444 0.010416666666666666 0.030555555555555555
0 0.925 0.6699074074074074 0.028125 0.15833333333333333
0 0.29739583333333336 0.6546296296296297 0.010416666666666666 0.053703703703703705
0 0.9408854166666667 0.6671296296296296 0.0328125 0.14722222222222223
0 0.2234375 0.6569444444444444 0.019791666666666666 0.09351851851851851
0 0.2625 0.6527777777777778 0.019791666666666666 0.08333333333333333
0 0.9671875 0.6518518518518519 0.023958333333333335 0.1037037037037037
0 0.5484375 0.6754629629629629 0.016666666666666666 0.10277777777777777
