0 0.24296875 0.638425925925926 0.0140625 0.05462962962962963
0 0.30390625 0.6537037037037037 0.011979166666666667 0.05185185185185185
0 0.25390625 0.6398148148148148 0.011979166666666667 0.053703703703703705
0 0.28619791666666666 0.6453703703703704 0.013020833333333334 0.06111111111111111
0 0.09791666666666667 0.6351851851851852 0.025 0.07592592592592592
0 0.22083333333333333 0.649074074074074 0.010416666666666666 0.040740740740740744
0 0.26953125 0.6435185185185185 0.013020833333333334 0.06111111111111111
0 0.1578125 0.6518518518518519 0.025 0.12037037037037036
0 0.21979166666666666 0.6449074074074074 0.021875 0.09537037037037037
0 0.5817708333333333 0.6833333333333333 0.025 0.14814814814814814
