0 0.24869791666666666 0.6356481481481482 0.0140625 0.049074074074074076
0 0.3106770833333333 0.6550925925925926 0.011979166666666667 0.049074074074074076
0 0.26015625 0.6407407407407407 0.011979166666666667 0.05555555555555555
0 0.2942708333333333 0.6458333333333334 0.0125 0.062037037037037036
0 0.11770833333333333 0.6342592592592593 0.025 0.06851851851851852
0 0.23020833333333332 0.6481481481481481 0.010416666666666666 0.03518518518518519
0 0.27786458333333336 0.6398148148148148 0.013020833333333334 0.06111111111111111
0 0.18020833333333333 0.6425925925925926 0.026041666666666668 0.10740740740740741
0 0.234375 0.6439814814814815 0.019791666666666666 0.08611111111111111
0 0.56953125 0.6787037037037037 0.021354166666666667 0.12962962962962962
