0 0.24817708333333333 0.6351851851851852 0.0140625 0.05
0 0.30963541666666666 0.6541666666666667 0.011979166666666667 0.049074074074074076
0 0.2596354166666667 0.6407407407407407 0.011979166666666667 0.05555555555555555
0 0.29270833333333335 0.6449074074074074 0.0125 0.062037037037037036
0 0.11510416666666666 0.6347222222222222 0.025 0.06944444444444445
0 0.22916666666666666 0.6476851851851851 0.010416666666666666 0.03611111111111111
0 0.27682291666666664 0.637962962962963 0.013020833333333334 0.06111111111111111
0 0.17630208333333333 0.6421296296296296 0.0234375 0.10833333333333334
0 0.2328125 0.6430555555555556 0.019791666666666666 0.08611111111111111
0 0.5708333333333333 0.6773148148148148 0.021875 0.13240740740740742
