0 0.23619791666666667 0.6476851851851851 0.0140625 0.06018518518518518
0 0.8557291666666667 0.6685185185185185 0.027083333333333334 0.0962962962962963
0 0.29453125 0.6694444444444444 0.011979166666666667 0.05925925925925926
0 0.24921875 0.6518518518518519 0.011979166666666667 0.05555555555555555
0 0.27890625 0.6555555555555556 0.013020833333333334 0.06111111111111111
0 0.075 0.6407407407407407 0.025 0.08148148148148149
0 0.2109375 0.6564814814814814 0.010416666666666666 0.037037037037037035
0 0.7385416666666667 0.6828703703703703 0.027083333333333334 0.09537037037037037
0 0.26119791666666664 0.6569444444444444 0.013020833333333334 0.06388888888888888
0 0.31875 0.6564814814814814 0.016666666666666666 0.06481481481481481
0 0.13645833333333332 0.6625 0.029166666666666667 0.12685185185185185
0 0.20572916666666666 0.6569444444444444 0.025 0.10648148148148148
0 0.596875 0.6990740740740741 0.030208333333333334 0.1648148148148148
