0 0.22734375 0.6435185185185185 0.016145833333333335 0.05925925925925926
0 0.8494791666666667 0.6537037037037037 0.01875 0.09259259259259259
0 0.91640625 0.6546296296296297 0.027604166666666666 0.10925925925925926
0 0.27447916666666666 0.6620370370370371 0.0125 0.05925925925925926
0 0.23671875 0.6430555555555556 0.011979166666666667 0.058333333333333334
0 0.2635416666666667 0.6523148148148148 0.017708333333333333 0.08055555555555556
0 0.82265625 0.6421296296296296 0.0203125 0.0787037037037037
0 0.0234375 0.6412037037037037 0.021875 0.08796296296296297
0 0.1921875 0.6587962962962963 0.010416666666666666 0.03611111111111111
0 0.77578125 0.6625 0.028645833333333332 0.09907407407407408
0 0.24270833333333333 0.6532407407407408 0.014583333333333334 0.07314814814814814
0 0.3223958333333333 0.6532407407407408 0.016666666666666666 0.06574074074074074
0 0.08489583333333334 0.6643518518518519 0.03854166666666667 0.14722222222222223
0 0.16640625 0.6550925925925926 0.030729166666666665 0.11203703703703703
0 0.8583333333333333 0.6578703703703703 0.022916666666666665 0.11388888888888889
0 0.6453125 0.7023148148148148 0.03958333333333333 0.225
