0 0.2203125 0.6439814814814815 0.016666666666666666 0.062037037037037036
0 0.8942708333333333 0.6472222222222223 0.020833333333333332 0.09814814814814815
0 0.9536458333333333 0.6449074074074074 0.030208333333333334 0.1175925925925926
0 0.26458333333333334 0.6597222222222222 0.016666666666666666 0.06388888888888888
0 0.23307291666666666 0.6472222222222223 0.011979166666666667 0.06111111111111111
0 0.25416666666666665 0.6518518518518519 0.01875 0.08333333333333333
0 0.8546875 0.6435185185185185 0.020833333333333332 0.09074074074074075
0 0.18229166666666666 0.6550925925925926 0.010416666666666666 0.04351851851851852
0 0.7997395833333333 0.6541666666666667 0.028645833333333332 0.09907407407407408
0 0.23333333333333334 0.65 0.016666666666666666 0.07592592592592592
0 0.3223958333333333 0.6532407407407408 0.016666666666666666 0.06574074074074074
0 0.055989583333333336 0.6601851851851852 0.04114583333333333 0.15555555555555556
0 0.14765625 0.6523148148148148 0.030729166666666665 0.11944444444444445
0 0.8864583333333333 0.65 0.022916666666666665 0.10740740740740741
0 0.68515625 0.712037037037037 0.0515625 0.27037037037037037
