0 0.21380208333333334 0.6527777777777778 0.0171875 0.06666666666666667
0 0.9854166666666667 0.6449074074074074 0.022916666666666665 0.10833333333333334
0 0.25 0.6722222222222223 0.017708333333333333 0.07777777777777778
0 0.22578125 0.6541666666666667 0.011979166666666667 0.06574074074074074
0 0.23255208333333333 0.6527777777777778 0.019270833333333334 0.08703703703703704
0 0.9239583333333333 0.6509259259259259 0.020833333333333332 0.11666666666666667
0 0.159375 0.6657407407407407 0.010416666666666666 0.04259259259259259
0 0.84921875 0.6578703703703703 0.028645833333333332 0.10648148148148148
0 0.2140625 0.6597222222222222 0.021875 0.08425925925925926
0 0.3234375 0.6555555555555556 0.016666666666666666 0.07592592592592592
0 0.11276041666666667 0.6592592592592592 0.04114583333333333 0.13333333333333333
0 0.9486979166666667 0.6597222222222222 0.027604166666666666 0.13425925925925927
0 0.8171875 0.7555555555555555 0.0875 0.4148148148148148
