0 0.20364583333333333 0.649074074074074 0.01875 0.06851851851851852
0 0.23645833333333333 0.6722222222222223 0.017708333333333333 0.07407407407407407
0 0.22161458333333334 0.6597222222222222 0.0203125 0.09166666666666666
0 0.14661458333333333 0.6662037037037037 0.011979166666666667 0.04351851851851852
0 0.88203125 0.6560185185185186 0.028645833333333332 0.10648148148148148
0 0.20208333333333334 0.6574074074074074 0.022916666666666665 0.08888888888888889
0 0.3171875 0.6555555555555556 0.016666666666666666 0.07592592592592592
0 0.08020833333333334 0.6611111111111111 0.04479166666666667 0.14444444444444443
0 0.98671875 0.6513888888888889 0.025520833333333333 0.14722222222222223
0 0.9473958333333333 0.7458333333333333 0.1 0.49166666666666664
