0 0.184375 0.7625 0.036458333333333336 0.21944444444444444
0 0.13828125 0.774537037037037 0.05677083333333333 0.2657407407407407
0 0.4661458333333333 0.6958333333333333 0.025 0.09722222222222222
0 0.1578125 0.7736111111111111 0.04375 0.24166666666666667
0 0.9765625 0.7791666666666667 0.04583333333333333 0.41944444444444445
0 0.6114583333333333 0.6731481481481482 0.020833333333333332 0.07592592592592592
0 0.5921875 0.6759259259259259 0.020833333333333332 0.07037037037037037
0 0.20651041666666667 0.7657407407407407 0.06822916666666666 0.2796296296296296
0 0.5424479166666667 0.6888888888888889 0.0296875 0.09074074074074075
0 0.8575520833333333 0.8027777777777778 0.09947916666666666 0.3888888888888889
