0 0.18177083333333333 0.7587962962962963 0.034375 0.2064814814814815
0 0.14036458333333332 0.775 0.0578125 0.2722222222222222
0 0.46380208333333334 0.6972222222222222 0.024479166666666666 0.1
0 0.15833333333333333 0.775 0.041666666666666664 0.24259259259259258
0 0.9653645833333333 0.7805555555555556 0.06822916666666666 0.42407407407407405
0 0.6083333333333333 0.674074074074074 0.020833333333333332 0.07592592592592592
0 0.5890625 0.6777777777777778 0.020833333333333332 0.07037037037037037
0 0.20651041666666667 0.7657407407407407 0.06510416666666667 0.2777777777777778
0 0.5408854166666667 0.687962962962963 0.0296875 0.09074074074074075
0 0.8229166666666666 0.8046296296296296 0.09895833333333333 0.387037037037037
