0 0.17604166666666668 0.7532407407407408 0.03229166666666667 0.20462962962962963
0 0.14453125 0.7782407407407408 0.06510416666666667 0.27870370370370373
0 0.4609375 0.6967592592592593 0.028125 0.10092592592592593
0 0.16458333333333333 0.7763888888888889 0.042708333333333334 0.2490740740740741
0 0.9361979166666666 0.7828703703703703 0.1265625 0.4324074074074074
0 0.6026041666666667 0.675 0.020833333333333332 0.07592592592592592
0 0.5825520833333333 0.6787037037037037 0.0203125 0.07037037037037037
0 0.20286458333333332 0.763425925925926 0.0609375 0.26944444444444443
0 0.5372395833333333 0.687037037037037 0.0296875 0.09074074074074075
0 0.7536458333333333 0.8078703703703703 0.09791666666666667 0.3824074074074074
