0 0.17447916666666666 0.7541666666666667 0.035416666666666666 0.2064814814814815
0 0.15104166666666666 0.7777777777777778 0.07604166666666666 0.2833333333333333
0 0.4546875 0.6967592592592593 0.028125 0.10462962962962963
0 0.17213541666666668 0.7824074074074074 0.050520833333333334 0.25925925925925924
0 0.8666666666666667 0.7842592592592592 0.090625 0.42962962962962964
0 0.5971354166666667 0.6754629629629629 0.0203125 0.075
0 0.5768229166666666 0.6828703703703703 0.021354166666666667 0.0787037037037037
0 0.19661458333333334 0.762962962962963 0.06302083333333333 0.2611111111111111
0 0.5325520833333334 0.6861111111111111 0.0296875 0.09074074074074075
0 0.6848958333333334 0.8092592592592592 0.10104166666666667 0.37962962962962965
