0 0.17473958333333334 0.7541666666666667 0.034895833333333334 0.2064814814814815
0 0.14973958333333334 0.7777777777777778 0.07552083333333333 0.2814814814814815
0 0.4552083333333333 0.6962962962962963 0.028125 0.1037037037037037
0 0.17135416666666667 0.7819444444444444 0.05 0.25833333333333336
0 0.8739583333333333 0.7837962962962963 0.09166666666666666 0.4305555555555556
0 0.59765625 0.6759259259259259 0.0203125 0.07592592592592592
0 0.5776041666666667 0.6819444444444445 0.020833333333333332 0.07685185185185185
0 0.19661458333333334 0.7620370370370371 0.0640625 0.2611111111111111
0 0.5330729166666667 0.6861111111111111 0.0296875 0.09074074074074075
0 0.6942708333333333 0.8087962962962963 0.09791666666666667 0.38055555555555554
