0 0.17291666666666666 0.750462962962963 0.03854166666666667 0.19722222222222222
0 0.14973958333333334 0.7787037037037037 0.06302083333333333 0.29814814814814816
0 0.44453125 0.6981481481481482 0.027604166666666666 0.10555555555555556
0 0.19296875 0.7759259259259259 0.059895833333333336 0.2740740740740741
0 0.7622395833333333 0.787962962962963 0.09114583333333333 0.4222222222222222
0 0.5875 0.6754629629629629 0.019791666666666666 0.075
0 0.5666666666666667 0.6861111111111111 0.021875 0.08333333333333333
0 0.18697916666666667 0.7592592592592593 0.05625 0.24814814814814815
0 0.5276041666666667 0.6898148148148148 0.030208333333333334 0.0962962962962963
0 0.5830729166666667 0.8199074074074074 0.09010416666666667 0.35833333333333334
