0 0.17291666666666666 0.749537037037037 0.03854166666666667 0.19537037037037036
0 0.14895833333333333 0.7787037037037037 0.0625 0.3
0 0.44244791666666666 0.6962962962962963 0.027604166666666666 0.10555555555555556
0 0.19765625 0.7814814814814814 0.058854166666666666 0.2759259259259259
0 0.74375 0.7907407407407407 0.09583333333333334 0.4166666666666667
0 0.5848958333333333 0.6754629629629629 0.019791666666666666 0.075
0 0.5651041666666666 0.6861111111111111 0.021875 0.08333333333333333
0 0.18463541666666666 0.7574074074074074 0.05572916666666667 0.24444444444444444
0 0.5263020833333333 0.6902777777777778 0.030729166666666665 0.09907407407407408
0 0.5625 0.8212962962962963 0.090625 0.35555555555555557
