0 0.17239583333333333 0.7462962962962963 0.03958333333333333 0.18888888888888888
0 0.14895833333333333 0.7787037037037037 0.06875 0.3055555555555556
0 0.43359375 0.6981481481481482 0.028645833333333332 0.1037037037037037
0 0.21640625 0.7837962962962963 0.0703125 0.27685185185185185
0 0.6731770833333334 0.7986111111111112 0.08697916666666666 0.4009259259259259
0 0.5783854166666667 0.6828703703703703 0.024479166666666666 0.08796296296296297
0 0.5572916666666666 0.6842592592592592 0.021875 0.08333333333333333
0 0.17682291666666666 0.7537037037037037 0.05364583333333333 0.2351851851851852
0 0.52109375 0.6912037037037037 0.030729166666666665 0.09907407407407408
0 0.49921875 0.8208333333333333 0.08802083333333334 0.35648148148148145
