0 0.17239583333333333 0.7444444444444445 0.03958333333333333 0.18518518518518517
0 0.14817708333333332 0.7782407407407408 0.0703125 0.30462962962962964
0 0.42994791666666665 0.6990740740740741 0.028645833333333332 0.1037037037037037
0 0.225 0.7842592592592592 0.07083333333333333 0.2814814814814815
0 0.6369791666666667 0.8 0.1 0.39814814814814814
0 0.5752604166666667 0.6819444444444445 0.024479166666666666 0.08611111111111111
0 0.5533854166666666 0.6861111111111111 0.022395833333333334 0.08703703703703704
0 0.17421875 0.7546296296296297 0.04635416666666667 0.23703703703703705
0 0.51796875 0.6912037037037037 0.030729166666666665 0.09907407407407408
0 0.4708333333333333 0.8175925925925925 0.0875 0.3592592592592593
