0 0.17239583333333333 0.7453703703703703 0.03958333333333333 0.18703703703703703
0 0.14947916666666666 0.7777777777777778 0.07083333333333333 0.3074074074074074
0 0.43203125 0.6990740740740741 0.028645833333333332 0.1037037037037037
0 0.2203125 0.7828703703703703 0.071875 0.27685185185185185
0 0.6588541666666666 0.799074074074074 0.090625 0.4
0 0.5770833333333333 0.6837962962962963 0.025 0.08981481481481482
0 0.5552083333333333 0.6847222222222222 0.021875 0.08425925925925926
0 0.17552083333333332 0.7532407407407408 0.053125 0.2324074074074074
0 0.5200520833333333 0.6912037037037037 0.030729166666666665 0.09907407407407408
0 0.4861979166666667 0.8208333333333333 0.08489583333333334 0.35648148148148145
