0 0.17213541666666668 0.7430555555555556 0.04010416666666667 0.1824074074074074
0 0.14661458333333333 0.7787037037037037 0.06927083333333334 0.30185185185185187
0 0.4278645833333333 0.7 0.028645833333333332 0.1037037037037037
0 0.22916666666666666 0.7870370370370371 0.06875 0.28888888888888886
0 0.6252604166666667 0.8009259259259259 0.1140625 0.3962962962962963
0 0.5734375 0.6805555555555556 0.023958333333333335 0.08333333333333333
0 0.5510416666666667 0.6884259259259259 0.022916666666666665 0.08981481481481482
0 0.17265625 0.750462962962963 0.044270833333333336 0.23055555555555557
0 0.5158854166666667 0.6912037037037037 0.030729166666666665 0.09907407407407408
0 0.4557291666666667 0.8152777777777778 0.0875 0.35648148148148145
