0 0.17213541666666668 0.7421296296296296 0.04010416666666667 0.18055555555555555
0 0.14765625 0.7782407407407408 0.0703125 0.30277777777777776
0 0.42630208333333336 0.6990740740740741 0.028645833333333332 0.1037037037037037
0 0.23385416666666667 0.7861111111111111 0.06979166666666667 0.29444444444444445
0 0.60859375 0.8023148148148148 0.1140625 0.39351851851851855
0 0.5716145833333334 0.6819444444444445 0.024479166666666666 0.08611111111111111
0 0.5484375 0.6888888888888889 0.022916666666666665 0.09074074074074075
0 0.17005208333333333 0.7439814814814815 0.04010416666666667 0.21944444444444444
0 0.5138020833333333 0.6912037037037037 0.030729166666666665 0.09907407407407408
0 0.44036458333333334 0.8138888888888889 0.0859375 0.35185185185185186
