0 0.34479166666666666 0.5541666666666667 0.016666666666666666 0.07314814814814814
0 0.21484375 0.5453703703703704 0.013020833333333334 0.04259259259259259
0 0.09635416666666667 0.5314814814814814 0.010416666666666666 0.037037037037037035
0 0.3265625 0.5569444444444445 0.017708333333333333 0.06574074074074074
0 0.035416666666666666 0.5388888888888889 0.010416666666666666 0.04259259259259259
0 0.02890625 0.5388888888888889 0.0109375 0.04814814814814815
0 0.18723958333333332 0.5421296296296296 0.011979166666666667 0.03796296296296296
0 0.17890625 0.5444444444444444 0.011979166666666667 0.037037037037037035
0 0.37421875 0.5546296296296296 0.015104166666666667 0.05555555555555555
0 0.23072916666666668 0.549537037037037 0.0125 0.05462962962962963
0 0.8536458333333333 0.5833333333333334 0.022916666666666665 0.0962962962962963
