0 0.3484375 0.5541666666666667 0.016666666666666666 0.07314814814814814
0 0.21901041666666668 0.5449074074074074 0.013020833333333334 0.041666666666666664
0 0.1 0.5328703703703703 0.010416666666666666 0.03796296296296296
0 0.3302083333333333 0.5578703703703703 0.017708333333333333 0.06574074074074074
0 0.0390625 0.5388888888888889 0.010416666666666666 0.04259259259259259
0 0.03307291666666667 0.5388888888888889 0.0109375 0.04814814814814815
0 0.19036458333333334 0.5430555555555555 0.011979166666666667 0.03796296296296296
0 0.18307291666666667 0.5449074074074074 0.011979166666666667 0.03611111111111111
0 0.37838541666666664 0.5555555555555556 0.015104166666666667 0.05555555555555555
0 0.23411458333333332 0.549074074074074 0.011979166666666667 0.053703703703703705
0 0.8533854166666667 0.5828703703703704 0.019270833333333334 0.09537037037037037
