0 0.31197916666666664 0.5513888888888889 0.01875 0.07685185185185185
0 0.17994791666666668 0.5439814814814815 0.013020833333333334 0.04537037037037037
0 0.9489583333333333 0.5712962962962963 0.010416666666666666 0.04814814814814815
0 0.06692708333333333 0.5296296296296297 0.0109375 0.037037037037037035
0 0.29348958333333336 0.5541666666666667 0.0203125 0.06759259259259259
0 0.15651041666666668 0.5430555555555555 0.011979166666666667 0.041666666666666664
0 0.14895833333333333 0.5444444444444444 0.011458333333333333 0.040740740740740744
0 0.34270833333333334 0.5518518518518518 0.015625 0.05555555555555555
0 0.19765625 0.549074074074074 0.0140625 0.05555555555555555
0 0.8583333333333333 0.5912037037037037 0.029166666666666667 0.09907407407407408
