0 0.19947916666666668 0.549537037037037 0.023958333333333335 0.09537037037037037
0 0.06666666666666667 0.5370370370370371 0.013541666666666667 0.05185185185185185
0 0.9484375 0.5736111111111111 0.015625 0.041666666666666664
0 0.9325520833333333 0.5731481481481482 0.011979166666666667 0.04814814814814815
0 0.18125 0.5537037037037037 0.023958333333333335 0.08703703703703704
0 0.2833333333333333 0.5486111111111112 0.0125 0.03981481481481482
0 0.05677083333333333 0.5388888888888889 0.011458333333333333 0.04814814814814815
0 0.04973958333333333 0.5361111111111111 0.0109375 0.044444444444444446
0 0.22916666666666666 0.5527777777777778 0.01875 0.07037037037037037
0 0.09140625 0.5416666666666666 0.016145833333333335 0.06481481481481481
0 0.8567708333333334 0.6069444444444444 0.03854166666666667 0.13796296296296295
