0 0.178125 0.5523148148148148 0.025 0.10092592592592593
0 0.04583333333333333 0.5402777777777777 0.013541666666666667 0.05648148148148148
0 0.9455729166666667 0.5722222222222222 0.018229166666666668 0.04259259259259259
0 0.9283854166666666 0.5731481481481482 0.011979166666666667 0.04814814814814815
0 0.16015625 0.5560185185185185 0.027604166666666666 0.09166666666666666
0 0.2708333333333333 0.5481481481481482 0.0125 0.03888888888888889
0 0.040625 0.5388888888888889 0.011458333333333333 0.04814814814814815
0 0.03359375 0.5398148148148149 0.0109375 0.044444444444444446
0 0.20755208333333333 0.5597222222222222 0.0203125 0.075
0 0.07864583333333333 0.5412037037037037 0.016666666666666666 0.06574074074074074
0 0.853125 0.6064814814814815 0.03125 0.14814814814814814
