0 0.1828125 0.5518518518518518 0.025 0.1
0 0.05 0.5398148148148149 0.013541666666666667 0.05555555555555555
0 0.9463541666666667 0.5731481481481482 0.017708333333333333 0.04259259259259259
0 0.9294270833333333 0.5731481481481482 0.011979166666666667 0.04814814814814815
0 0.1640625 0.5560185185185185 0.027083333333333334 0.09166666666666666
0 0.2734375 0.5481481481481482 0.0125 0.03888888888888889
0 0.044270833333333336 0.5388888888888889 0.011458333333333333 0.04814814814814815
0 0.03723958333333333 0.5388888888888889 0.0109375 0.044444444444444446
0 0.21223958333333334 0.5583333333333333 0.0203125 0.07407407407407407
0 0.08177083333333333 0.5412037037037037 0.016666666666666666 0.06574074074074074
0 0.85390625 0.6069444444444444 0.027604166666666666 0.14537037037037037
