0 0.6153645833333333 0.6699074074074074 0.1109375 0.33611111111111114
0 0.0109375 0.7023148148148148 0.020833333333333332 0.225
0 0.13020833333333334 0.6310185185185185 0.021875 0.07314814814814814
0 0.8184895833333333 0.5685185185185185 0.016145833333333335 0.06296296296296296
0 0.8067708333333333 0.5703703703703704 0.016666666666666666 0.05740740740740741
0 0.19479166666666667 0.6277777777777778 0.016666666666666666 0.07592592592592592
0 0.7041666666666667 0.6143518518518518 0.040625 0.14537037037037037
0 0.04765625 0.6337962962962963 0.018229166666666668 0.06759259259259259
0 0.7604166666666666 0.5745370370370371 0.016666666666666666 0.05648148148148148
0 0.6895833333333333 0.6833333333333333 0.08333333333333333 0.3388888888888889
