0 0.5966145833333333 0.6731481481481482 0.0953125 0.34074074074074073
0 0.025520833333333333 0.6967592592592593 0.051041666666666666 0.24166666666666667
0 0.12135416666666667 0.6300925925925925 0.021875 0.07314814814814814
0 0.8190104166666666 0.5689814814814815 0.015104166666666667 0.06388888888888888
0 0.8088541666666667 0.5712962962962963 0.016666666666666666 0.05740740740740741
0 0.19479166666666667 0.6277777777777778 0.016666666666666666 0.07592592592592592
0 0.11197916666666667 0.6240740740740741 0.017708333333333333 0.06111111111111111
0 0.7088541666666667 0.6189814814814815 0.040625 0.15833333333333333
0 0.04895833333333333 0.6337962962962963 0.019791666666666666 0.06759259259259259
0 0.7578125 0.5745370370370371 0.016666666666666666 0.05648148148148148
0 0.6669270833333333 0.6814814814814815 0.07552083333333333 0.34629629629629627
