0 0.56328125 0.6759259259259259 0.0703125 0.34629629629629627
0 0.0359375 0.6953703703703704 0.05 0.2462962962962963
0 0.1109375 0.6291666666666667 0.021875 0.07314814814814814
0 0.82109375 0.5689814814814815 0.015104166666666667 0.06388888888888888
0 0.022135416666666668 0.7152777777777778 0.044270833333333336 0.24351851851851852
0 0.8114583333333333 0.5712962962962963 0.016666666666666666 0.05740740740740741
0 0.19427083333333334 0.6268518518518519 0.017708333333333333 0.07407407407407407
0 0.109375 0.625 0.017708333333333333 0.06111111111111111
0 0.7109375 0.6199074074074075 0.03958333333333333 0.16574074074074074
0 0.052083333333333336 0.6337962962962963 0.019791666666666666 0.06759259259259259
0 0.7552083333333334 0.5745370370370371 0.016666666666666666 0.05648148148148148
0 0.640625 0.6944444444444444 0.09479166666666666 0.34074074074074073
