0 0.5463541666666667 0.6791666666666667 0.09895833333333333 0.3398148148148148
0 0.05859375 0.6958333333333333 0.0578125 0.24722222222222223
0 0.1078125 0.6291666666666667 0.021875 0.07314814814814814
0 0.82421875 0.5680555555555555 0.015104166666666667 0.06388888888888888
0 0.7440104166666667 0.5777777777777777 0.015104166666666667 0.053703703703703705
0 0.030208333333333334 0.7129629629629629 0.05625 0.2537037037037037
0 0.8135416666666667 0.5703703703703704 0.016666666666666666 0.05740740740740741
0 0.19322916666666667 0.625462962962963 0.01875 0.0712962962962963
0 0.10729166666666666 0.625 0.017708333333333333 0.06111111111111111
0 0.7169270833333333 0.6240740740740741 0.04010416666666667 0.1685185185185185
0 0.0546875 0.6328703703703704 0.019791666666666666 0.06759259259259259
0 0.7528645833333333 0.5745370370370371 0.016145833333333335 0.05648148148148148
0 0.6059895833333333 0.6981481481481482 0.0703125 0.35
