0 0.48463541666666665 0.6814814814814815 0.0953125 0.35185185185185186
0 0.11354166666666667 0.6958333333333333 0.08229166666666667 0.24722222222222223
0 0.09270833333333334 0.6291666666666667 0.021875 0.07314814814814814
0 0.8315104166666667 0.5671296296296297 0.015104166666666667 0.06388888888888888
0 0.73515625 0.5777777777777777 0.015104166666666667 0.053703703703703705
0 0.08098958333333334 0.7092592592592593 0.058854166666666666 0.26481481481481484
0 0.81875 0.5685185185185185 0.016666666666666666 0.05740740740740741
0 0.18854166666666666 0.6236111111111111 0.01875 0.0712962962962963
0 0.10208333333333333 0.6259259259259259 0.017708333333333333 0.06111111111111111
0 0.7359375 0.6212962962962963 0.04375 0.17962962962962964
0 0.0609375 0.6300925925925925 0.019791666666666666 0.06759259259259259
0 0.7463541666666667 0.575925925925926 0.015625 0.05740740740740741
0 0.52578125 0.7037037037037037 0.07239583333333334 0.3685185185185185
