0 0.5151041666666667 0.6791666666666667 0.06770833333333333 0.35462962962962963
0 0.08828125 0.6921296296296297 0.0515625 0.24722222222222223
0 0.0984375 0.6282407407407408 0.021875 0.07314814814814814
0 0.82890625 0.5680555555555555 0.015104166666666667 0.06388888888888888
0 0.73828125 0.5777777777777777 0.015104166666666667 0.053703703703703705
0 0.06067708333333333 0.7097222222222223 0.06510416666666667 0.2601851851851852
0 0.8166666666666667 0.5694444444444444 0.016666666666666666 0.05740740740740741
0 0.18958333333333333 0.624537037037037 0.01875 0.0712962962962963
0 0.10416666666666667 0.625 0.017708333333333333 0.06111111111111111
0 0.7317708333333334 0.6231481481481481 0.04479166666666667 0.17407407407407408
0 0.058854166666666666 0.6310185185185185 0.019791666666666666 0.06759259259259259
0 0.74921875 0.575462962962963 0.016145833333333335 0.05648148148148148
0 0.5559895833333334 0.7074074074074074 0.09635416666666667 0.36666666666666664
