0 0.4703125 0.6824074074074075 0.09583333333333334 0.35
0 0.13333333333333333 0.6935185185185185 0.06666666666666667 0.2518518518518518
0 0.0859375 0.6310185185185185 0.021875 0.07314814814814814
0 0.8348958333333333 0.5671296296296297 0.015625 0.06388888888888888
0 0.7309895833333333 0.575925925925926 0.015104166666666667 0.053703703703703705
0 0.11380208333333333 0.7050925925925926 0.0703125 0.2675925925925926
0 0.8213541666666667 0.5685185185185185 0.016666666666666666 0.05740740740740741
0 0.18854166666666666 0.6236111111111111 0.01875 0.0712962962962963
0 0.09947916666666666 0.6259259259259259 0.017708333333333333 0.06111111111111111
0 0.7419270833333333 0.6212962962962963 0.044270833333333336 0.17777777777777778
0 0.0640625 0.6291666666666667 0.019791666666666666 0.06759259259259259
0 0.7432291666666667 0.5768518518518518 0.015625 0.05740740740740741
0 0.4986979166666667 0.7097222222222223 0.10677083333333333 0.3675925925925926
