0 0.47760416666666666 0.6842592592592592 0.103125 0.34629629629629627
0 0.12604166666666666 0.6935185185185185 0.06875 0.2518518518518518
0 0.08802083333333334 0.6300925925925925 0.021875 0.07314814814814814
0 0.834375 0.5671296296296297 0.015625 0.06388888888888888
0 0.73203125 0.5768518518518518 0.015104166666666667 0.053703703703703705
0 0.10364583333333334 0.7064814814814815 0.06145833333333333 0.26851851851851855
0 0.8203125 0.5685185185185185 0.016666666666666666 0.05740740740740741
0 0.18854166666666666 0.6236111111111111 0.01875 0.0712962962962963
0 0.10052083333333334 0.6259259259259259 0.017708333333333333 0.06111111111111111
0 0.73984375 0.6208333333333333 0.043229166666666666 0.1787037037037037
0 0.06302083333333333 0.6291666666666667 0.019791666666666666 0.06759259259259259
0 0.7442708333333333 0.5768518518518518 0.015625 0.05740740740740741
0 0.503125 0.7074074074074074 0.10208333333333333 0.3685185185185185
