0 0.4244791666666667 0.6865740740740741 0.09270833333333334 0.35462962962962963
0 0.17473958333333334 0.6907407407407408 0.07447916666666667 0.2537037037037037
0 0.075 0.6347222222222222 0.021875 0.07314814814814814
0 0.8393229166666667 0.5657407407407408 0.016145833333333335 0.06111111111111111
0 0.7247395833333333 0.5740740740740741 0.015104166666666667 0.053703703703703705
0 0.14765625 0.7013888888888888 0.043229166666666666 0.27314814814814814
0 0.8265625 0.5675925925925925 0.016666666666666666 0.05740740740740741
0 0.18854166666666666 0.6236111111111111 0.01875 0.0712962962962963
0 0.096875 0.6263888888888889 0.017708333333333333 0.062037037037037036
0 0.7557291666666667 0.6180555555555556 0.04479166666666667 0.1935185185185185
0 0.0671875 0.6300925925925925 0.019791666666666666 0.06759259259259259
0 0.7372395833333333 0.5768518518518518 0.015104166666666667 0.05740740740740741
0 0.43776041666666665 0.711574074074074 0.09114583333333333 0.3712962962962963
