0 0.38671875 0.6893518518518519 0.08072916666666667 0.3638888888888889
0 0.2109375 0.6851851851851852 0.06145833333333333 0.25555555555555554
0 0.06458333333333334 0.6337962962962963 0.021875 0.07314814814814814
0 0.8434895833333333 0.5648148148148148 0.016145833333333335 0.05925925925925926
0 0.7200520833333334 0.5740740740740741 0.015104166666666667 0.053703703703703705
0 0.18932291666666667 0.7046296296296296 0.07760416666666667 0.26666666666666666
0 0.83125 0.5675925925925925 0.016666666666666666 0.05740740740740741
0 0.18854166666666666 0.6236111111111111 0.01875 0.0712962962962963
0 0.0953125 0.6263888888888889 0.017708333333333333 0.062037037037037036
0 0.7684895833333333 0.6180555555555556 0.049479166666666664 0.19907407407407407
0 0.0703125 0.6300925925925925 0.019791666666666666 0.06759259259259259
0 0.73125 0.575462962962963 0.014583333333333334 0.058333333333333334
0 0.39739583333333334 0.7171296296296297 0.071875 0.3675925925925926
