0 0.38203125 0.6893518518518519 0.07864583333333333 0.36203703703703705
0 0.21510416666666668 0.6865740740740741 0.06770833333333333 0.25462962962962965
0 0.06354166666666666 0.6337962962962963 0.021875 0.07314814814814814
0 0.8440104166666667 0.5648148148148148 0.016145833333333335 0.05925925925925926
0 0.71953125 0.5731481481481482 0.015104166666666667 0.053703703703703705
0 0.19348958333333333 0.7041666666666667 0.06927083333333334 0.26944444444444443
0 0.8317708333333333 0.5675925925925925 0.016666666666666666 0.05740740740740741
0 0.18854166666666666 0.6236111111111111 0.01875 0.0712962962962963
0 0.0953125 0.6268518518518519 0.017708333333333333 0.06296296296296296
0 0.7690104166666667 0.6171296296296296 0.049479166666666664 0.20092592592592592
0 0.07083333333333333 0.6300925925925925 0.019791666666666666 0.06759259259259259
0 0.7307291666666667 0.575 0.014583333333333334 0.05925925925925926
0 0.39140625 0.7166666666666667 0.0640625 0.3685185185185185
