0 0.32447916666666665 0.6916666666666667 0.08020833333333334 0.35555555555555557
0 0.2760416666666667 0.6828703703703703 0.06666666666666667 0.2564814814814815
0 0.0484375 0.6328703703703704 0.021875 0.0787037037037037
0 0.7127604166666667 0.5740740740740741 0.0140625 0.05555555555555555
0 0.26067708333333334 0.6949074074074074 0.0609375 0.27685185185185185
0 0.18854166666666666 0.6236111111111111 0.01875 0.0712962962962963
0 0.0921875 0.6273148148148148 0.017708333333333333 0.06388888888888888
0 0.7854166666666667 0.6129629629629629 0.04895833333333333 0.21481481481481482
0 0.07473958333333333 0.6277777777777778 0.018229166666666668 0.06851851851851852
0 0.7263020833333333 0.5731481481481482 0.0140625 0.06111111111111111
0 0.3263020833333333 0.7189814814814814 0.08072916666666667 0.36203703703703705
