0 0.30494791666666665 0.6916666666666667 0.0703125 0.3592592592592593
0 0.28671875 0.6819444444444445 0.06302083333333333 0.2564814814814815
0 0.0453125 0.6319444444444444 0.019791666666666666 0.0787037037037037
0 0.7114583333333333 0.575462962962963 0.013541666666666667 0.05648148148148148
0 0.27682291666666664 0.6925925925925925 0.0484375 0.2759259259259259
0 0.18828125 0.6236111111111111 0.018229166666666668 0.0712962962962963
0 0.09166666666666666 0.6273148148148148 0.017708333333333333 0.06388888888888888
0 0.79140625 0.6125 0.050520833333333334 0.2175925925925926
0 0.07473958333333333 0.6282407407407408 0.0171875 0.06944444444444445
0 0.7252604166666666 0.5731481481481482 0.0140625 0.06111111111111111
0 0.30833333333333335 0.7194444444444444 0.07916666666666666 0.36666666666666664
