0 0.30026041666666664 0.6907407407407408 0.0734375 0.3574074074074074
0 0.2903645833333333 0.6819444444444445 0.06197916666666667 0.2564814814814815
0 0.04453125 0.6319444444444444 0.0203125 0.0787037037037037
0 0.7109375 0.575462962962963 0.013541666666666667 0.05648148148148148
0 0.2838541666666667 0.6893518518518519 0.053125 0.275
0 0.18828125 0.6236111111111111 0.018229166666666668 0.0712962962962963
0 0.09166666666666666 0.6273148148148148 0.017708333333333333 0.06388888888888888
0 0.7942708333333334 0.612037037037037 0.052083333333333336 0.21851851851851853
0 0.07526041666666666 0.6273148148148148 0.0171875 0.06944444444444445
0 0.7247395833333333 0.5731481481481482 0.0140625 0.06111111111111111
0 0.3026041666666667 0.7203703703703703 0.08541666666666667 0.36666666666666664
