0 0.27447916666666666 0.6949074074074074 0.096875 0.3638888888888889
0 0.3216145833333333 0.6791666666666667 0.050520833333333334 0.2564814814814815
0 0.0375 0.6333333333333333 0.022916666666666665 0.07962962962962963
0 0.7072916666666667 0.5726851851851852 0.013541666666666667 0.05648148148148148
0 0.32057291666666665 0.6949074074074074 0.06822916666666666 0.27685185185185185
0 0.18723958333333332 0.625 0.018229166666666668 0.07407407407407407
0 0.09010416666666667 0.6277777777777778 0.017708333333333333 0.06481481481481481
0 0.8104166666666667 0.6111111111111112 0.053125 0.23148148148148148
0 0.07552083333333333 0.6277777777777778 0.016666666666666666 0.07037037037037037
0 0.7213541666666666 0.5726851851851852 0.014583333333333334 0.06018518518518518
0 0.27239583333333334 0.725925925925926 0.09791666666666667 0.3648148148148148
