0 0.27395833333333336 0.6958333333333333 0.09791666666666667 0.3675925925925926
0 0.32526041666666666 0.6791666666666667 0.049479166666666664 0.2564814814814815
0 0.036458333333333336 0.6333333333333333 0.021875 0.07962962962962963
0 0.7072916666666667 0.5726851851851852 0.013541666666666667 0.05648148148148148
0 0.321875 0.6944444444444444 0.06666666666666667 0.2796296296296296
0 0.18671875 0.625 0.018229166666666668 0.07407407407407407
0 0.08984375 0.6277777777777778 0.0171875 0.06481481481481481
0 0.81171875 0.6111111111111112 0.05260416666666667 0.23333333333333334
0 0.07552083333333333 0.6277777777777778 0.016666666666666666 0.07037037037037037
0 0.7213541666666666 0.5722222222222222 0.014583333333333334 0.06111111111111111
0 0.2674479166666667 0.725462962962963 0.0890625 0.36574074074074076
