0 0.23619791666666667 0.6953703703703704 0.08177083333333333 0.35185185185185186
0 0.35182291666666665 0.6833333333333333 0.08489583333333334 0.24814814814814815
0 0.0296875 0.6333333333333333 0.01875 0.07777777777777778
0 0.7036458333333333 0.5708333333333333 0.013541666666666667 0.05648148148148148
0 0.3640625 0.6930555555555555 0.075 0.28055555555555556
0 0.18645833333333334 0.6259259259259259 0.01875 0.07592592592592592
0 0.09010416666666667 0.6277777777777778 0.016666666666666666 0.06666666666666667
0 0.8255208333333334 0.6138888888888889 0.058333333333333334 0.24259259259259258
0 0.07552083333333333 0.6277777777777778 0.016666666666666666 0.07037037037037037
0 0.7184895833333333 0.5736111111111111 0.0140625 0.06018518518518518
0 0.22682291666666668 0.725 0.07552083333333333 0.37407407407407406
