0 0.21666666666666667 0.6967592592592593 0.08958333333333333 0.3638888888888889
0 0.3888020833333333 0.6791666666666667 0.05364583333333333 0.25092592592592594
0 0.02421875 0.6351851851851852 0.0171875 0.07592592592592592
0 0.3875 0.6875 0.0625 0.27870370370370373
0 0.18645833333333334 0.6259259259259259 0.01875 0.07592592592592592
0 0.09036458333333333 0.6282407407407408 0.016145833333333335 0.06759259259259259
0 0.8393229166666667 0.6125 0.0515625 0.25462962962962965
0 0.07552083333333333 0.6277777777777778 0.016666666666666666 0.07037037037037037
0 0.025520833333333333 0.6962962962962963 0.04895833333333333 0.28703703703703703
0 0.71640625 0.575 0.0140625 0.05740740740740741
0 0.20338541666666668 0.7263888888888889 0.09739583333333333 0.3712962962962963
