0 0.1796875 0.6995370370370371 0.07708333333333334 0.35648148148148145
0 0.42526041666666664 0.6768518518518518 0.0640625 0.2518518518518518
0 0.43203125 0.6893518518518519 0.0828125 0.2712962962962963
0 0.18645833333333334 0.6259259259259259 0.01875 0.07592592592592592
0 0.09010416666666667 0.6282407407407408 0.015625 0.06944444444444445
0 0.8682291666666667 0.6138888888888889 0.06666666666666667 0.27037037037037037
0 0.0765625 0.6277777777777778 0.016666666666666666 0.07037037037037037
0 0.02734375 0.6907407407407408 0.05260416666666667 0.3055555555555556
0 0.7122395833333334 0.5740740740740741 0.0140625 0.05740740740740741
0 0.15598958333333332 0.7277777777777777 0.0859375 0.3648148148148148
