0 0.15260416666666668 0.7013888888888888 0.09583333333333334 0.3398148148148148
0 0.46901041666666665 0.6754629629629629 0.0828125 0.2564814814814815
0 0.47161458333333334 0.6828703703703703 0.04739583333333333 0.27685185185185185
0 0.18489583333333334 0.6268518518518519 0.01875 0.07592592592592592
0 0.08984375 0.6287037037037037 0.015104166666666667 0.07037037037037037
0 0.8856770833333333 0.6106481481481482 0.0703125 0.27870370370370373
0 0.0796875 0.6277777777777778 0.016666666666666666 0.07037037037037037
0 0.058854166666666666 0.6967592592592593 0.075 0.30092592592592593
0 0.7080729166666667 0.5731481481481482 0.0140625 0.05740740740740741
0 0.11927083333333334 0.7314814814814815 0.07291666666666667 0.36666666666666664
