0 0.11796875 0.7027777777777777 0.0578125 0.35555555555555557
0 0.5067708333333333 0.6694444444444444 0.04375 0.24814814814814815
0 0.5091145833333334 0.6754629629629629 0.05364583333333333 0.2712962962962963
0 0.18177083333333333 0.6268518518518519 0.01875 0.07592592592592592
0 0.08932291666666667 0.6287037037037037 0.015104166666666667 0.07037037037037037
0 0.9166666666666666 0.6087962962962963 0.06458333333333334 0.30462962962962964
0 0.08333333333333333 0.6277777777777778 0.016666666666666666 0.06851851851851852
0 0.08385416666666666 0.6902777777777778 0.05520833333333333 0.31574074074074077
0 0.70390625 0.5740740740740741 0.0140625 0.05740740740740741
0 0.07994791666666666 0.7342592592592593 0.0953125 0.3611111111111111
