0 0.09348958333333333 0.7078703703703704 0.07239583333333334 0.3453703703703704
0 0.5479166666666667 0.6726851851851852 0.06979166666666667 0.23981481481481481
0 0.5557291666666667 0.6819444444444445 0.07916666666666666 0.2601851851851852
0 0.18072916666666666 0.6259259259259259 0.01875 0.07592592592592592
0 0.08880208333333334 0.6287037037037037 0.015104166666666667 0.07037037037037037
0 0.9559895833333333 0.612037037037037 0.0703125 0.31666666666666665
0 0.08645833333333333 0.6291666666666667 0.016666666666666666 0.06759259259259259
0 0.12552083333333333 0.6893518518518519 0.090625 0.31203703703703706
0 0.7044270833333334 0.5731481481481482 0.0140625 0.05740740740740741
0 0.040625 0.7305555555555555 0.07395833333333333 0.3574074074074074
