0 0.515625 0.6453703703703704 0.009375 0.04814814814814815
0 0.7783854166666667 0.6592592592592592 0.04114583333333333 0.23333333333333334
0 0.3671875 0.6337962962962963 0.010416666666666666 0.030555555555555555
0 0.5088541666666667 0.6481481481481481 0.009375 0.053703703703703705
0 0.5802083333333333 0.6319444444444444 0.013541666666666667 0.05648148148148148
0 0.54375 0.6361111111111111 0.010416666666666666 0.03518518518518519
0 0.56328125 0.6324074074074074 0.0140625 0.06111111111111111
0 0.5536458333333333 0.6361111111111111 0.010416666666666666 0.03333333333333333
0 0.7565104166666666 0.6425925925925926 0.0296875 0.11851851851851852
0 0.4328125 0.6356481481481482 0.011458333333333333 0.04351851851851852
