0 0.52734375 0.6513888888888889 0.0078125 0.049074074074074076
0 0.9091145833333333 0.6782407407407407 0.0546875 0.3101851851851852
0 0.3697916666666667 0.6412037037037037 0.010416666666666666 0.030555555555555555
0 0.5197916666666667 0.6546296296296297 0.010416666666666666 0.05555555555555555
0 0.5950520833333334 0.6398148148148148 0.0140625 0.06296296296296296
0 0.553125 0.6472222222222223 0.010416666666666666 0.03518518518518519
0 0.5776041666666667 0.6425925925925926 0.015625 0.06111111111111111
0 0.5640625 0.6421296296296296 0.010416666666666666 0.030555555555555555
0 0.8098958333333334 0.6453703703703704 0.030208333333333334 0.12407407407407407
0 0.4348958333333333 0.6425925925925926 0.014583333333333334 0.046296296296296294
