0 0.446875 0.6231481481481481 0.022916666666666665 0.06666666666666667
0 0.31666666666666665 0.6273148148148148 0.014583333333333334 0.06574074074074074
0 0.56875 0.624537037037037 0.014583333333333334 0.06759259259259259
0 0.31614583333333335 0.6296296296296297 0.019791666666666666 0.05740740740740741
0 0.3078125 0.6101851851851852 0.011458333333333333 0.053703703703703705
0 0.44557291666666665 0.6231481481481481 0.022395833333333334 0.06666666666666667
0 0.7479166666666667 0.5935185185185186 0.0125 0.05
0 0.2609375 0.6175925925925926 0.013541666666666667 0.06111111111111111
0 0.59609375 0.6069444444444444 0.0140625 0.04351851851851852
0 0.271875 0.6148148148148148 0.013541666666666667 0.05555555555555555
