0 0.4479166666666667 0.6208333333333333 0.023958333333333335 0.07314814814814814
0 0.309375 0.6263888888888889 0.013541666666666667 0.06759259259259259
0 0.5744791666666667 0.625 0.020833333333333332 0.06851851851851852
0 0.30885416666666665 0.6296296296296297 0.016666666666666666 0.05740740740740741
0 0.30416666666666664 0.6083333333333333 0.011458333333333333 0.053703703703703705
0 0.4466145833333333 0.6199074074074075 0.018229166666666668 0.06759259259259259
0 0.7526041666666666 0.5925925925925926 0.0125 0.05
0 0.25625 0.6166666666666667 0.014583333333333334 0.06296296296296296
0 0.5989583333333334 0.6060185185185185 0.014583333333333334 0.049074074074074076
0 0.2671875 0.6138888888888889 0.013541666666666667 0.05740740740740741
