0 0.45859375 0.6240740740740741 0.022395833333333334 0.07962962962962963
0 0.27630208333333334 0.6300925925925925 0.021354166666666667 0.07314814814814814
0 0.5989583333333334 0.6277777777777778 0.014583333333333334 0.07592592592592592
0 0.27786458333333336 0.6291666666666667 0.022395833333333334 0.07314814814814814
0 0.28828125 0.6111111111111112 0.011979166666666667 0.05555555555555555
0 0.45807291666666666 0.625462962962963 0.022395833333333334 0.0787037037037037
0 0.76875 0.5995370370370371 0.017708333333333333 0.058333333333333334
0 0.23723958333333334 0.6171296296296296 0.015104166666666667 0.06388888888888888
0 0.61171875 0.6083333333333333 0.015104166666666667 0.05185185185185185
0 0.24635416666666668 0.6166666666666667 0.015625 0.06296296296296296
