0 0.484375 0.6273148148148148 0.03125 0.10277777777777777
0 0.20494791666666667 0.6328703703703704 0.022395833333333334 0.09907407407407408
0 0.6596354166666667 0.6263888888888889 0.025520833333333333 0.09722222222222222
0 0.20442708333333334 0.6305555555555555 0.030729166666666665 0.10185185185185185
0 0.25807291666666665 0.6111111111111112 0.015104166666666667 0.06481481481481481
0 0.48463541666666665 0.6273148148148148 0.019270833333333334 0.10277777777777777
0 0.80546875 0.5893518518518519 0.016145833333333335 0.06759259259259259
0 0.19973958333333333 0.6203703703703703 0.019270833333333334 0.07407407407407407
0 0.6361979166666667 0.6013888888888889 0.013020833333333334 0.058333333333333334
0 0.20989583333333334 0.6171296296296296 0.017708333333333333 0.06759259259259259
