0 0.5072916666666667 0.6263888888888889 0.028125 0.11944444444444445
0 0.15338541666666666 0.6347222222222222 0.028645833333333332 0.11203703703703703
0 0.7018229166666666 0.625462962962963 0.0234375 0.11388888888888889
0 0.15546875 0.6365740740740741 0.0296875 0.11018518518518519
0 0.23776041666666667 0.6111111111111112 0.0171875 0.07037037037037037
0 0.5072916666666667 0.625462962962963 0.034375 0.11203703703703703
0 0.8294270833333334 0.586574074074074 0.0171875 0.06944444444444445
0 0.17916666666666667 0.6171296296296296 0.019791666666666666 0.0824074074074074
0 0.653125 0.5995370370370371 0.014583333333333334 0.058333333333333334
0 0.18958333333333333 0.6199074074074075 0.022916666666666665 0.0787037037037037
