0 0.5046875 0.6273148148148148 0.023958333333333335 0.1175925925925926
0 0.15885416666666666 0.6342592592592593 0.025 0.1111111111111111
0 0.6966145833333334 0.6240740740740741 0.024479166666666666 0.1111111111111111
0 0.16041666666666668 0.6361111111111111 0.028125 0.1111111111111111
0 0.23984375 0.611574074074074 0.0171875 0.06944444444444445
0 0.50546875 0.6259259259259259 0.034895833333333334 0.1111111111111111
0 0.8270833333333333 0.5851851851851851 0.016666666666666666 0.06851851851851852
0 0.18125 0.6175925925925926 0.019791666666666666 0.08148148148148149
0 0.6510416666666666 0.5995370370370371 0.014583333333333334 0.058333333333333334
0 0.19166666666666668 0.6194444444444445 0.022916666666666665 0.07777777777777778
