0 0.5119791666666667 0.6291666666666667 0.03333333333333333 0.12314814814814815
0 0.14140625 0.6370370370370371 0.03177083333333333 0.11481481481481481
0 0.7125 0.6287037037037037 0.020833333333333332 0.11851851851851852
0 0.14479166666666668 0.6365740740740741 0.03333333333333333 0.11018518518518519
0 0.23359375 0.6101851851851852 0.018229166666666668 0.07222222222222222
0 0.5114583333333333 0.6282407407407408 0.03125 0.11574074074074074
0 0.83515625 0.5893518518518519 0.018229166666666668 0.0712962962962963
0 0.17395833333333333 0.6180555555555556 0.019791666666666666 0.08425925925925926
0 0.65703125 0.6013888888888889 0.015104166666666667 0.062037037037037036
0 0.18541666666666667 0.6222222222222222 0.022916666666666665 0.08148148148148149
