0 0.534375 0.6476851851851851 0.03229166666666667 0.14907407407407408
0 0.08125 0.6574074074074074 0.026041666666666668 0.1388888888888889
0 0.7638020833333333 0.6444444444444445 0.028645833333333332 0.13148148148148148
0 0.08255208333333333 0.6467592592592593 0.0359375 0.1287037037037037
0 0.21015625 0.625 0.019270833333333334 0.08148148148148149
0 0.5390625 0.6476851851851851 0.036458333333333336 0.1361111111111111
0 0.8609375 0.5962962962962963 0.01875 0.07592592592592592
0 0.15 0.6333333333333333 0.01875 0.08703703703703704
0 0.6752604166666667 0.6180555555555556 0.018229166666666668 0.07314814814814814
0 0.16145833333333334 0.6351851851851852 0.023958333333333335 0.09074074074074075
