0 0.5546875 0.6462962962962963 0.046875 0.23148148148148148
0 0.20833333333333334 0.5949074074074074 0.03229166666666667 0.11203703703703703
0 0.3 0.5805555555555556 0.010416666666666666 0.040740740740740744
0 0.14036458333333332 0.5930555555555556 0.025520833333333333 0.11944444444444445
0 0.1203125 0.5888888888888889 0.022916666666666665 0.12222222222222222
0 0.6192708333333333 0.6486111111111111 0.053125 0.27314814814814814
0 0.30416666666666664 0.5837962962962963 0.010416666666666666 0.03981481481481482
0 0.5088541666666667 0.5893518518518519 0.020833333333333332 0.06388888888888888
0 0.5080729166666667 0.5888888888888889 0.021354166666666667 0.06481481481481481
0 0.2375 0.5800925925925926 0.016666666666666666 0.07685185185185185
