0 0.5440104166666667 0.6476851851851851 0.06197916666666667 0.23055555555555557
0 0.20963541666666666 0.5953703703703703 0.0328125 0.1111111111111111
0 0.30104166666666665 0.5805555555555556 0.010416666666666666 0.040740740740740744
0 0.13828125 0.5935185185185186 0.025520833333333333 0.12222222222222222
0 0.11692708333333333 0.5879629629629629 0.0203125 0.12407407407407407
0 0.6322916666666667 0.6504629629629629 0.06041666666666667 0.2657407407407407
0 0.30572916666666666 0.5847222222222223 0.010416666666666666 0.03981481481481482
0 0.5052083333333334 0.5898148148148148 0.015625 0.06296296296296296
0 0.5041666666666667 0.5893518518518519 0.020833333333333332 0.06388888888888888
0 0.23619791666666667 0.5805555555555556 0.0171875 0.07592592592592592
