0 0.5791666666666667 0.6453703703703704 0.06041666666666667 0.22777777777777777
0 0.20494791666666667 0.5949074074074074 0.03177083333333333 0.11388888888888889
0 0.296875 0.5787037037037037 0.010416666666666666 0.040740740740740744
0 0.14557291666666666 0.5921296296296297 0.022395833333333334 0.1175925925925926
0 0.12578125 0.5916666666666667 0.022395833333333334 0.12222222222222222
0 0.59296875 0.6523148148148148 0.0765625 0.26944444444444443
0 0.303125 0.5819444444444445 0.010416666666666666 0.03981481481481482
0 0.51640625 0.5916666666666667 0.015104166666666667 0.06481481481481481
0 0.5135416666666667 0.5893518518518519 0.016666666666666666 0.06388888888888888
0 0.24036458333333333 0.5805555555555556 0.016145833333333335 0.07777777777777778
