0 0.6098958333333333 0.6467592592592593 0.05416666666666667 0.2361111111111111
0 0.19895833333333332 0.5953703703703703 0.034375 0.11666666666666667
0 0.29270833333333335 0.5787037037037037 0.010416666666666666 0.040740740740740744
0 0.153125 0.5921296296296297 0.021875 0.11574074074074074
0 0.13177083333333334 0.5888888888888889 0.026041666666666668 0.11481481481481481
0 0.5533854166666666 0.6518518518518519 0.06302083333333333 0.2722222222222222
0 0.3 0.5800925925925926 0.010416666666666666 0.04537037037037037
0 0.52734375 0.5921296296296297 0.013020833333333334 0.06388888888888888
0 0.5268229166666667 0.5916666666666667 0.015104166666666667 0.06296296296296296
0 0.24453125 0.5796296296296296 0.015104166666666667 0.07962962962962963
