0 0.6375 0.6527777777777778 0.07083333333333333 0.24074074074074073
0 0.19322916666666667 0.5967592592592592 0.034375 0.12129629629629629
0 0.28958333333333336 0.5814814814814815 0.010416666666666666 0.040740740740740744
0 0.16119791666666666 0.5907407407407408 0.021354166666666667 0.11666666666666667
0 0.14140625 0.5884259259259259 0.022395833333333334 0.1175925925925926
0 0.5221354166666666 0.6504629629629629 0.0703125 0.26944444444444443
0 0.29583333333333334 0.5828703703703704 0.010416666666666666 0.04537037037037037
0 0.5372395833333333 0.5930555555555556 0.011979166666666667 0.06388888888888888
0 0.5385416666666667 0.5935185185185186 0.013541666666666667 0.06296296296296296
0 0.2484375 0.5819444444444445 0.015625 0.075
