0 0.5278645833333333 0.6518518518518519 0.0109375 0.05925925925925926
0 0.13385416666666666 0.6342592592592593 0.022916666666666665 0.10185185185185185
0 0.18125 0.6310185185185185 0.016666666666666666 0.06388888888888888
0 0.10677083333333333 0.6291666666666667 0.019791666666666666 0.08981481481481482
0 0.6526041666666667 0.6458333333333334 0.01875 0.06759259259259259
0 0.34713541666666664 0.6504629629629629 0.0140625 0.05648148148148148
0 0.19921875 0.6310185185185185 0.0171875 0.058333333333333334
0 0.21041666666666667 0.6300925925925925 0.015625 0.05648148148148148
0 0.12526041666666668 0.6407407407407407 0.0203125 0.1
0 0.6075520833333333 0.6504629629629629 0.0109375 0.03611111111111111
0 0.5989583333333334 0.6425925925925926 0.0125 0.04814814814814815
0 0.5817708333333333 0.6412037037037037 0.017708333333333333 0.05277777777777778
