0 0.5328125 0.6504629629629629 0.0125 0.062037037037037036
0 0.11067708333333333 0.6365740740740741 0.0234375 0.11018518518518519
0 0.68828125 0.6458333333333334 0.019270833333333334 0.06388888888888888
0 0.17005208333333333 0.6319444444444444 0.0171875 0.06574074074074074
0 0.08645833333333333 0.6291666666666667 0.020833333333333332 0.09537037037037037
0 0.6661458333333333 0.6472222222222223 0.01875 0.07222222222222222
0 0.35078125 0.6509259259259259 0.019270833333333334 0.06111111111111111
0 0.18854166666666666 0.6296296296296297 0.017708333333333333 0.06111111111111111
0 0.20078125 0.6273148148148148 0.0171875 0.06574074074074074
0 0.10286458333333333 0.6449074074074074 0.022395833333333334 0.10277777777777777
0 0.7369791666666666 0.6759259259259259 0.03125 0.12962962962962962
0 0.6138020833333333 0.6504629629629629 0.0109375 0.03611111111111111
0 0.6052083333333333 0.6439814814814815 0.0125 0.05092592592592592
0 0.58671875 0.6425925925925926 0.018229166666666668 0.053703703703703705
