0 0.5348958333333333 0.6513888888888889 0.0125 0.06388888888888888
0 0.10390625 0.6375 0.0234375 0.11388888888888889
0 0.6934895833333333 0.6467592592592593 0.0203125 0.06574074074074074
0 0.16588541666666667 0.6319444444444444 0.0171875 0.06574074074074074
0 0.07994791666666666 0.6287037037037037 0.021354166666666667 0.0962962962962963
0 0.6708333333333333 0.649074074074074 0.01875 0.07407407407407407
0 0.3502604166666667 0.6518518518518519 0.0203125 0.06111111111111111
0 0.18489583333333334 0.6291666666666667 0.017708333333333333 0.062037037037037036
0 0.19713541666666667 0.6273148148148148 0.0171875 0.06574074074074074
0 0.09453125 0.6462962962962963 0.0234375 0.1037037037037037
0 0.7427083333333333 0.6800925925925926 0.03229166666666667 0.1361111111111111
0 0.6158854166666666 0.6504629629629629 0.0109375 0.03611111111111111
0 0.6072916666666667 0.6444444444444445 0.0125 0.05185185185185185
0 0.5888020833333333 0.6435185185185185 0.018229166666666668 0.053703703703703705
