0 0.5356770833333333 0.6513888888888889 0.011979166666666667 0.06388888888888888
0 0.10026041666666667 0.6375 0.0234375 0.11574074074074074
0 0.6963541666666667 0.6472222222222223 0.020833333333333332 0.06666666666666667
0 0.16328125 0.6324074074074074 0.0171875 0.06666666666666667
0 0.07682291666666667 0.6291666666666667 0.021354166666666667 0.09722222222222222
0 0.6729166666666667 0.649074074074074 0.01875 0.07407407407407407
0 0.35 0.6518518518518519 0.020833333333333332 0.06111111111111111
0 0.1828125 0.6296296296296297 0.017708333333333333 0.06296296296296296
0 0.19505208333333332 0.6273148148148148 0.0171875 0.06574074074074074
0 0.09010416666666667 0.6472222222222223 0.023958333333333335 0.1037037037037037
0 0.746875 0.6833333333333333 0.03333333333333333 0.14074074074074075
0 0.6169270833333333 0.6504629629629629 0.0109375 0.03611111111111111
0 0.6083333333333333 0.6444444444444445 0.0125 0.05185185185185185
0 0.58984375 0.6444444444444445 0.018229166666666668 0.053703703703703705
