0 0.5440104166666667 0.6643518518518519 0.013020833333333334 0.06759259259259259
0 0.0578125 0.6421296296296296 0.027083333333333334 0.13425925925925927
0 0.7221354166666667 0.6597222222222222 0.024479166666666666 0.07685185185185185
0 0.13880208333333333 0.638425925925926 0.018229166666666668 0.06944444444444445
0 0.12161458333333333 0.6324074074074074 0.015104166666666667 0.06111111111111111
0 0.7005208333333334 0.663425925925926 0.022916666666666665 0.08055555555555556
0 0.35182291666666665 0.6615740740740741 0.0171875 0.06759259259259259
0 0.1609375 0.6365740740740741 0.01875 0.06759259259259259
0 0.82109375 0.6666666666666666 0.0203125 0.09444444444444444
0 0.17291666666666666 0.6333333333333333 0.017708333333333333 0.06481481481481481
0 0.04114583333333333 0.6518518518518519 0.025 0.10555555555555556
0 0.8096354166666667 0.7106481481481481 0.05677083333333333 0.1935185185185185
0 0.10338541666666666 0.6259259259259259 0.015104166666666667 0.06851851851851852
0 0.6278645833333333 0.6569444444444444 0.0109375 0.03611111111111111
0 0.778125 0.6615740740740741 0.01875 0.08796296296296297
0 0.6190104166666667 0.6462962962962963 0.013020833333333334 0.05555555555555555
0 0.6010416666666667 0.649537037037037 0.01875 0.05462962962962963
