0 0.5559895833333334 0.6601851851851852 0.0140625 0.07407407407407407
0 0.7591145833333334 0.6587962962962963 0.025520833333333333 0.09166666666666666
0 0.09713541666666667 0.6231481481481481 0.019270833333333334 0.08518518518518518
0 0.08776041666666666 0.6203703703703703 0.0140625 0.05925925925925926
0 0.74375 0.6597222222222222 0.025 0.10648148148148148
0 0.15494791666666666 0.6152777777777778 0.0140625 0.05462962962962963
0 0.3536458333333333 0.6537037037037037 0.015625 0.07592592592592592
0 0.12734375 0.6217592592592592 0.018229166666666668 0.07314814814814814
0 0.9091145833333333 0.6796296296296296 0.024479166666666666 0.1259259259259259
0 0.14010416666666667 0.6231481481481481 0.017708333333333333 0.07407407407407407
0 0.8346354166666666 0.6592592592592592 0.0265625 0.09259259259259259
0 0.92734375 0.7310185185185185 0.0796875 0.27314814814814814
0 0.08151041666666667 0.6083333333333333 0.015104166666666667 0.06111111111111111
0 0.8958333333333334 0.6810185185185185 0.035416666666666666 0.14722222222222223
0 0.6411458333333333 0.6546296296296297 0.011458333333333333 0.040740740740740744
0 0.8140625 0.663425925925926 0.022916666666666665 0.10092592592592593
0 0.6322916666666667 0.649074074074074 0.013541666666666667 0.06111111111111111
0 0.6130208333333333 0.6472222222222223 0.019791666666666666 0.06111111111111111
