0 0.553125 0.6597222222222222 0.0125 0.0712962962962963
0 0.010677083333333334 0.6291666666666667 0.021354166666666667 0.14166666666666666
0 0.7497395833333333 0.6578703703703703 0.025520833333333333 0.08796296296296297
0 0.10677083333333333 0.6240740740740741 0.019791666666666666 0.07962962962962963
0 0.09557291666666666 0.6231481481481481 0.013020833333333334 0.05740740740740741
0 0.7325520833333333 0.6592592592592592 0.024479166666666666 0.10185185185185185
0 0.159375 0.6148148148148148 0.014583333333333334 0.05555555555555555
0 0.35182291666666665 0.6541666666666667 0.0203125 0.075
0 0.13619791666666667 0.6231481481481481 0.018229166666666668 0.07222222222222222
0 0.8872395833333333 0.6763888888888889 0.0234375 0.1175925925925926
0 0.1484375 0.6240740740740741 0.017708333333333333 0.07037037037037037
0 0.8255208333333334 0.6564814814814814 0.029166666666666667 0.09259259259259259
0 0.8947916666666667 0.7222222222222222 0.07291666666666667 0.24814814814814815
0 0.08723958333333333 0.6111111111111112 0.015104166666666667 0.06111111111111111
0 0.8723958333333334 0.6768518518518518 0.03229166666666667 0.13703703703703704
0 0.6380208333333334 0.6546296296296297 0.011458333333333333 0.040740740740740744
0 0.80546875 0.6601851851851852 0.022395833333333334 0.09814814814814815
0 0.6294270833333333 0.6481481481481481 0.013020833333333334 0.05925925925925926
0 0.6098958333333333 0.6476851851851851 0.019791666666666666 0.06018518518518518
