0 0.57109375 0.6643518518518519 0.016145833333333335 0.08425925925925926
0 0.8057291666666667 0.6689814814814815 0.027083333333333334 0.10462962962962963
0 0.04895833333333333 0.6226851851851852 0.020833333333333332 0.09351851851851851
0 0.04973958333333333 0.6175925925925926 0.016145833333333335 0.07037037037037037
0 0.8026041666666667 0.6652777777777777 0.025 0.12129629629629629
0 0.13203125 0.6125 0.0140625 0.05462962962962963
0 0.3567708333333333 0.6587962962962963 0.020833333333333332 0.08611111111111111
0 0.08229166666666667 0.6208333333333333 0.016666666666666666 0.08055555555555556
0 0.09635416666666667 0.6217592592592592 0.020833333333333332 0.0824074074074074
0 0.87734375 0.6638888888888889 0.034895833333333334 0.1037037037037037
0 0.054947916666666666 0.6106481481481482 0.016145833333333335 0.06759259259259259
0 0.6557291666666667 0.6583333333333333 0.011458333333333333 0.040740740740740744
0 0.86328125 0.6671296296296296 0.028645833333333332 0.10833333333333334
0 0.59609375 0.6458333333333334 0.0171875 0.06759259259259259
0 0.6455729166666667 0.649074074074074 0.015104166666666667 0.06481481481481481
0 0.6276041666666666 0.6486111111111111 0.019791666666666666 0.06574074074074074
