0 0.5791666666666667 0.6671296296296296 0.015625 0.09351851851851851
0 0.8294270833333334 0.6759259259259259 0.028645833333333332 0.1111111111111111
0 0.027083333333333334 0.625 0.021875 0.1037037037037037
0 0.034375 0.6175925925925926 0.016666666666666666 0.07407407407407407
0 0.8322916666666667 0.6708333333333333 0.025 0.13425925925925927
0 0.12161458333333333 0.6134259259259259 0.0140625 0.05462962962962963
0 0.36041666666666666 0.6625 0.021875 0.09166666666666666
0 0.06484375 0.6194444444444445 0.019270833333333334 0.08703703703703704
0 0.07708333333333334 0.6222222222222222 0.019791666666666666 0.09259259259259259
0 0.89453125 0.6648148148148149 0.0359375 0.10740740740740741
0 0.042708333333333334 0.612037037037037 0.016666666666666666 0.07222222222222222
0 0.6614583333333334 0.6592592592592592 0.011458333333333333 0.040740740740740744
0 0.8828125 0.6652777777777777 0.028125 0.10648148148148148
0 0.6026041666666667 0.6476851851851851 0.017708333333333333 0.075
0 0.6510416666666666 0.6486111111111111 0.015625 0.06574074074074074
0 0.63359375 0.649074074074074 0.0203125 0.06666666666666667
