0 0.5833333333333334 0.6708333333333333 0.015625 0.09537037037037037
0 0.84609375 0.6773148148148148 0.0296875 0.11574074074074074
0 0.0125 0.6263888888888889 0.021875 0.10648148148148148
0 0.9177083333333333 0.6717592592592593 0.022916666666666665 0.10277777777777777
0 0.024739583333333332 0.6189814814814815 0.016145833333333335 0.07685185185185185
0 0.8526041666666667 0.675 0.025 0.14444444444444443
0 0.11640625 0.6148148148148148 0.0140625 0.05555555555555555
0 0.3625 0.6643518518518519 0.03125 0.09351851851851851
0 0.05390625 0.6199074074074075 0.021354166666666667 0.09166666666666666
0 0.06484375 0.6222222222222222 0.019270833333333334 0.09814814814814815
0 0.9059895833333333 0.6666666666666666 0.034895833333333334 0.10925925925925926
0 0.03463541666666667 0.6143518518518518 0.0171875 0.07685185185185185
0 0.6651041666666667 0.6592592592592592 0.011458333333333333 0.040740740740740744
0 0.8958333333333334 0.6625 0.028125 0.10277777777777777
0 0.6057291666666667 0.6476851851851851 0.017708333333333333 0.075
0 0.6546875 0.6486111111111111 0.015625 0.06574074074074074
0 0.6375 0.649537037037037 0.020833333333333332 0.06759259259259259
