0 0.60078125 0.6222222222222222 0.019270833333333334 0.08518518518518518
0 0.3377604166666667 0.6171296296296296 0.0109375 0.04722222222222222
0 0.553125 0.6083333333333333 0.016666666666666666 0.046296296296296294
0 0.012239583333333333 0.6365740740740741 0.024479166666666666 0.16203703703703703
0 0.86640625 0.6175925925925926 0.03697916666666667 0.17592592592592593
0 0.609375 0.6194444444444445 0.023958333333333335 0.08518518518518518
0 0.8497395833333333 0.6148148148148148 0.04010416666666667 0.20185185185185187
0 0.8119791666666667 0.6259259259259259 0.0375 0.20185185185185187
0 0.8026041666666667 0.6125 0.04479166666666667 0.18611111111111112
0 0.8328125 0.6106481481481482 0.040625 0.175
