0 0.16848958333333333 0.700925925925926 0.04739583333333333 0.24074074074074073
0 0.012760416666666666 0.6759259259259259 0.025520833333333333 0.22777777777777777
0 0.2796875 0.6708333333333333 0.03229166666666667 0.12314814814814815
0 0.08984375 0.6259259259259259 0.0109375 0.05
0 0.32864583333333336 0.6574074074074074 0.019791666666666666 0.05555555555555555
0 0.018229166666666668 0.7050925925925926 0.036458333333333336 0.1712962962962963
0 0.76953125 0.6689814814814815 0.015104166666666667 0.04537037037037037
0 0.5203125 0.6833333333333333 0.0375 0.15185185185185185
0 0.10598958333333333 0.6305555555555555 0.011979166666666667 0.05185185185185185
0 0.16979166666666667 0.6439814814814815 0.021875 0.10092592592592593
