0 0.1421875 0.6972222222222222 0.0625 0.24444444444444444
0 0.03229166666666667 0.6782407407407407 0.04583333333333333 0.21388888888888888
0 0.27395833333333336 0.6657407407407407 0.03333333333333333 0.12037037037037036
0 0.08880208333333334 0.6240740740740741 0.011979166666666667 0.05185185185185185
0 0.321875 0.6564814814814814 0.019791666666666666 0.05555555555555555
0 0.041666666666666664 0.7064814814814815 0.041666666666666664 0.15925925925925927
0 0.7575520833333333 0.6694444444444444 0.0171875 0.044444444444444446
0 0.5247395833333334 0.6851851851851852 0.0328125 0.15185185185185185
0 0.10286458333333333 0.6273148148148148 0.011979166666666667 0.05277777777777778
0 0.1671875 0.6435185185185185 0.01875 0.0962962962962963
