0 0.303125 0.5939814814814814 0.01875 0.08981481481481482
0 0.5666666666666667 0.5578703703703703 0.016666666666666666 0.062037037037037036
0 0.915625 0.5564814814814815 0.030208333333333334 0.13703703703703704
0 0.55859375 0.5578703703703703 0.015104166666666667 0.06574074074074074
0 0.28203125 0.6055555555555555 0.019270833333333334 0.07222222222222222
0 0.09453125 0.5777777777777777 0.015104166666666667 0.05740740740740741
0 0.6057291666666667 0.5527777777777778 0.017708333333333333 0.053703703703703705
0 0.13463541666666667 0.575462962962963 0.0109375 0.03611111111111111
0 0.5494791666666666 0.5541666666666667 0.010416666666666666 0.03981481481481482
0 0.8927083333333333 0.5824074074074074 0.03333333333333333 0.09814814814814815
