0 0.30390625 0.5935185185185186 0.019270833333333334 0.09074074074074075
0 0.56875 0.5569444444444445 0.016666666666666666 0.062037037037037036
0 0.9283854166666666 0.5564814814814815 0.0328125 0.13703703703703704
0 0.56015625 0.5569444444444445 0.015104166666666667 0.06574074074074074
0 0.28203125 0.6060185185185185 0.019270833333333334 0.07314814814814814
0 0.09088541666666666 0.5768518518518518 0.015104166666666667 0.05740740740740741
0 0.6067708333333334 0.5509259259259259 0.017708333333333333 0.053703703703703705
0 0.13411458333333334 0.5763888888888888 0.0109375 0.03611111111111111
0 0.5489583333333333 0.5550925925925926 0.010416666666666666 0.03981481481481482
0 0.9057291666666667 0.5833333333333334 0.028125 0.09444444444444444
