0 0.2552083333333333 0.6643518518518519 0.05520833333333333 0.16574074074074074
0 0.32057291666666665 0.6222222222222222 0.0140625 0.07777777777777778
0 0.18229166666666666 0.6328703703703704 0.021875 0.08055555555555556
0 0.3294270833333333 0.6203703703703703 0.011979166666666667 0.06481481481481481
0 0.7705729166666667 0.6050925925925926 0.015104166666666667 0.06944444444444445
0 0.5908854166666667 0.5986111111111111 0.011979166666666667 0.05092592592592592
0 0.6596354166666667 0.5967592592592592 0.018229166666666668 0.06018518518518518
0 0.6484375 0.5986111111111111 0.016666666666666666 0.058333333333333334
0 0.70390625 0.6680555555555555 0.05677083333333333 0.20462962962962963
0 0.15260416666666668 0.6185185185185185 0.019791666666666666 0.07777777777777778
0 0.7953125 0.6194444444444445 0.025 0.09444444444444444
0 0.76171875 0.6027777777777777 0.018229166666666668 0.07777777777777778
