0 0.28098958333333335 0.6722222222222223 0.058854166666666666 0.1962962962962963
0 0.3260416666666667 0.6259259259259259 0.021875 0.07962962962962963
0 0.17135416666666667 0.6347222222222222 0.021875 0.08055555555555556
0 0.3299479166666667 0.6236111111111111 0.018229166666666668 0.0712962962962963
0 0.778125 0.6023148148148149 0.016666666666666666 0.075
0 0.59453125 0.5976851851851852 0.013020833333333334 0.05092592592592592
0 0.8786458333333333 0.6222222222222222 0.027083333333333334 0.12222222222222222
0 0.6598958333333333 0.5962962962962963 0.01875 0.06111111111111111
0 0.65625 0.5953703703703703 0.017708333333333333 0.06111111111111111
0 0.7122395833333334 0.6782407407407407 0.0578125 0.23055555555555557
0 0.85703125 0.6180555555555556 0.03177083333333333 0.15092592592592594
0 0.14166666666666666 0.6231481481481481 0.017708333333333333 0.08148148148148149
0 0.8197916666666667 0.6189814814814815 0.025 0.10092592592592593
0 0.7684895833333333 0.600462962962963 0.019270833333333334 0.07685185185185185
