0 0.40572916666666664 0.6648148148148149 0.0625 0.24444444444444444
0 0.34427083333333336 0.6226851851851852 0.01875 0.08425925925925926
0 0.16354166666666667 0.6356481481481482 0.021875 0.08055555555555556
0 0.33567708333333335 0.6199074074074075 0.016145833333333335 0.07685185185185185
0 0.7822916666666667 0.5976851851851852 0.017708333333333333 0.075
0 0.59453125 0.5986111111111111 0.013020833333333334 0.05092592592592592
0 0.88671875 0.6185185185185185 0.027604166666666666 0.13148148148148148
0 0.6567708333333333 0.5935185185185186 0.01875 0.06111111111111111
0 0.6677083333333333 0.5958333333333333 0.01875 0.06388888888888888
0 0.678125 0.6893518518518519 0.06354166666666666 0.2824074074074074
0 0.8671875 0.6157407407407407 0.03854166666666667 0.14629629629629629
0 0.12552083333333333 0.6273148148148148 0.021875 0.08611111111111111
0 0.8619791666666666 0.6189814814814815 0.028125 0.11018518518518519
0 0.76875 0.5953703703703703 0.020833333333333332 0.08148148148148149
