0 0.42916666666666664 0.662962962962963 0.08333333333333333 0.24814814814814815
0 0.34869791666666666 0.6212962962962963 0.016145833333333335 0.08518518518518518
0 0.16354166666666667 0.6351851851851852 0.021875 0.08333333333333333
0 0.3380208333333333 0.6236111111111111 0.014583333333333334 0.075
0 0.7822916666666667 0.5976851851851852 0.017708333333333333 0.075
0 0.59453125 0.5986111111111111 0.013020833333333334 0.05092592592592592
0 0.88671875 0.6185185185185185 0.027604166666666666 0.13148148148148148
0 0.6557291666666667 0.5935185185185186 0.01875 0.06111111111111111
0 0.66953125 0.5962962962962963 0.019270833333333334 0.06481481481481481
0 0.66640625 0.6912037037037037 0.08072916666666667 0.2861111111111111
0 0.8666666666666667 0.6152777777777778 0.0375 0.14537037037037037
0 0.12395833333333334 0.6282407407407408 0.021875 0.08611111111111111
0 0.8669270833333333 0.6180555555555556 0.0296875 0.11203703703703703
0 0.7677083333333333 0.5935185185185186 0.020833333333333332 0.08148148148148149
