0 0.5455729166666666 0.6657407407407407 0.0546875 0.25
0 0.36614583333333334 0.6203703703703703 0.015625 0.08888888888888889
0 0.16354166666666667 0.6342592592592593 0.021875 0.08333333333333333
0 0.3502604166666667 0.6217592592592592 0.016145833333333335 0.07685185185185185
0 0.78125 0.5930555555555556 0.019791666666666666 0.075
0 0.5924479166666666 0.5958333333333333 0.013020833333333334 0.05092592592592592
0 0.8841145833333334 0.6175925925925926 0.027604166666666666 0.13148148148148148
0 0.6510416666666666 0.5921296296296297 0.016666666666666666 0.06018518518518518
0 0.67734375 0.5944444444444444 0.0203125 0.06666666666666667
0 0.6028645833333334 0.6967592592592593 0.07864583333333333 0.2972222222222222
0 0.98984375 0.6041666666666666 0.018229166666666668 0.0787037037037037
0 0.85859375 0.6138888888888889 0.033854166666666664 0.14629629629629629
0 0.1171875 0.6291666666666667 0.021875 0.08611111111111111
0 0.8908854166666667 0.6171296296296296 0.030729166666666665 0.11944444444444445
0 0.7643229166666666 0.5949074074074074 0.0203125 0.0824074074074074
