0 0.7049479166666667 0.6648148148148149 0.0421875 0.26666666666666666
0 0.39765625 0.6199074074074075 0.025520833333333333 0.08611111111111111
0 0.16614583333333333 0.6342592592592593 0.023958333333333335 0.08148148148148149
0 0.3731770833333333 0.6236111111111111 0.019270833333333334 0.0787037037037037
0 0.7716145833333333 0.5967592592592592 0.019270833333333334 0.06944444444444445
0 0.9856770833333334 0.6041666666666666 0.0203125 0.0787037037037037
0 0.590625 0.6 0.014583333333333334 0.05
0 0.8763020833333334 0.6175925925925926 0.027604166666666666 0.1259259259259259
0 0.6411458333333333 0.5939814814814814 0.017708333333333333 0.058333333333333334
0 0.6856770833333333 0.5967592592592592 0.0203125 0.06944444444444445
0 0.48020833333333335 0.7050925925925926 0.07083333333333333 0.31203703703703706
0 0.96875 0.6041666666666666 0.023958333333333335 0.09166666666666666
0 0.84609375 0.6157407407407407 0.03177083333333333 0.14074074074074075
0 0.10494791666666667 0.6356481481481482 0.0203125 0.08611111111111111
0 0.9208333333333333 0.6189814814814815 0.028125 0.125
0 0.7583333333333333 0.5949074074074074 0.01875 0.0787037037037037
