0 0.7234375 0.6657407407407407 0.071875 0.26851851851851855
0 0.40078125 0.6203703703703703 0.028645833333333332 0.08703703703703704
0 0.1671875 0.6351851851851852 0.023958333333333335 0.08148148148148149
0 0.3765625 0.6231481481481481 0.013541666666666667 0.07962962962962963
0 0.7708333333333334 0.5962962962962963 0.019791666666666666 0.06851851851851852
0 0.9833333333333333 0.6041666666666666 0.020833333333333332 0.08055555555555556
0 0.58984375 0.600462962962963 0.015104166666666667 0.049074074074074076
0 0.8747395833333333 0.6175925925925926 0.027604166666666666 0.1259259259259259
0 0.6401041666666667 0.5939814814814814 0.017708333333333333 0.058333333333333334
0 0.6861979166666666 0.5967592592592592 0.0203125 0.06944444444444445
0 0.4578125 0.7060185185185185 0.08541666666666667 0.3138888888888889
0 0.9661458333333334 0.6046296296296296 0.023958333333333335 0.09074074074074075
0 0.84609375 0.6157407407407407 0.03177083333333333 0.14074074074074075
0 0.10390625 0.6356481481481482 0.018229166666666668 0.08611111111111111
0 0.925 0.6194444444444445 0.029166666666666667 0.1259259259259259
0 0.7572916666666667 0.5949074074074074 0.01875 0.0787037037037037
