0 0.31692708333333336 0.6773148148148148 0.0140625 0.06388888888888888
0 0.17994791666666668 0.6703703703703704 0.0140625 0.06481481481481481
0 0.796875 0.6597222222222222 0.022916666666666665 0.10833333333333334
0 0.46796875 0.6675925925925926 0.019270833333333334 0.07592592592592592
0 0.7640625 0.6578703703703703 0.023958333333333335 0.11574074074074074
0 0.41901041666666666 0.6606481481481481 0.0109375 0.04351851851851852
0 0.2747395833333333 0.6787037037037037 0.0203125 0.06296296296296296
0 0.93046875 0.6324074074074074 0.0296875 0.11851851851851852
0 0.53046875 0.6638888888888889 0.011979166666666667 0.07037037037037037
0 0.540625 0.6652777777777777 0.013541666666666667 0.06759259259259259
