0 0.7184895833333333 0.6300925925925925 0.043229166666666666 0.16018518518518518
0 0.6299479166666667 0.6236111111111111 0.0171875 0.08611111111111111
0 0.6578125 0.6527777777777778 0.015625 0.07962962962962963
0 0.27239583333333334 0.6199074074074075 0.016666666666666666 0.09722222222222222
0 0.30052083333333335 0.6203703703703703 0.016666666666666666 0.09444444444444444
0 0.5848958333333333 0.6194444444444445 0.022916666666666665 0.09259259259259259
0 0.290625 0.6166666666666667 0.016666666666666666 0.09444444444444444
0 0.61875 0.6365740740740741 0.019791666666666666 0.06388888888888888
0 0.37994791666666666 0.6208333333333333 0.015104166666666667 0.07685185185185185
0 0.05859375 0.6189814814814815 0.0296875 0.1287037037037037
0 0.6731770833333334 0.6370370370370371 0.0171875 0.09814814814814815
