0 0.7161458333333334 0.6305555555555555 0.046875 0.1537037037037037
0 0.6270833333333333 0.625 0.017708333333333333 0.08518518518518518
0 0.6549479166666666 0.6537037037037037 0.015104166666666667 0.07407407407407407
0 0.27421875 0.6199074074074075 0.0171875 0.09722222222222222
0 0.3033854166666667 0.6203703703703703 0.016145833333333335 0.09259259259259259
0 0.5846354166666666 0.6208333333333333 0.0234375 0.08981481481481482
0 0.29192708333333334 0.6175925925925926 0.016145833333333335 0.09444444444444444
0 0.61640625 0.6370370370370371 0.0203125 0.06296296296296296
0 0.3809895833333333 0.6208333333333333 0.015104166666666667 0.07685185185185185
0 0.06328125 0.6217592592592592 0.0296875 0.1287037037037037
0 0.6697916666666667 0.6351851851851852 0.016666666666666666 0.0962962962962963
