0 0.7122395833333334 0.6314814814814815 0.04739583333333333 0.14814814814814814
0 0.6255208333333333 0.6259259259259259 0.017708333333333333 0.08518518518518518
0 0.2786458333333333 0.6199074074074075 0.017708333333333333 0.09537037037037037
0 0.3046875 0.6208333333333333 0.015625 0.09166666666666666
0 0.584375 0.6226851851851852 0.023958333333333335 0.0824074074074074
0 0.29635416666666664 0.6194444444444445 0.015625 0.09444444444444444
0 0.6143229166666667 0.6370370370370371 0.0203125 0.06296296296296296
0 0.3828125 0.6199074074074075 0.014583333333333334 0.075
0 0.06744791666666666 0.6236111111111111 0.0296875 0.1287037037037037
0 0.6666666666666666 0.6347222222222222 0.014583333333333334 0.09537037037037037
