0 0.7473958333333334 0.6300925925925925 0.051041666666666666 0.19166666666666668
0 0.6533854166666667 0.6277777777777778 0.0203125 0.09814814814814815
0 0.6359375 0.6212962962962963 0.021875 0.08703703703703704
0 0.6807291666666667 0.6560185185185186 0.01875 0.09907407407407408
0 0.25416666666666665 0.6226851851851852 0.016666666666666666 0.10462962962962963
0 0.28046875 0.6240740740740741 0.0203125 0.1037037037037037
0 0.5942708333333333 0.6222222222222222 0.023958333333333335 0.0962962962962963
0 0.27239583333333334 0.6222222222222222 0.017708333333333333 0.1037037037037037
0 0.6388020833333333 0.6421296296296296 0.022395833333333334 0.0712962962962963
0 0.3734375 0.6203703703703703 0.016666666666666666 0.08518518518518518
0 0.0171875 0.611574074074074 0.029166666666666667 0.13055555555555556
0 0.6986979166666667 0.6462962962962963 0.021354166666666667 0.11851851851851852
