0 0.7638020833333333 0.6361111111111111 0.04010416666666667 0.21481481481481482
0 0.678125 0.6347222222222222 0.022916666666666665 0.11574074074074074
0 0.6427083333333333 0.6180555555555556 0.021875 0.08611111111111111
0 0.709375 0.6703703703703704 0.020833333333333332 0.11481481481481481
0 0.2328125 0.6282407407407408 0.01875 0.11388888888888889
0 0.26171875 0.6287037037037037 0.0203125 0.11851851851851852
0 0.6018229166666667 0.6282407407407408 0.0265625 0.10277777777777777
0 0.2515625 0.6263888888888889 0.020833333333333332 0.1175925925925926
0 0.0328125 0.6097222222222223 0.022916666666666665 0.0712962962962963
0 0.6611979166666667 0.6504629629629629 0.024479166666666666 0.08425925925925926
0 0.36614583333333334 0.6226851851851852 0.017708333333333333 0.09166666666666666
0 0.7330729166666666 0.6578703703703703 0.0328125 0.14351851851851852
