0 0.7729166666666667 0.6430555555555556 0.05 0.2324074074074074
0 0.6942708333333333 0.6370370370370371 0.022916666666666665 0.12222222222222222
0 0.6484375 0.6226851851851852 0.021875 0.08611111111111111
0 0.7286458333333333 0.6791666666666667 0.025 0.12314814814814815
0 0.22109375 0.6324074074074074 0.0203125 0.12037037037037036
0 0.25026041666666665 0.6337962962962963 0.021354166666666667 0.125
0 0.6080729166666666 0.6310185185185185 0.0265625 0.10277777777777777
0 0.2390625 0.6287037037037037 0.019791666666666666 0.12037037037037036
0 0.016927083333333332 0.6143518518518518 0.0234375 0.06944444444444445
0 0.6786458333333333 0.6546296296296297 0.026041666666666668 0.09074074074074075
0 0.36302083333333335 0.625 0.01875 0.09259259259259259
0 0.7528645833333333 0.6620370370370371 0.0421875 0.15185185185185185
