0 0.79609375 0.6569444444444444 0.050520833333333334 0.28055555555555556
0 0.7375 0.6435185185185185 0.027083333333333334 0.1425925925925926
0 0.6544270833333333 0.6194444444444445 0.027604166666666666 0.08333333333333333
0 0.7817708333333333 0.6958333333333333 0.029166666666666667 0.14722222222222223
0 0.19479166666666667 0.6425925925925926 0.022916666666666665 0.13148148148148148
0 0.22708333333333333 0.6421296296296296 0.023958333333333335 0.1361111111111111
0 0.6205729166666667 0.6291666666666667 0.0265625 0.10277777777777777
0 0.21302083333333333 0.6370370370370371 0.027083333333333334 0.13518518518518519
0 0.7200520833333334 0.663425925925926 0.033854166666666664 0.10462962962962963
0 0.35442708333333334 0.6300925925925925 0.0203125 0.09537037037037037
0 0.82265625 0.6657407407407407 0.033854166666666664 0.19074074074074074
