0 0.8002604166666667 0.6638888888888889 0.05572916666666667 0.30185185185185187
0 0.746875 0.6449074074074074 0.028125 0.14537037037037037
0 0.6544270833333333 0.6166666666666667 0.027604166666666666 0.08333333333333333
0 0.7973958333333333 0.6976851851851852 0.03125 0.15092592592592594
0 0.1890625 0.6430555555555556 0.022916666666666665 0.13425925925925927
0 0.22265625 0.6425925925925926 0.024479166666666666 0.1388888888888889
0 0.62265625 0.625462962962963 0.0265625 0.10277777777777777
0 0.20833333333333334 0.6370370370370371 0.028125 0.13703703703703704
0 0.7302083333333333 0.6666666666666666 0.0375 0.10925925925925926
0 0.353125 0.6310185185185185 0.020833333333333332 0.09722222222222222
0 0.8356770833333333 0.6662037037037037 0.0390625 0.19907407407407407
0 0.33359375 0.6111111111111112 0.013020833333333334 0.04259259259259259
