0 0.8028645833333333 0.6648148148148149 0.058854166666666666 0.31296296296296294
0 0.7510416666666667 0.6458333333333334 0.028125 0.14907407407407408
0 0.6544270833333333 0.6166666666666667 0.027604166666666666 0.08333333333333333
0 0.8067708333333333 0.7 0.03229166666666667 0.1537037037037037
0 0.18619791666666666 0.6439814814814815 0.0234375 0.1361111111111111
0 0.22005208333333334 0.6425925925925926 0.024479166666666666 0.14074074074074075
0 0.6231770833333333 0.6217592592592592 0.0265625 0.10277777777777777
0 0.20546875 0.6375 0.028645833333333332 0.13796296296296295
0 0.7388020833333333 0.6680555555555555 0.034895833333333334 0.11018518518518519
0 0.35260416666666666 0.6314814814814815 0.020833333333333332 0.09814814814814815
0 0.8424479166666666 0.6666666666666666 0.04114583333333333 0.2037037037037037
0 0.33359375 0.6111111111111112 0.013020833333333334 0.04259259259259259
