0 0.8067708333333333 0.6643518518518519 0.06354166666666666 0.32685185185185184
0 0.7604166666666666 0.6472222222222223 0.023958333333333335 0.15185185185185185
0 0.6544270833333333 0.6166666666666667 0.027604166666666666 0.08333333333333333
0 0.8190104166666666 0.7013888888888888 0.033854166666666664 0.15648148148148147
0 0.18229166666666666 0.6444444444444445 0.023958333333333335 0.1388888888888889
0 0.21666666666666667 0.6425925925925926 0.025 0.1425925925925926
0 0.6247395833333333 0.6226851851851852 0.0265625 0.10277777777777777
0 0.2015625 0.637962962962963 0.029166666666666667 0.1388888888888889
0 0.7481770833333333 0.6699074074074074 0.0296875 0.11203703703703703
0 0.3515625 0.6319444444444444 0.020833333333333332 0.09907407407407408
0 0.8502604166666666 0.6671296296296296 0.0453125 0.20833333333333334
0 0.33359375 0.6111111111111112 0.013020833333333334 0.04259259259259259
