0 0.8078125 0.6768518518518518 0.08229166666666667 0.3574074074074074
0 0.77578125 0.6513888888888889 0.024479166666666666 0.16018518518518518
0 0.6580729166666667 0.6166666666666667 0.027604166666666666 0.08333333333333333
0 0.84296875 0.7018518518518518 0.034895833333333334 0.1685185185185185
0 0.17473958333333334 0.6453703703703704 0.0234375 0.1425925925925926
0 0.21015625 0.6439814814814815 0.025520833333333333 0.14722222222222223
0 0.6278645833333333 0.6189814814814815 0.0265625 0.10277777777777777
0 0.19479166666666667 0.6407407407407407 0.030208333333333334 0.1425925925925926
0 0.76484375 0.6768518518518518 0.0265625 0.11481481481481481
0 0.3502604166666667 0.6342592592592593 0.021354166666666667 0.1037037037037037
0 0.8752604166666667 0.6685185185185185 0.04114583333333333 0.22407407407407406
0 0.334375 0.6125 0.013541666666666667 0.04722222222222222
