0 0.8083333333333333 0.6675925925925926 0.075 0.34444444444444444
0 0.7692708333333333 0.6476851851851851 0.023958333333333335 0.15833333333333333
0 0.6575520833333334 0.6166666666666667 0.027604166666666666 0.08333333333333333
0 0.8341145833333333 0.7037037037037037 0.034895833333333334 0.16111111111111112
0 0.178125 0.6449074074074074 0.023958333333333335 0.14166666666666666
0 0.21223958333333334 0.6430555555555556 0.025520833333333333 0.14537037037037037
0 0.6263020833333334 0.6208333333333333 0.0265625 0.10277777777777777
0 0.19765625 0.6388888888888888 0.0296875 0.14074074074074075
0 0.76015625 0.6712962962962963 0.027604166666666666 0.11296296296296296
0 0.35130208333333335 0.6328703703703704 0.021354166666666667 0.10092592592592593
0 0.8622395833333333 0.6680555555555555 0.050520833333333334 0.21388888888888888
0 0.33359375 0.6111111111111112 0.013020833333333334 0.04259259259259259
