0 0.8015625 0.6847222222222222 0.078125 0.3787037037037037
0 0.7927083333333333 0.6537037037037037 0.026041666666666668 0.1685185185185185
0 0.6544270833333333 0.6148148148148148 0.027604166666666666 0.08333333333333333
0 0.8565104166666667 0.700462962962963 0.0359375 0.1824074074074074
0 0.16875 0.6472222222222223 0.022916666666666665 0.14444444444444443
0 0.20677083333333332 0.6462962962962963 0.025 0.15
0 0.62734375 0.6189814814814815 0.0265625 0.10277777777777777
0 0.18880208333333334 0.6421296296296296 0.030729166666666665 0.14537037037037037
0 0.7822916666666667 0.6810185185185185 0.030208333333333334 0.10833333333333334
0 0.35 0.6361111111111111 0.021875 0.10740740740740741
0 0.8973958333333333 0.6699074074074074 0.046875 0.22870370370370371
0 0.33515625 0.6148148148148148 0.0140625 0.053703703703703705
