0 0.7908854166666667 0.687962962962963 0.08802083333333334 0.38333333333333336
0 0.7989583333333333 0.6532407407407408 0.028125 0.1712962962962963
0 0.65390625 0.6129629629629629 0.027604166666666666 0.08333333333333333
0 0.86328125 0.7041666666666667 0.0359375 0.18611111111111112
0 0.16666666666666666 0.6476851851851851 0.022916666666666665 0.14537037037037037
0 0.20546875 0.6467592592592593 0.024479166666666666 0.15092592592592594
0 0.62578125 0.6199074074074075 0.0265625 0.10277777777777777
0 0.18802083333333333 0.6425925925925926 0.030208333333333334 0.14629629629629629
0 0.7903645833333334 0.6814814814814815 0.028645833333333332 0.1111111111111111
0 0.3497395833333333 0.6361111111111111 0.021354166666666667 0.10740740740740741
0 0.9026041666666667 0.6685185185185185 0.04895833333333333 0.23333333333333334
0 0.33515625 0.6148148148148148 0.0140625 0.053703703703703705
