0 0.6596354166666667 0.7222222222222222 0.13385416666666666 0.4148148148148148
0 0.8263020833333333 0.6550925925925926 0.028645833333333332 0.1824074074074074
0 0.6533854166666667 0.612037037037037 0.027604166666666666 0.08333333333333333
0 0.8817708333333333 0.7074074074074074 0.041666666666666664 0.20185185185185187
0 0.16197916666666667 0.6486111111111111 0.022916666666666665 0.14537037037037037
0 0.2015625 0.649537037037037 0.025 0.15092592592592594
0 0.62109375 0.6143518518518518 0.027604166666666666 0.10092592592592593
0 0.18177083333333333 0.6444444444444445 0.026041666666666668 0.15
0 0.821875 0.6898148148148148 0.03333333333333333 0.13148148148148148
0 0.3489583333333333 0.6388888888888888 0.022916666666666665 0.1111111111111111
0 0.9229166666666667 0.6699074074074074 0.059375 0.25833333333333336
0 0.33619791666666665 0.6129629629629629 0.0140625 0.053703703703703705
