0 0.6322916666666667 0.7194444444444444 0.14270833333333333 0.4148148148148148
0 0.8317708333333333 0.6601851851851852 0.03125 0.18333333333333332
0 0.6533854166666667 0.612037037037037 0.027604166666666666 0.08333333333333333
0 0.8822916666666667 0.7032407407407407 0.041666666666666664 0.2064814814814815
0 0.1609375 0.6486111111111111 0.022916666666666665 0.14537037037037037
0 0.20078125 0.6504629629629629 0.025520833333333333 0.15092592592592594
0 0.6200520833333333 0.6143518518518518 0.027604166666666666 0.10092592592592593
0 0.18177083333333333 0.6458333333333334 0.026041666666666668 0.15092592592592594
0 0.8260416666666667 0.6912037037037037 0.040625 0.13796296296296295
0 0.35 0.6398148148148148 0.023958333333333335 0.11296296296296296
0 0.9252604166666667 0.6699074074074074 0.06197916666666667 0.262037037037037
0 0.33671875 0.6129629629629629 0.0140625 0.053703703703703705
