0 0.5494791666666666 0.7245370370370371 0.11666666666666667 0.4101851851851852
0 0.84296875 0.6615740740740741 0.030729166666666665 0.19166666666666668
0 0.6497395833333334 0.6157407407407407 0.027604166666666666 0.08333333333333333
0 0.8901041666666667 0.7083333333333334 0.04375 0.21296296296296297
0 0.16015625 0.6509259259259259 0.0234375 0.14629629629629629
0 0.19921875 0.6513888888888889 0.025520833333333333 0.15092592592592594
0 0.61796875 0.6162037037037037 0.0265625 0.09907407407407408
0 0.18151041666666667 0.6481481481481481 0.025520833333333333 0.15185185185185185
0 0.846875 0.7027777777777777 0.03125 0.1425925925925926
0 0.35078125 0.6421296296296296 0.024479166666666666 0.11388888888888889
0 0.93125 0.6717592592592593 0.0625 0.27314814814814814
0 0.3372395833333333 0.6138888888888889 0.0140625 0.053703703703703705
