0 0.48072916666666665 0.7226851851851852 0.11354166666666667 0.4046296296296296
0 0.85625 0.6680555555555555 0.0375 0.19722222222222222
0 0.64765625 0.6166666666666667 0.027604166666666666 0.08333333333333333
0 0.9018229166666667 0.7111111111111111 0.05364583333333333 0.21666666666666667
0 0.15885416666666666 0.6523148148148148 0.023958333333333335 0.14722222222222223
0 0.19765625 0.6518518518518519 0.025520833333333333 0.15185185185185185
0 0.6151041666666667 0.6148148148148148 0.025 0.0962962962962963
0 0.18229166666666666 0.649074074074074 0.025 0.15185185185185185
0 0.8700520833333333 0.7064814814814815 0.04010416666666667 0.1537037037037037
0 0.3515625 0.6435185185185185 0.023958333333333335 0.11296296296296296
0 0.9427083333333334 0.6773148148148148 0.057291666666666664 0.28425925925925927
