0 0.52578125 0.7324074074074074 0.1609375 0.40185185185185185
0 0.85078125 0.662962962962963 0.0359375 0.1925925925925926
0 0.6486979166666667 0.6166666666666667 0.027604166666666666 0.08333333333333333
0 0.8934895833333333 0.711574074074074 0.049479166666666664 0.2101851851851852
0 0.15963541666666667 0.6513888888888889 0.0234375 0.14722222222222223
0 0.19817708333333334 0.6518518518518519 0.025520833333333333 0.15185185185185185
0 0.6171875 0.6157407407407407 0.026041666666666668 0.09814814814814815
0 0.18177083333333333 0.649074074074074 0.025 0.15185185185185185
0 0.85390625 0.7050925925925926 0.0359375 0.14351851851851852
0 0.35104166666666664 0.6425925925925926 0.023958333333333335 0.11296296296296296
0 0.9354166666666667 0.6731481481481482 0.06145833333333333 0.2777777777777778
0 0.3377604166666667 0.6157407407407407 0.0140625 0.053703703703703705
