0 0.41796875 0.7231481481481481 0.1234375 0.412962962962963
0 0.8653645833333333 0.6662037037037037 0.030729166666666665 0.20277777777777778
0 0.6466145833333333 0.6148148148148148 0.027604166666666666 0.08333333333333333
0 0.9171875 0.7087962962962963 0.04583333333333333 0.23055555555555557
0 0.15833333333333333 0.6537037037037037 0.023958333333333335 0.14814814814814814
0 0.19609375 0.6532407407407408 0.025520833333333333 0.1527777777777778
0 0.6135416666666667 0.6166666666666667 0.025 0.0962962962962963
0 0.18229166666666666 0.649074074074074 0.025 0.15185185185185185
0 0.8934895833333333 0.6995370370370371 0.0453125 0.16574074074074074
0 0.35130208333333335 0.6449074074074074 0.024479166666666666 0.11388888888888889
0 0.95390625 0.6726851851851852 0.0546875 0.2972222222222222
