0 0.246875 0.6532407407407408 0.071875 0.287962962962963
0 0.20364583333333333 0.5791666666666667 0.017708333333333333 0.06018518518518518
0 0.14427083333333332 0.5689814814814815 0.011458333333333333 0.06388888888888888
0 0.13515625 0.5726851851851852 0.0109375 0.04537037037037037
0 0.22994791666666667 0.5703703703703704 0.015104166666666667 0.07037037037037037
0 0.23932291666666666 0.5717592592592593 0.015104166666666667 0.06574074074074074
0 0.3729166666666667 0.5745370370370371 0.017708333333333333 0.08055555555555556
0 0.9807291666666667 0.6282407407407408 0.0375 0.1712962962962963
0 0.9856770833333334 0.6300925925925925 0.027604166666666666 0.1638888888888889
0 0.24244791666666668 0.6787037037037037 0.0578125 0.2
0 0.26484375 0.5828703703703704 0.027604166666666666 0.09351851851851851
0 0.7385416666666667 0.5990740740740741 0.025 0.13703703703703704
0 0.18828125 0.575 0.013020833333333334 0.06296296296296296
0 0.7252604166666666 0.5972222222222222 0.027604166666666666 0.14814814814814814
0 0.34140625 0.5708333333333333 0.013020833333333334 0.06574074074074074
0 0.8536458333333333 0.5824074074074074 0.025 0.10925925925925926
