0 0.22994791666666667 0.6518518518518519 0.06197916666666667 0.25925925925925924
0 0.15234375 0.5828703703703704 0.015104166666666667 0.058333333333333334
0 0.09817708333333333 0.5810185185185185 0.013020833333333334 0.06388888888888888
0 0.08958333333333333 0.5856481481481481 0.011458333333333333 0.05092592592592592
0 0.18229166666666666 0.5805555555555556 0.014583333333333334 0.07037037037037037
0 0.19114583333333332 0.5782407407407407 0.014583333333333334 0.06574074074074074
0 0.3140625 0.5828703703703704 0.016666666666666666 0.08796296296296297
0 0.92421875 0.6226851851851852 0.03177083333333333 0.175
0 0.93359375 0.6300925925925925 0.0421875 0.15092592592592594
0 0.22109375 0.6782407407407407 0.05572916666666667 0.18425925925925926
0 0.21640625 0.5902777777777778 0.027604166666666666 0.09351851851851851
0 0.6682291666666667 0.6069444444444444 0.023958333333333335 0.13055555555555556
0 0.13776041666666666 0.5814814814814815 0.011979166666666667 0.06296296296296296
0 0.65546875 0.6023148148148149 0.0265625 0.14166666666666666
0 0.29010416666666666 0.5787037037037037 0.0125 0.06296296296296296
0 0.7921875 0.5907407407407408 0.025 0.10740740740740741
