0 0.2640625 0.6689814814814815 0.11041666666666666 0.41944444444444445
0 0.359375 0.5666666666666667 0.016666666666666666 0.06481481481481481
0 0.28880208333333335 0.5560185185185185 0.013020833333333334 0.06944444444444445
0 0.27838541666666666 0.5611111111111111 0.011979166666666667 0.05555555555555555
0 0.3768229166666667 0.5546296296296296 0.015104166666666667 0.07037037037037037
0 0.3875 0.5546296296296296 0.017708333333333333 0.07222222222222222
0 0.5557291666666667 0.5578703703703703 0.017708333333333333 0.09351851851851851
0 0.2994791666666667 0.5546296296296296 0.010416666666666666 0.06111111111111111
0 0.2359375 0.7027777777777777 0.08541666666666667 0.28703703703703703
0 0.4075520833333333 0.5685185185185185 0.03177083333333333 0.1111111111111111
0 0.95859375 0.5875 0.021354166666666667 0.1638888888888889
0 0.34609375 0.5592592592592592 0.0140625 0.06851851851851852
0 0.9471354166666667 0.5824074074074074 0.025520833333333333 0.16666666666666666
0 0.49921875 0.5560185185185185 0.016145833333333335 0.07314814814814814
