0 0.2643229166666667 0.6685185185185185 0.1140625 0.412962962962963
0 0.3536458333333333 0.5671296296296297 0.016666666666666666 0.06388888888888888
0 0.2833333333333333 0.5560185185185185 0.0125 0.06944444444444445
0 0.27317708333333335 0.562037037037037 0.011979166666666667 0.05555555555555555
0 0.37109375 0.5546296296296296 0.015104166666666667 0.07037037037037037
0 0.38203125 0.5555555555555556 0.0171875 0.07222222222222222
0 0.5481770833333334 0.5583333333333333 0.0171875 0.09259259259259259
0 0.29348958333333336 0.5555555555555556 0.0109375 0.06111111111111111
0 0.23828125 0.7013888888888888 0.08177083333333333 0.2824074074074074
0 0.40286458333333336 0.5685185185185185 0.03177083333333333 0.1111111111111111
0 0.95078125 0.586574074074074 0.0234375 0.16574074074074074
0 0.34088541666666666 0.5601851851851852 0.0140625 0.06851851851851852
0 0.9364583333333333 0.5791666666666667 0.026041666666666668 0.16574074074074074
0 0.4934895833333333 0.5560185185185185 0.016145833333333335 0.07314814814814814
