0 0.2713541666666667 0.6597222222222222 0.075 0.36203703703703705
0 0.30494791666666665 0.5685185185185185 0.0140625 0.06851851851851852
0 0.23723958333333334 0.5638888888888889 0.011979166666666667 0.06851851851851852
0 0.22760416666666666 0.5671296296296297 0.0125 0.058333333333333334
0 0.32421875 0.5601851851851852 0.015104166666666667 0.07037037037037037
0 0.33515625 0.5611111111111111 0.016145833333333335 0.06851851851851852
0 0.490625 0.5615740740740741 0.016666666666666666 0.08981481481481482
0 0.24479166666666666 0.5611111111111111 0.011458333333333333 0.05555555555555555
0 0.25625 0.6884259259259259 0.06979166666666667 0.25277777777777777
0 0.3546875 0.5740740740740741 0.030208333333333334 0.10555555555555556
0 0.8791666666666667 0.5888888888888889 0.025 0.1537037037037037
0 0.28671875 0.5657407407407408 0.0140625 0.06666666666666667
0 0.8658854166666666 0.5782407407407407 0.027604166666666666 0.16203703703703703
0 0.44869791666666664 0.5569444444444445 0.016145833333333335 0.07314814814814814
0 0.9778645833333334 0.549074074074074 0.025520833333333333 0.09814814814814815
