0 0.23854166666666668 0.6731481481481482 0.09583333333333334 0.4462962962962963
0 0.3776041666666667 0.5652777777777778 0.016666666666666666 0.06574074074074074
0 0.3033854166666667 0.5546296296296296 0.013020833333333334 0.06851851851851852
0 0.29296875 0.5597222222222222 0.011979166666666667 0.05648148148148148
0 0.3924479166666667 0.5527777777777778 0.015104166666666667 0.07037037037037037
0 0.40338541666666666 0.5523148148148148 0.018229166666666668 0.075
0 0.5747395833333333 0.5564814814814815 0.018229166666666668 0.09444444444444444
0 0.3143229166666667 0.5527777777777778 0.0109375 0.06111111111111111
0 0.21484375 0.7050925925925926 0.0828125 0.30462962962962964
0 0.4231770833333333 0.5662037037037037 0.0328125 0.11018518518518519
0 0.9809895833333333 0.5916666666666667 0.0203125 0.15925925925925927
0 0.36171875 0.5583333333333333 0.0140625 0.06851851851851852
0 0.9692708333333333 0.5791666666666667 0.029166666666666667 0.17314814814814813
0 0.5158854166666667 0.5560185185185185 0.016145833333333335 0.07314814814814814
