0 0.06510416666666667 0.6796296296296296 0.13020833333333334 0.5259259259259259
0 0.48333333333333334 0.5541666666666667 0.017708333333333333 0.075
0 0.39140625 0.5555555555555556 0.013020833333333334 0.06851851851851852
0 0.378125 0.562037037037037 0.015625 0.05925925925925926
0 0.4908854166666667 0.5486111111111112 0.018229166666666668 0.0712962962962963
0 0.7010416666666667 0.5546296296296296 0.01875 0.10740740740740741
0 0.4075520833333333 0.5509259259259259 0.011979166666666667 0.06111111111111111
0 0.06041666666666667 0.7277777777777777 0.09583333333333334 0.4
0 0.5158854166666667 0.5638888888888889 0.03177083333333333 0.10925925925925926
0 0.46484375 0.5601851851851852 0.015104166666666667 0.07592592592592592
0 0.6346354166666667 0.5523148148148148 0.016145833333333335 0.07685185185185185
