0 0.6416666666666667 0.6467592592592593 0.028125 0.14907407407407408
0 0.25 0.6365740740740741 0.017708333333333333 0.06574074074074074
0 0.6588541666666666 0.65 0.029166666666666667 0.1537037037037037
0 0.09427083333333333 0.5791666666666667 0.016666666666666666 0.058333333333333334
0 0.7588541666666667 0.6356481481481482 0.021875 0.10092592592592593
0 0.07760416666666667 0.7425925925925926 0.0875 0.34074074074074073
0 0.5979166666666667 0.6597222222222222 0.022916666666666665 0.1361111111111111
0 0.2638020833333333 0.6287037037037037 0.0140625 0.05
0 0.6822916666666666 0.6439814814814815 0.026041666666666668 0.15648148148148147
0 0.1265625 0.6361111111111111 0.017708333333333333 0.06851851851851852
0 0.4466145833333333 0.6402777777777777 0.0140625 0.0712962962962963
0 0.578125 0.6527777777777778 0.029166666666666667 0.13518518518518519
0 0.16119791666666666 0.6305555555555555 0.015104166666666667 0.07037037037037037
0 0.11458333333333333 0.6513888888888889 0.025 0.10277777777777777
0 0.18203125 0.6277777777777778 0.0140625 0.06111111111111111
0 0.5119791666666667 0.6444444444444445 0.021875 0.07222222222222222
0 0.2752604166666667 0.6314814814814815 0.013020833333333334 0.06296296296296296
