0 0.6377604166666667 0.6462962962962963 0.0296875 0.14629629629629629
0 0.2484375 0.6365740740740741 0.017708333333333333 0.06574074074074074
0 0.65625 0.6472222222222223 0.028125 0.15
0 0.09583333333333334 0.5791666666666667 0.016666666666666666 0.058333333333333334
0 0.7505208333333333 0.6356481481481482 0.021875 0.10092592592592593
0 0.08932291666666667 0.736574074074074 0.08489583333333334 0.33055555555555555
0 0.59296875 0.6597222222222222 0.022395833333333334 0.13425925925925927
0 0.26276041666666666 0.6287037037037037 0.0140625 0.05
0 0.6776041666666667 0.6439814814814815 0.026041666666666668 0.15092592592592594
0 0.12552083333333333 0.6351851851851852 0.017708333333333333 0.06851851851851852
0 0.44192708333333336 0.6402777777777777 0.0140625 0.0712962962962963
0 0.5747395833333333 0.6527777777777778 0.028645833333333332 0.13333333333333333
0 0.16171875 0.6305555555555555 0.015104166666666667 0.07037037037037037
0 0.18359375 0.6273148148148148 0.0140625 0.06018518518518518
0 0.5067708333333333 0.6435185185185185 0.021875 0.07037037037037037
0 0.2752604166666667 0.6314814814814815 0.013020833333333334 0.06296296296296296
