0 0.6494791666666667 0.649074074074074 0.028125 0.15555555555555556
0 0.25364583333333335 0.6375 0.017708333333333333 0.06574074074074074
0 0.6671875 0.6532407407407408 0.034375 0.15833333333333333
0 0.09270833333333334 0.5782407407407407 0.016666666666666666 0.058333333333333334
0 0.7723958333333333 0.6347222222222222 0.021875 0.10092592592592593
0 0.054427083333333334 0.7643518518518518 0.09114583333333333 0.33796296296296297
0 0.6067708333333334 0.6606481481481481 0.022916666666666665 0.14166666666666666
0 0.26484375 0.6296296296296297 0.0140625 0.05
0 0.6916666666666667 0.6449074074074074 0.027083333333333334 0.15648148148148147
0 0.121875 0.6361111111111111 0.017708333333333333 0.06851851851851852
0 0.4549479166666667 0.6402777777777777 0.0140625 0.0712962962962963
0 0.5869791666666667 0.6546296296296297 0.03125 0.1388888888888889
0 0.16067708333333333 0.6305555555555555 0.015104166666666667 0.07037037037037037
0 0.10885416666666667 0.6546296296296297 0.027083333333333334 0.10555555555555556
0 0.17994791666666668 0.6277777777777778 0.0140625 0.06111111111111111
0 0.5208333333333334 0.6435185185185185 0.021875 0.07407407407407407
0 0.27630208333333334 0.6314814814814815 0.013020833333333334 0.06296296296296296
