0 0.6880208333333333 0.6574074074074074 0.03229166666666667 0.18703703703703703
0 0.26484375 0.6421296296296296 0.019270833333333334 0.06944444444444445
0 0.5942708333333333 0.6324074074074074 0.016666666666666666 0.06666666666666667
0 0.6989583333333333 0.663425925925926 0.04583333333333333 0.19166666666666668
0 0.67421875 0.6476851851851851 0.030729166666666665 0.11018518518518519
0 0.08229166666666667 0.5773148148148148 0.016666666666666666 0.058333333333333334
0 0.834375 0.6300925925925925 0.021875 0.10092592592592593
0 0.65234375 0.6726851851851852 0.0265625 0.16944444444444445
0 0.26901041666666664 0.6305555555555555 0.0140625 0.05
0 0.7307291666666667 0.6564814814814814 0.0375 0.1925925925925926
0 0.09791666666666667 0.637962962962963 0.017708333333333333 0.06851851851851852
0 0.490625 0.6398148148148148 0.015625 0.07592592592592592
0 0.6234375 0.6638888888888889 0.041666666666666664 0.17037037037037037
0 0.15130208333333334 0.6314814814814815 0.015104166666666667 0.07037037037037037
0 0.08151041666666667 0.6689814814814815 0.03697916666666667 0.12314814814814815
0 0.04869791666666667 0.6435185185185185 0.019270833333333334 0.1037037037037037
0 0.022916666666666665 0.6569444444444444 0.020833333333333332 0.12314814814814815
0 0.10963541666666667 0.6310185185185185 0.015104166666666667 0.0712962962962963
0 0.0359375 0.65 0.016666666666666666 0.10925925925925926
0 0.16432291666666668 0.6282407407407408 0.0140625 0.06388888888888888
0 0.5614583333333333 0.6435185185185185 0.021875 0.08333333333333333
0 0.27734375 0.6333333333333333 0.013020833333333334 0.06296296296296296
