0 0.6869791666666667 0.6574074074074074 0.03125 0.18518518518518517
0 0.26458333333333334 0.6421296296296296 0.01875 0.06944444444444445
0 0.59375 0.6324074074074074 0.016666666666666666 0.06666666666666667
0 0.6963541666666667 0.6625 0.04583333333333333 0.18981481481481483
0 0.6736979166666667 0.6472222222222223 0.030729166666666665 0.10925925925925926
0 0.0828125 0.5773148148148148 0.016666666666666666 0.058333333333333334
0 0.8322916666666667 0.6300925925925925 0.021875 0.10092592592592593
0 0.6502604166666667 0.6717592592592593 0.0265625 0.1675925925925926
0 0.26901041666666664 0.6305555555555555 0.0140625 0.05
0 0.72890625 0.6555555555555556 0.03697916666666667 0.19074074074074074
0 0.09895833333333333 0.637962962962963 0.017708333333333333 0.06851851851851852
0 0.48932291666666666 0.6393518518518518 0.015104166666666667 0.075
0 0.6221354166666667 0.662962962962963 0.04114583333333333 0.1685185185185185
0 0.15182291666666667 0.6314814814814815 0.015104166666666667 0.07037037037037037
0 0.08307291666666666 0.6689814814814815 0.0359375 0.12314814814814815
0 0.04895833333333333 0.6425925925925926 0.01875 0.1037037037037037
0 0.024479166666666666 0.6569444444444444 0.020833333333333332 0.12314814814814815
0 0.11015625 0.6310185185185185 0.015104166666666667 0.0712962962962963
0 0.03671875 0.65 0.0171875 0.10925925925925926
0 0.16484375 0.6282407407407408 0.0140625 0.06388888888888888
0 0.5598958333333334 0.6435185185185185 0.021875 0.08333333333333333
0 0.27734375 0.6333333333333333 0.013020833333333334 0.06296296296296296
