0 0.6799479166666667 0.6550925925925926 0.0296875 0.18055555555555555
0 0.2643229166666667 0.6412037037037037 0.018229166666666668 0.06759259259259259
0 0.5864583333333333 0.6310185185185185 0.016666666666666666 0.06574074074074074
0 0.6911458333333333 0.6592592592592592 0.041666666666666664 0.18333333333333332
0 0.08541666666666667 0.5773148148148148 0.016666666666666666 0.058333333333333334
0 0.8229166666666666 0.6310185185185185 0.021875 0.10092592592592593
0 0.6434895833333333 0.6699074074074074 0.025520833333333333 0.16203703703703703
0 0.26848958333333334 0.6305555555555555 0.0140625 0.05
0 0.7216145833333333 0.6527777777777778 0.0359375 0.18333333333333332
0 0.103125 0.637962962962963 0.017708333333333333 0.06851851851851852
0 0.484375 0.6393518518518518 0.014583333333333334 0.07314814814814814
0 0.6174479166666667 0.6620370370370371 0.0390625 0.1648148148148148
0 0.15390625 0.6305555555555555 0.015104166666666667 0.07037037037037037
0 0.0890625 0.6657407407407407 0.034375 0.12222222222222222
0 0.052083333333333336 0.6416666666666667 0.017708333333333333 0.10185185185185185
0 0.030208333333333334 0.6560185185185186 0.020833333333333332 0.12314814814814815
0 0.11276041666666667 0.6319444444444444 0.015104166666666667 0.0712962962962963
0 0.0390625 0.649537037037037 0.017708333333333333 0.10648148148148148
0 0.16901041666666666 0.6277777777777778 0.0140625 0.06296296296296296
0 0.5536458333333333 0.6435185185185185 0.021875 0.08148148148148149
0 0.27838541666666666 0.6314814814814815 0.013020833333333334 0.06296296296296296
