0 0.7057291666666666 0.6620370370370371 0.035416666666666666 0.20555555555555555
0 0.26666666666666666 0.6453703703703704 0.020833333333333332 0.07407407407407407
0 0.5984375 0.6314814814814815 0.016666666666666666 0.06851851851851852
0 0.7140625 0.6671296296296296 0.03958333333333333 0.2101851851851852
0 0.5109375 0.6435185185185185 0.01875 0.08148148148148149
0 0.6794270833333333 0.6476851851851851 0.030729166666666665 0.11203703703703703
0 0.07604166666666666 0.5773148148148148 0.016666666666666666 0.058333333333333334
0 0.8578125 0.6282407407407408 0.021875 0.10092592592592593
0 0.6703125 0.6763888888888889 0.028125 0.18425925925925926
0 0.26848958333333334 0.6305555555555555 0.0140625 0.05
0 0.7520833333333333 0.6625 0.042708333333333334 0.21203703703703702
0 0.08958333333333333 0.6361111111111111 0.017708333333333333 0.06851851851851852
0 0.50234375 0.6421296296296296 0.0171875 0.0824074074074074
0 0.6393229166666666 0.6666666666666666 0.0421875 0.1814814814814815
0 0.14661458333333333 0.6333333333333333 0.015104166666666667 0.07037037037037037
0 0.06276041666666667 0.6699074074074074 0.043229166666666666 0.12314814814814815
0 0.037760416666666664 0.6467592592592593 0.0203125 0.10833333333333334
0 0.009895833333333333 0.663425925925926 0.015625 0.12314814814814815
0 0.10130208333333333 0.6310185185185185 0.015104166666666667 0.0712962962962963
0 0.026822916666666665 0.6513888888888889 0.0203125 0.11388888888888889
0 0.15442708333333333 0.6277777777777778 0.0140625 0.06481481481481481
0 0.07630208333333334 0.6342592592592593 0.015104166666666667 0.06296296296296296
0 0.5776041666666667 0.6449074074074074 0.021875 0.08796296296296297
0 0.2752604166666667 0.6370370370370371 0.013020833333333334 0.06296296296296296
