0 0.7359375 0.6643518518518519 0.041666666666666664 0.22685185185185186
0 0.2682291666666667 0.6476851851851851 0.022916666666666665 0.0787037037037037
0 0.6005208333333333 0.6314814814814815 0.016666666666666666 0.06851851851851852
0 0.7388020833333333 0.674537037037037 0.03802083333333333 0.24166666666666667
0 0.5307291666666667 0.6416666666666667 0.01875 0.08148148148148149
0 0.6872395833333333 0.6476851851851851 0.030729166666666665 0.11574074074074074
0 0.0671875 0.5773148148148148 0.016666666666666666 0.058333333333333334
0 0.8901041666666667 0.625462962962963 0.021875 0.10092592592592593
0 0.6966145833333334 0.6810185185185185 0.03177083333333333 0.20462962962962963
0 0.26640625 0.6305555555555555 0.0140625 0.05
0 0.7828125 0.6657407407407407 0.04895833333333333 0.24259259259259258
0 0.07916666666666666 0.6314814814814815 0.017708333333333333 0.06851851851851852
0 0.5192708333333333 0.6453703703703704 0.019791666666666666 0.09074074074074075
0 0.6559895833333333 0.6703703703703704 0.049479166666666664 0.1962962962962963
0 0.13723958333333333 0.6319444444444444 0.015104166666666667 0.07314814814814814
0 0.034375 0.6736111111111112 0.041666666666666664 0.13425925925925927
0 0.0265625 0.6509259259259259 0.021875 0.12222222222222222
0 0.08932291666666667 0.6310185185185185 0.015104166666666667 0.0712962962962963
0 0.016666666666666666 0.649074074074074 0.019791666666666666 0.12222222222222222
0 0.14088541666666668 0.6282407407407408 0.0140625 0.06574074074074074
0 0.06484375 0.6342592592592593 0.015104166666666667 0.06296296296296296
0 0.5994791666666667 0.6472222222222223 0.021875 0.09444444444444444
0 0.27317708333333335 0.637962962962963 0.013020833333333334 0.06296296296296296
