0 0.7466145833333333 0.6652777777777777 0.0421875 0.2361111111111111
0 0.2682291666666667 0.6486111111111111 0.022916666666666665 0.0787037037037037
0 0.6015625 0.6314814814814815 0.016666666666666666 0.06851851851851852
0 0.74765625 0.675 0.0390625 0.24814814814814815
0 0.5364583333333334 0.6407407407407407 0.01875 0.08148148148148149
0 0.6893229166666667 0.6481481481481481 0.030729166666666665 0.11666666666666667
0 0.06510416666666667 0.5763888888888888 0.016666666666666666 0.058333333333333334
0 0.8979166666666667 0.625462962962963 0.021875 0.10092592592592593
0 0.7036458333333333 0.6828703703703703 0.034375 0.2101851851851852
0 0.26588541666666665 0.6305555555555555 0.0140625 0.05
0 0.7901041666666667 0.6675925925925926 0.05 0.2518518518518518
0 0.0765625 0.6296296296296297 0.017708333333333333 0.06851851851851852
0 0.5244791666666667 0.6449074074074074 0.020833333333333332 0.09166666666666666
0 0.6598958333333333 0.6717592592592593 0.05 0.20277777777777778
0 0.13463541666666667 0.6314814814814815 0.015104166666666667 0.07407407407407407
0 0.028125 0.6754629629629629 0.036458333333333336 0.13425925925925927
0 0.0234375 0.6523148148148148 0.021875 0.1287037037037037
0 0.08619791666666667 0.6310185185185185 0.015104166666666667 0.0712962962962963
0 0.013802083333333333 0.65 0.019270833333333334 0.1259259259259259
0 0.13723958333333333 0.6273148148148148 0.0140625 0.06574074074074074
0 0.06171875 0.6342592592592593 0.015104166666666667 0.06296296296296296
0 0.6057291666666667 0.6472222222222223 0.021875 0.0962962962962963
0 0.2721354166666667 0.637962962962963 0.013020833333333334 0.06296296296296296
