0 0.7674479166666667 0.6685185185185185 0.049479166666666664 0.2537037037037037
0 0.2682291666666667 0.6486111111111111 0.022916666666666665 0.0787037037037037
0 0.6026041666666667 0.6314814814814815 0.016666666666666666 0.06851851851851852
0 0.7643229166666666 0.6787037037037037 0.049479166666666664 0.26851851851851855
0 0.5505208333333333 0.6388888888888888 0.01875 0.08148148148148149
0 0.6950520833333333 0.6472222222222223 0.030729166666666665 0.11666666666666667
0 0.059895833333333336 0.5736111111111111 0.016666666666666666 0.058333333333333334
0 0.9166666666666666 0.625462962962963 0.021875 0.10092592592592593
0 0.7221354166666667 0.6851851851851852 0.03697916666666667 0.22592592592592592
0 0.26484375 0.6305555555555555 0.0140625 0.05
0 0.8083333333333333 0.6703703703703704 0.053125 0.2759259259259259
0 0.06979166666666667 0.6277777777777778 0.017708333333333333 0.06851851851851852
0 0.5377604166666666 0.6462962962962963 0.022395833333333334 0.09444444444444444
0 0.6723958333333333 0.675 0.052083333333333336 0.21481481481481482
0 0.12786458333333334 0.6305555555555555 0.015104166666666667 0.07592592592592592
0 0.012760416666666666 0.6810185185185185 0.025520833333333333 0.13796296296296295
0 0.016145833333333335 0.649074074074074 0.021875 0.13333333333333333
0 0.08046875 0.6314814814814815 0.015104166666666667 0.07407407407407407
0 0.0067708333333333336 0.6523148148148148 0.013541666666666667 0.13425925925925927
0 0.12786458333333334 0.6273148148148148 0.0140625 0.06574074074074074
0 0.05546875 0.6333333333333333 0.015104166666666667 0.06296296296296296
0 0.6208333333333333 0.6481481481481481 0.021875 0.10185185185185185
0 0.27057291666666666 0.637962962962963 0.013020833333333334 0.06296296296296296
