0 0.7658854166666667 0.6680555555555555 0.0484375 0.25092592592592594
0 0.2682291666666667 0.6486111111111111 0.022916666666666665 0.0787037037037037
0 0.6026041666666667 0.6314814814814815 0.016666666666666666 0.06851851851851852
0 0.7635416666666667 0.6787037037037037 0.04895833333333333 0.26666666666666666
0 0.5494791666666666 0.6398148148148148 0.01875 0.08148148148148149
0 0.69453125 0.6472222222222223 0.030729166666666665 0.11666666666666667
0 0.06041666666666667 0.5745370370370371 0.016666666666666666 0.058333333333333334
0 0.9145833333333333 0.625462962962963 0.021875 0.10092592592592593
0 0.7205729166666667 0.6851851851851852 0.03697916666666667 0.22407407407407406
0 0.26484375 0.6305555555555555 0.0140625 0.05
0 0.80625 0.6699074074074074 0.053125 0.27314814814814814
0 0.0703125 0.6277777777777778 0.017708333333333333 0.06851851851851852
0 0.53671875 0.6462962962962963 0.022395833333333334 0.09444444444444444
0 0.6713541666666667 0.6754629629629629 0.052083333333333336 0.21388888888888888
0 0.12890625 0.6305555555555555 0.015104166666666667 0.07592592592592592
0 0.013802083333333333 0.6791666666666667 0.027604166666666666 0.1398148148148148
0 0.017447916666666667 0.6504629629629629 0.022395833333333334 0.13425925925925927
0 0.08098958333333334 0.6310185185185185 0.015104166666666667 0.07314814814814814
0 0.007291666666666667 0.6518518518518519 0.014583333333333334 0.13333333333333333
0 0.12890625 0.6273148148148148 0.0140625 0.06574074074074074
0 0.055989583333333336 0.6333333333333333 0.015104166666666667 0.06296296296296296
0 0.6192708333333333 0.6476851851851851 0.021875 0.10092592592592593
0 0.27109375 0.637962962962963 0.013020833333333334 0.06296296296296296
