0 0.784375 0.674537037037037 0.05625 0.27870370370370373
0 0.26875 0.6486111111111111 0.022916666666666665 0.0787037037037037
0 0.603125 0.6314814814814815 0.016666666666666666 0.06851851851851852
0 0.78359375 0.6814814814814815 0.04635416666666667 0.28888888888888886
0 0.56640625 0.6421296296296296 0.019270833333333334 0.08796296296296297
0 0.69765625 0.6449074074074074 0.028645833333333332 0.11203703703703703
0 0.05416666666666667 0.5708333333333333 0.016666666666666666 0.058333333333333334
0 0.7424479166666667 0.6856481481481481 0.03802083333333333 0.23981481481481481
0 0.8315104166666667 0.6773148148148148 0.05364583333333333 0.30648148148148147
0 0.06302083333333333 0.6268518518518519 0.017708333333333333 0.06851851851851852
0 0.55390625 0.6467592592592593 0.024479166666666666 0.09722222222222222
0 0.6875 0.6777777777777778 0.053125 0.2388888888888889
0 0.12447916666666667 0.6319444444444444 0.016666666666666666 0.0787037037037037
0 0.011197916666666667 0.65 0.022395833333333334 0.1425925925925926
0 0.07526041666666666 0.6319444444444444 0.015104166666666667 0.07685185185185185
0 0.11770833333333333 0.6263888888888889 0.014583333333333334 0.06574074074074074
0 0.04869791666666667 0.6291666666666667 0.015104166666666667 0.06759259259259259
0 0.6390625 0.649537037037037 0.021875 0.10833333333333334
0 0.26901041666666664 0.6388888888888888 0.013020833333333334 0.06296296296296296
