0 0.7778645833333333 0.6726851851851852 0.0546875 0.26944444444444443
0 0.2713541666666667 0.6467592592592593 0.022916666666666665 0.0787037037037037
0 0.603125 0.6314814814814815 0.016666666666666666 0.06851851851851852
0 0.7736979166666667 0.6782407407407407 0.044270833333333336 0.27870370370370373
0 0.5583333333333333 0.6402777777777777 0.01875 0.08425925925925926
0 0.690625 0.6444444444444445 0.027083333333333334 0.10925925925925926
0 0.057291666666666664 0.5726851851851852 0.016666666666666666 0.058333333333333334
0 0.9276041666666667 0.625462962962963 0.021875 0.10092592592592593
0 0.7330729166666666 0.6847222222222222 0.03697916666666667 0.23425925925925925
0 0.2643229166666667 0.6305555555555555 0.0140625 0.05
0 0.8205729166666667 0.6754629629629629 0.05364583333333333 0.2916666666666667
0 0.06614583333333333 0.6277777777777778 0.017708333333333333 0.06851851851851852
0 0.5455729166666666 0.6467592592592593 0.0234375 0.09537037037037037
0 0.68046875 0.6763888888888889 0.05260416666666667 0.22314814814814815
0 0.12630208333333334 0.6310185185185185 0.016145833333333335 0.07685185185185185
0 0.012760416666666666 0.6472222222222223 0.022395833333333334 0.13703703703703704
0 0.07786458333333333 0.6319444444444444 0.015104166666666667 0.075
0 0.005729166666666666 0.6537037037037037 0.011458333333333333 0.13703703703703704
0 0.12265625 0.6273148148148148 0.0140625 0.06574074074074074
0 0.05234375 0.6287037037037037 0.015104166666666667 0.07037037037037037
0 0.6302083333333334 0.6486111111111111 0.021875 0.10462962962962963
0 0.27005208333333336 0.637962962962963 0.013020833333333334 0.06296296296296296
