0 0.8005208333333333 0.6754629629629629 0.05416666666666667 0.2916666666666667
0 0.27291666666666664 0.649537037037037 0.022916666666666665 0.08055555555555556
0 0.603125 0.6314814814814815 0.016666666666666666 0.06851851851851852
0 0.8020833333333334 0.6884259259259259 0.051041666666666666 0.31203703703703706
0 0.5815104166666667 0.649537037037037 0.0203125 0.09537037037037037
0 0.7049479166666667 0.6472222222222223 0.030729166666666665 0.11666666666666667
0 0.051041666666666666 0.5731481481481482 0.016666666666666666 0.06296296296296296
0 0.7596354166666667 0.6888888888888889 0.0390625 0.2537037037037037
0 0.9020833333333333 0.6240740740740741 0.022916666666666665 0.10925925925925926
0 0.8471354166666667 0.6768518518518518 0.058854166666666666 0.337037037037037
0 0.05572916666666667 0.6268518518518519 0.017708333333333333 0.06851851851851852
0 0.56875 0.6476851851851851 0.025 0.10092592592592593
0 0.6986979166666667 0.6796296296296296 0.050520833333333334 0.24074074074074073
0 0.12135416666666667 0.6333333333333333 0.017708333333333333 0.08148148148148149
0 0.009635416666666667 0.6537037037037037 0.019270833333333334 0.1425925925925926
0 0.07005208333333333 0.6328703703703704 0.015104166666666667 0.08055555555555556
0 0.11067708333333333 0.6277777777777778 0.016145833333333335 0.07037037037037037
0 0.04244791666666667 0.6305555555555555 0.015104166666666667 0.06296296296296296
0 0.6580729166666667 0.6527777777777778 0.0234375 0.1111111111111111
0 0.2669270833333333 0.6388888888888888 0.013020833333333334 0.06296296296296296
