0 0.7947916666666667 0.674074074074074 0.05416666666666667 0.2833333333333333
0 0.2708333333333333 0.649074074074074 0.022916666666666665 0.07962962962962963
0 0.603125 0.6314814814814815 0.016666666666666666 0.06851851851851852
0 0.7955729166666666 0.6856481481481481 0.0484375 0.30092592592592593
0 0.575 0.6435185185185185 0.019791666666666666 0.09259259259259259
0 0.7052083333333333 0.6458333333333334 0.030208333333333334 0.11574074074074074
0 0.052083333333333336 0.5717592592592593 0.016666666666666666 0.06018518518518518
0 0.7526041666666666 0.687962962962963 0.03854166666666667 0.24814814814814815
0 0.9020833333333333 0.6240740740740741 0.022916666666666665 0.10925925925925926
0 0.84375 0.6759259259259259 0.053125 0.32222222222222224
0 0.058854166666666666 0.6268518518518519 0.017708333333333333 0.06851851851851852
0 0.5625 0.6476851851851851 0.025 0.09907407407407408
0 0.6947916666666667 0.6787037037037037 0.052083333333333336 0.24259259259259258
0 0.12265625 0.6328703703703704 0.0171875 0.08055555555555556
0 0.009895833333333333 0.6472222222222223 0.019791666666666666 0.14629629629629629
0 0.07213541666666666 0.6324074074074074 0.015104166666666667 0.07962962962962963
0 0.11380208333333333 0.6277777777777778 0.015104166666666667 0.06851851851851852
0 0.04505208333333333 0.6305555555555555 0.015104166666666667 0.06481481481481481
0 0.6505208333333333 0.6513888888888889 0.022916666666666665 0.11018518518518519
0 0.26796875 0.6388888888888888 0.013020833333333334 0.06296296296296296
