0 0.7869791666666667 0.674537037037037 0.05520833333333333 0.28055555555555556
0 0.26927083333333335 0.65 0.022916666666666665 0.07962962962962963
0 0.603125 0.6314814814814815 0.016666666666666666 0.06851851851851852
0 0.7888020833333333 0.6833333333333333 0.04739583333333333 0.29444444444444445
0 0.5703125 0.6421296296296296 0.019791666666666666 0.08981481481481482
0 0.7010416666666667 0.6458333333333334 0.029166666666666667 0.11388888888888889
0 0.05260416666666667 0.5708333333333333 0.016666666666666666 0.058333333333333334
0 0.7471354166666667 0.6861111111111111 0.03802083333333333 0.24259259259259258
0 0.9020833333333333 0.6240740740740741 0.022916666666666665 0.10925925925925926
0 0.8364583333333333 0.6768518518518518 0.053125 0.31296296296296294
0 0.0609375 0.6268518518518519 0.017708333333333333 0.06851851851851852
0 0.5578125 0.6472222222222223 0.025 0.09814814814814815
0 0.6911458333333333 0.6773148148148148 0.053125 0.24351851851851852
0 0.1234375 0.6324074074074074 0.016666666666666666 0.07962962962962963
0 0.010416666666666666 0.649537037037037 0.020833333333333332 0.14351851851851852
0 0.07369791666666667 0.6324074074074074 0.015104166666666667 0.07777777777777778
0 0.115625 0.6268518518518519 0.014583333333333334 0.06666666666666667
0 0.047135416666666666 0.6305555555555555 0.015104166666666667 0.06666666666666667
0 0.64375 0.65 0.021875 0.10925925925925926
0 0.26848958333333334 0.6388888888888888 0.013020833333333334 0.06296296296296296
