0 0.8044270833333333 0.6754629629629629 0.05364583333333333 0.2972222222222222
0 0.275 0.65 0.022916666666666665 0.08148148148148149
0 0.603125 0.6314814814814815 0.016666666666666666 0.06851851851851852
0 0.8057291666666667 0.6893518518518519 0.053125 0.3212962962962963
0 0.58671875 0.6481481481481481 0.0203125 0.09814814814814815
0 0.7013020833333333 0.6476851851851851 0.030729166666666665 0.11574074074074074
0 0.050520833333333334 0.575 0.016666666666666666 0.06481481481481481
0 0.76484375 0.6888888888888889 0.04010416666666667 0.2574074074074074
0 0.9020833333333333 0.6240740740740741 0.022916666666666665 0.10925925925925926
0 0.8494791666666667 0.6773148148148148 0.06354166666666666 0.3490740740740741
0 0.053125 0.6268518518518519 0.017708333333333333 0.06851851851851852
0 0.5734375 0.6481481481481481 0.025 0.10185185185185185
0 0.69765625 0.6810185185185185 0.050520833333333334 0.24166666666666667
0 0.12005208333333334 0.6337962962962963 0.018229166666666668 0.0824074074074074
0 0.010416666666666666 0.6518518518518519 0.020833333333333332 0.15
0 0.06953125 0.6337962962962963 0.015104166666666667 0.08055555555555556
0 0.1078125 0.6287037037037037 0.016666666666666666 0.07222222222222222
0 0.04088541666666667 0.6287037037037037 0.015104166666666667 0.06296296296296296
0 0.6643229166666667 0.6541666666666667 0.024479166666666666 0.11203703703703703
0 0.26640625 0.6388888888888888 0.013020833333333334 0.06296296296296296
