0 0.7986979166666667 0.687962962962963 0.07447916666666667 0.30925925925925923
0 0.2796875 0.649537037037037 0.022916666666666665 0.0824074074074074
0 0.6015625 0.6314814814814815 0.016666666666666666 0.06666666666666667
0 0.8130208333333333 0.6949074074074074 0.053125 0.3287037037037037
0 0.6010416666666667 0.6486111111111111 0.022916666666666665 0.10092592592592593
0 0.6919270833333333 0.649537037037037 0.030729166666666665 0.11388888888888889
0 0.04895833333333333 0.5787037037037037 0.016666666666666666 0.07037037037037037
0 0.771875 0.6902777777777778 0.040625 0.262037037037037
0 0.9020833333333333 0.6240740740740741 0.022916666666666665 0.10925925925925926
0 0.8528645833333334 0.6856481481481481 0.05572916666666667 0.36203703703703705
0 0.04635416666666667 0.6268518518518519 0.017708333333333333 0.06851851851851852
0 0.5864583333333333 0.6486111111111111 0.025 0.10462962962962963
0 0.68515625 0.6990740740740741 0.0703125 0.2574074074074074
0 0.11979166666666667 0.6351851851851852 0.01875 0.08333333333333333
0 0.0125 0.6537037037037037 0.025 0.16111111111111112
0 0.06796875 0.6356481481481482 0.015104166666666667 0.08055555555555556
0 0.10208333333333333 0.6296296296296297 0.017708333333333333 0.07407407407407407
0 0.03359375 0.625462962962963 0.015104166666666667 0.06574074074074074
0 0.6815104166666667 0.6569444444444444 0.0265625 0.11388888888888889
0 0.2643229166666667 0.6398148148148148 0.013020833333333334 0.06296296296296296
