0 0.79921875 0.6865740740740741 0.0734375 0.30833333333333335
0 0.2791666666666667 0.649537037037037 0.022916666666666665 0.0824074074074074
0 0.6015625 0.6305555555555555 0.016666666666666666 0.06666666666666667
0 0.8125 0.6944444444444444 0.053125 0.3277777777777778
0 0.6 0.6486111111111111 0.022916666666666665 0.10092592592592593
0 0.6924479166666667 0.649537037037037 0.030729166666666665 0.11388888888888889
0 0.04895833333333333 0.5782407407407407 0.016666666666666666 0.06944444444444445
0 0.7721354166666666 0.6902777777777778 0.04114583333333333 0.262037037037037
0 0.9020833333333333 0.6240740740740741 0.022916666666666665 0.10925925925925926
0 0.8528645833333334 0.6851851851851852 0.05677083333333333 0.3611111111111111
0 0.046875 0.6268518518518519 0.017708333333333333 0.06851851851851852
0 0.5854166666666667 0.6486111111111111 0.025 0.10462962962962963
0 0.6875 0.6958333333333333 0.06666666666666667 0.25462962962962965
0 0.11979166666666667 0.6351851851851852 0.01875 0.08333333333333333
0 0.012239583333333333 0.6527777777777778 0.024479166666666666 0.16111111111111112
0 0.06796875 0.6356481481481482 0.015104166666666667 0.08055555555555556
0 0.10260416666666666 0.6296296296296297 0.017708333333333333 0.07407407407407407
0 0.03359375 0.625462962962963 0.015104166666666667 0.06574074074074074
0 0.6796875 0.6569444444444444 0.026041666666666668 0.11388888888888889
0 0.26484375 0.6398148148148148 0.013020833333333334 0.06296296296296296
