0 0.78515625 0.6875 0.0640625 0.3101851851851852
0 0.28229166666666666 0.65 0.022916666666666665 0.08333333333333333
0 0.6 0.6310185185185185 0.016666666666666666 0.06574074074074074
0 0.8127604166666667 0.6939814814814815 0.05364583333333333 0.3287037037037037
0 0.6088541666666667 0.6504629629629629 0.025 0.10092592592592593
0 0.68671875 0.649537037037037 0.030729166666666665 0.11203703703703703
0 0.04791666666666667 0.5810185185185185 0.016666666666666666 0.07314814814814814
0 0.7700520833333333 0.6925925925925925 0.04010416666666667 0.25925925925925924
0 0.9015625 0.6240740740740741 0.022916666666666665 0.10925925925925926
0 0.8513020833333333 0.6875 0.0515625 0.36203703703703705
0 0.042708333333333334 0.6268518518518519 0.017708333333333333 0.06851851851851852
0 0.59375 0.6486111111111111 0.025 0.10648148148148148
0 0.6768229166666667 0.6995370370370371 0.06510416666666667 0.2601851851851852
0 0.1203125 0.6351851851851852 0.01875 0.08333333333333333
0 0.0140625 0.6564814814814814 0.028125 0.16111111111111112
0 0.06692708333333333 0.6365740740740741 0.015104166666666667 0.08055555555555556
0 0.09895833333333333 0.6310185185185185 0.017708333333333333 0.075
0 0.032552083333333336 0.625462962962963 0.015104166666666667 0.06574074074074074
0 0.6908854166666667 0.6587962962962963 0.027604166666666666 0.11574074074074074
0 0.26328125 0.6398148148148148 0.013020833333333334 0.06296296296296296
