0 0.7739583333333333 0.6884259259259259 0.05520833333333333 0.30462962962962964
0 0.2838541666666667 0.65 0.022916666666666665 0.08333333333333333
0 0.5994791666666667 0.6314814814814815 0.016666666666666666 0.06481481481481481
0 0.8125 0.6939814814814815 0.05416666666666667 0.3287037037037037
0 0.6130208333333333 0.6504629629629629 0.026041666666666668 0.10092592592592593
0 0.6841145833333333 0.6504629629629629 0.030729166666666665 0.11203703703703703
0 0.04791666666666667 0.5810185185185185 0.016666666666666666 0.07314814814814814
0 0.7671875 0.6958333333333333 0.042708333333333334 0.25833333333333336
0 0.9005208333333333 0.6240740740740741 0.022916666666666665 0.10925925925925926
0 0.8481770833333333 0.6884259259259259 0.05364583333333333 0.3638888888888889
0 0.04114583333333333 0.6268518518518519 0.017708333333333333 0.06851851851851852
0 0.5966145833333333 0.649537037037037 0.025520833333333333 0.10833333333333334
0 0.6625 0.7018518518518518 0.05 0.25555555555555554
0 0.1203125 0.6361111111111111 0.01875 0.08333333333333333
0 0.015625 0.6569444444444444 0.03125 0.16203703703703703
0 0.06692708333333333 0.6375 0.015104166666666667 0.08055555555555556
0 0.09791666666666667 0.6328703703703704 0.017708333333333333 0.075
0 0.03203125 0.625462962962963 0.015104166666666667 0.06574074074074074
0 0.6934895833333333 0.6583333333333333 0.027604166666666666 0.11666666666666667
0 0.26328125 0.6398148148148148 0.013020833333333334 0.06296296296296296
