0 0.7484375 0.7074074074074074 0.07604166666666666 0.31666666666666665
0 0.2875 0.649074074074074 0.022916666666666665 0.08333333333333333
0 0.5979166666666667 0.6314814814814815 0.016666666666666666 0.06296296296296296
0 0.78515625 0.7074074074074074 0.08489583333333334 0.3314814814814815
0 0.62421875 0.6518518518518519 0.027604166666666666 0.10185185185185185
0 0.678125 0.649074074074074 0.030208333333333334 0.10925925925925926
0 0.04791666666666667 0.5810185185185185 0.016666666666666666 0.07314814814814814
0 0.7596354166666667 0.7064814814814815 0.0484375 0.25925925925925924
0 0.8979166666666667 0.6259259259259259 0.022916666666666665 0.10925925925925926
0 0.8330729166666667 0.6953703703703704 0.06510416666666667 0.3648148148148148
0 0.036458333333333336 0.6268518518518519 0.017708333333333333 0.06851851851851852
0 0.60546875 0.6509259259259259 0.0265625 0.11296296296296296
0 0.6315104166666666 0.7074074074074074 0.07552083333333333 0.2462962962962963
0 0.12135416666666667 0.6370370370370371 0.01875 0.08333333333333333
0 0.01875 0.6611111111111111 0.0375 0.16296296296296298
0 0.06588541666666667 0.638425925925926 0.015104166666666667 0.08055555555555556
0 0.09635416666666667 0.6337962962962963 0.017708333333333333 0.075
0 0.7020833333333333 0.6583333333333333 0.028125 0.12037037037037036
0 0.26328125 0.6407407407407407 0.013020833333333334 0.06296296296296296
