0 0.6127604166666667 0.7203703703703703 0.09010416666666667 0.32037037037037036
0 0.3104166666666667 0.649074074074074 0.022916666666666665 0.08333333333333333
0 0.5942708333333333 0.6319444444444444 0.016666666666666666 0.058333333333333334
0 0.6513020833333333 0.7342592592592593 0.09114583333333333 0.34444444444444444
0 0.6559895833333333 0.6537037037037037 0.027604166666666666 0.11296296296296296
0 0.6630208333333333 0.6421296296296296 0.027083333333333334 0.10277777777777777
0 0.04791666666666667 0.5810185185185185 0.016666666666666666 0.07314814814814814
0 0.6567708333333333 0.7277777777777777 0.0625 0.2722222222222222
0 0.8885416666666667 0.6268518518518519 0.022916666666666665 0.10925925925925926
0 0.7447916666666666 0.7180555555555556 0.07604166666666666 0.3675925925925926
0 0.6325520833333333 0.6523148148148148 0.028645833333333332 0.12129629629629629
0 0.5263020833333333 0.7060185185185185 0.07864583333333333 0.24722222222222223
0 0.12135416666666667 0.6370370370370371 0.01875 0.08333333333333333
0 0.04583333333333333 0.6680555555555555 0.042708333333333334 0.17685185185185184
0 0.06588541666666667 0.638425925925926 0.015104166666666667 0.08055555555555556
0 0.08072916666666667 0.6328703703703704 0.017708333333333333 0.075
0 0.7315104166666667 0.6555555555555556 0.030729166666666665 0.13148148148148148
0 0.26536458333333335 0.6425925925925926 0.013020833333333334 0.06296296296296296
