0 0.5677083333333334 0.7189814814814814 0.06979166666666667 0.32314814814814813
0 0.32083333333333336 0.649074074074074 0.022916666666666665 0.08333333333333333
0 0.5942708333333333 0.6319444444444444 0.016666666666666666 0.058333333333333334
0 0.6106770833333334 0.7416666666666667 0.09427083333333333 0.34074074074074073
0 0.6643229166666667 0.6537037037037037 0.027604166666666666 0.11666666666666667
0 0.6583333333333333 0.6393518518518518 0.026041666666666668 0.10092592592592593
0 0.04791666666666667 0.5810185185185185 0.016666666666666666 0.07314814814814814
0 0.6278645833333333 0.7240740740740741 0.07135416666666666 0.2611111111111111
0 0.8854166666666666 0.6259259259259259 0.022916666666666665 0.10925925925925926
0 0.70078125 0.736574074074074 0.0984375 0.375
0 0.6408854166666667 0.6513888888888889 0.028645833333333332 0.12129629629629629
0 0.49583333333333335 0.7032407407407407 0.05625 0.2490740740740741
0 0.12239583333333333 0.6370370370370371 0.01875 0.08333333333333333
0 0.05807291666666667 0.6699074074074074 0.04114583333333333 0.18425925925925926
0 0.06588541666666667 0.638425925925926 0.015104166666666667 0.08055555555555556
0 0.008072916666666667 0.6773148148148148 0.016145833333333335 0.18425925925925926
0 0.07760416666666667 0.6319444444444444 0.017708333333333333 0.075
0 0.7401041666666667 0.6546296296296297 0.03125 0.13518518518518519
0 0.265625 0.6412037037037037 0.013541666666666667 0.06574074074074074
