0 0.496875 0.7148148148148148 0.06875 0.3296296296296296
0 0.052083333333333336 0.6277777777777778 0.01875 0.07592592592592592
0 0.340625 0.649074074074074 0.022916666666666665 0.08333333333333333
0 0.5921875 0.6319444444444444 0.016666666666666666 0.058333333333333334
0 0.5208333333333334 0.7412037037037037 0.08020833333333334 0.3509259259259259
0 0.6768229166666667 0.6560185185185186 0.027604166666666666 0.11944444444444445
0 0.65078125 0.6356481481481482 0.024479166666666666 0.09722222222222222
0 0.04791666666666667 0.5810185185185185 0.016666666666666666 0.07314814814814814
0 0.56796875 0.7226851851851852 0.07239583333333334 0.2675925925925926
0 0.8817708333333333 0.6277777777777778 0.023958333333333335 0.11296296296296296
0 0.6091145833333333 0.7384259259259259 0.11302083333333333 0.3824074074074074
0 0.65390625 0.6550925925925926 0.028645833333333332 0.13055555555555556
0 0.44375 0.7050925925925926 0.06145833333333333 0.25833333333333336
0 0.12604166666666666 0.6361111111111111 0.01875 0.08333333333333333
0 0.07317708333333334 0.6736111111111112 0.0484375 0.18796296296296297
0 0.06588541666666667 0.638425925925926 0.015104166666666667 0.08055555555555556
0 0.022135416666666668 0.6805555555555556 0.0328125 0.1925925925925926
0 0.75546875 0.6564814814814814 0.0328125 0.1425925925925926
0 0.03802083333333333 0.6287037037037037 0.01875 0.07037037037037037
0 0.26614583333333336 0.637962962962963 0.014583333333333334 0.07222222222222222
