0 0.4778645833333333 0.7189814814814814 0.09635416666666667 0.325
0 0.05416666666666667 0.6277777777777778 0.01875 0.07592592592592592
0 0.346875 0.649074074074074 0.022916666666666665 0.08333333333333333
0 0.590625 0.6319444444444444 0.016666666666666666 0.058333333333333334
0 0.49557291666666664 0.7412037037037037 0.0765625 0.3509259259259259
0 0.6799479166666667 0.6564814814814814 0.027604166666666666 0.12037037037037036
0 0.6489583333333333 0.6342592592592593 0.023958333333333335 0.0962962962962963
0 0.04791666666666667 0.5810185185185185 0.016666666666666666 0.07314814814814814
0 0.5546875 0.7222222222222222 0.06145833333333333 0.2722222222222222
0 0.88046875 0.6296296296296297 0.024479166666666666 0.11481481481481481
0 0.5830729166666667 0.7388888888888889 0.0890625 0.3925925925925926
0 0.6575520833333334 0.6555555555555556 0.028645833333333332 0.13333333333333333
0 0.4278645833333333 0.7018518518518518 0.06822916666666666 0.2574074074074074
0 0.1265625 0.6361111111111111 0.01875 0.08333333333333333
0 0.078125 0.6759259259259259 0.04791666666666667 0.19074074074074074
0 0.06588541666666667 0.638425925925926 0.015104166666666667 0.08055555555555556
0 0.028385416666666666 0.6819444444444445 0.044270833333333336 0.19537037037037036
0 0.7598958333333333 0.6578703703703703 0.03333333333333333 0.14537037037037037
0 0.040364583333333336 0.6287037037037037 0.019270833333333334 0.07037037037037037
0 0.26640625 0.6370370370370371 0.015104166666666667 0.07407407407407407
