0 0.4088541666666667 0.7134259259259259 0.08541666666666667 0.3175925925925926
0 0.0625 0.6287037037037037 0.01875 0.07592592592592592
0 0.36770833333333336 0.649074074074074 0.022916666666666665 0.08333333333333333
0 0.5838541666666667 0.6337962962962963 0.016666666666666666 0.058333333333333334
0 0.4203125 0.7398148148148148 0.065625 0.34074074074074073
0 0.6924479166666667 0.6587962962962963 0.027604166666666666 0.1287037037037037
0 0.6421875 0.6314814814814815 0.022916666666666665 0.09259259259259259
0 0.04791666666666667 0.5810185185185185 0.016666666666666666 0.07314814814814814
0 0.48802083333333335 0.7175925925925926 0.07083333333333333 0.2833333333333333
0 0.8768229166666667 0.6333333333333333 0.0265625 0.12037037037037036
0 0.49114583333333334 0.7453703703703703 0.07083333333333333 0.4074074074074074
0 0.66953125 0.6601851851851852 0.028645833333333332 0.14629629629629629
0 0.37916666666666665 0.7013888888888888 0.051041666666666666 0.25277777777777777
0 0.128125 0.6351851851851852 0.01875 0.08333333333333333
0 0.10338541666666666 0.6763888888888889 0.04739583333333333 0.19722222222222222
0 0.06588541666666667 0.6375 0.015104166666666667 0.08055555555555556
0 0.06041666666666667 0.6828703703703703 0.046875 0.19907407407407407
0 0.775 0.6620370370370371 0.035416666666666666 0.1537037037037037
0 0.046875 0.6300925925925925 0.020833333333333332 0.07314814814814814
0 0.26588541666666665 0.6375 0.0140625 0.07314814814814814
