0 0.4041666666666667 0.7143518518518519 0.0875 0.31574074074074077
0 0.06458333333333334 0.6277777777777778 0.01875 0.07592592592592592
0 0.37083333333333335 0.649074074074074 0.022916666666666665 0.08333333333333333
0 0.5838541666666667 0.6337962962962963 0.016666666666666666 0.058333333333333334
0 0.40390625 0.7402777777777778 0.08489583333333334 0.3435185185185185
0 0.6940104166666666 0.6583333333333333 0.027604166666666666 0.12962962962962962
0 0.6416666666666667 0.6314814814814815 0.022916666666666665 0.09259259259259259
0 0.04791666666666667 0.5810185185185185 0.016666666666666666 0.07314814814814814
0 0.4822916666666667 0.7180555555555556 0.07604166666666666 0.27685185185185185
0 0.8765625 0.6337962962962963 0.027083333333333334 0.12129629629629629
0 0.47421875 0.7453703703703703 0.09010416666666667 0.40925925925925927
0 0.6716145833333333 0.6597222222222222 0.028645833333333332 0.14722222222222223
0 0.3729166666666667 0.7023148148148148 0.06145833333333333 0.25092592592592594
0 0.128125 0.6351851851851852 0.01875 0.08333333333333333
0 0.10833333333333334 0.6759259259259259 0.04479166666666667 0.20185185185185187
0 0.06588541666666667 0.637962962962963 0.015104166666666667 0.08148148148148149
0 0.06458333333333334 0.6828703703703703 0.042708333333333334 0.19907407407407407
0 0.7770833333333333 0.662962962962963 0.035416666666666666 0.15555555555555556
0 0.0484375 0.6300925925925925 0.020833333333333332 0.07314814814814814
0 0.26588541666666665 0.6375 0.0140625 0.07314814814814814
