0 0.37890625 0.7138888888888889 0.0578125 0.32222222222222224
0 0.06979166666666667 0.6277777777777778 0.01875 0.07592592592592592
0 0.38125 0.649074074074074 0.022916666666666665 0.08333333333333333
0 0.5833333333333334 0.6328703703703704 0.016666666666666666 0.058333333333333334
0 0.375 0.7388888888888889 0.10416666666666667 0.34814814814814815
0 0.7002604166666667 0.6592592592592592 0.027604166666666666 0.13518518518518519
0 0.6395833333333333 0.6314814814814815 0.022916666666666665 0.09074074074074075
0 0.04791666666666667 0.5810185185185185 0.016666666666666666 0.07314814814814814
0 0.46640625 0.7208333333333333 0.0796875 0.2657407407407407
0 0.8747395833333333 0.6342592592592593 0.027604166666666666 0.12222222222222222
0 0.43359375 0.7527777777777778 0.12760416666666666 0.4111111111111111
0 0.6778645833333333 0.6601851851851852 0.0296875 0.15
0 0.35703125 0.7037037037037037 0.06822916666666666 0.2537037037037037
0 0.128125 0.6351851851851852 0.01875 0.08333333333333333
0 0.12135416666666667 0.6777777777777778 0.04583333333333333 0.2037037037037037
0 0.06588541666666667 0.637962962962963 0.015104166666666667 0.08148148148148149
0 0.08098958333333334 0.6856481481481481 0.0578125 0.20462962962962963
0 0.7856770833333333 0.6643518518518519 0.0359375 0.15833333333333333
0 0.05364583333333333 0.6291666666666667 0.020833333333333332 0.07314814814814814
0 0.26588541666666665 0.6375 0.0140625 0.07314814814814814
