0 0.3265625 0.7134259259259259 0.07604166666666666 0.3175925925925926
0 0.08020833333333334 0.6259259259259259 0.01875 0.07592592592592592
0 0.4005208333333333 0.65 0.022916666666666665 0.08333333333333333
0 0.5833333333333334 0.6328703703703704 0.016666666666666666 0.058333333333333334
0 0.3067708333333333 0.7333333333333333 0.08958333333333333 0.34814814814814815
0 0.008854166666666666 0.6810185185185185 0.017708333333333333 0.21574074074074073
0 0.7122395833333334 0.6611111111111111 0.027604166666666666 0.1425925925925926
0 0.6369791666666667 0.6324074074074074 0.022916666666666665 0.08703703703703704
0 0.04791666666666667 0.5810185185185185 0.016666666666666666 0.07314814814814814
0 0.415625 0.7208333333333333 0.07604166666666666 0.26944444444444443
0 0.8705729166666667 0.6333333333333333 0.027604166666666666 0.12222222222222222
0 0.3453125 0.7430555555555556 0.11875 0.4083333333333333
0 0.6901041666666666 0.6592592592592592 0.03125 0.15555555555555556
0 0.3177083333333333 0.6990740740740741 0.06145833333333333 0.25
0 0.128125 0.6351851851851852 0.01875 0.08333333333333333
0 0.15234375 0.6796296296296296 0.049479166666666664 0.20925925925925926
0 0.06588541666666667 0.6370370370370371 0.015104166666666667 0.08333333333333333
0 0.11328125 0.687962962962963 0.043229166666666666 0.21851851851851853
0 0.8044270833333333 0.6662037037037037 0.0359375 0.15833333333333333
0 0.25755208333333335 0.6347222222222222 0.015104166666666667 0.06388888888888888
0 0.06145833333333333 0.6282407407407408 0.020833333333333332 0.07314814814814814
0 0.26588541666666665 0.6375 0.0140625 0.07314814814814814
