0 0.28020833333333334 0.712037037037037 0.07083333333333333 0.31851851851851853
0 0.090625 0.6268518518518519 0.01875 0.07592592592592592
0 0.415625 0.65 0.022916666666666665 0.08333333333333333
0 0.5833333333333334 0.6328703703703704 0.016666666666666666 0.058333333333333334
0 0.27291666666666664 0.7314814814814815 0.08645833333333333 0.34444444444444444
0 0.0234375 0.6837962962962963 0.046875 0.2175925925925926
0 0.7216145833333333 0.663425925925926 0.027604166666666666 0.14537037037037037
0 0.6354166666666666 0.6337962962962963 0.022916666666666665 0.08611111111111111
0 0.04791666666666667 0.5810185185185185 0.016666666666666666 0.07314814814814814
0 0.38333333333333336 0.7166666666666667 0.06666666666666667 0.26666666666666666
0 0.86796875 0.6324074074074074 0.027604166666666666 0.12222222222222222
0 0.2859375 0.7402777777777778 0.08541666666666667 0.4064814814814815
0 0.6997395833333333 0.6592592592592592 0.0328125 0.15925925925925927
0 0.2825520833333333 0.6990740740740741 0.0578125 0.24814814814814815
0 0.128125 0.6351851851851852 0.01875 0.08333333333333333
0 0.17265625 0.6814814814814815 0.04739583333333333 0.2111111111111111
0 0.06588541666666667 0.6370370370370371 0.015104166666666667 0.08333333333333333
0 0.13671875 0.6875 0.05260416666666667 0.22314814814814815
0 0.8184895833333333 0.6671296296296296 0.0359375 0.15833333333333333
0 0.25338541666666664 0.6337962962962963 0.015104166666666667 0.06388888888888888
0 0.07057291666666667 0.6273148148148148 0.0203125 0.07314814814814814
0 0.26588541666666665 0.6375 0.0140625 0.07314814814814814
