0 0.23255208333333333 0.7087962962962963 0.06822916666666666 0.31574074074074077
0 0.10416666666666667 0.6277777777777778 0.01875 0.07592592592592592
0 0.434375 0.65 0.022916666666666665 0.08333333333333333
0 0.5833333333333334 0.6328703703703704 0.016666666666666666 0.058333333333333334
0 0.21588541666666666 0.7296296296296296 0.08385416666666666 0.3388888888888889
0 0.04583333333333333 0.6819444444444445 0.052083333333333336 0.22314814814814815
0 0.7325520833333333 0.6652777777777777 0.027604166666666666 0.14907407407407408
0 0.6333333333333333 0.6337962962962963 0.022916666666666665 0.08611111111111111
0 0.04791666666666667 0.5810185185185185 0.016666666666666666 0.07314814814814814
0 0.334375 0.7199074074074074 0.06458333333333334 0.2638888888888889
0 0.86328125 0.6333333333333333 0.027604166666666666 0.12222222222222222
0 0.2234375 0.7347222222222223 0.07708333333333334 0.3972222222222222
0 0.7138020833333333 0.6611111111111111 0.033854166666666664 0.1685185185185185
0 0.240625 0.6990740740740741 0.05416666666666667 0.2462962962962963
0 0.128125 0.6351851851851852 0.01875 0.08333333333333333
0 0.20364583333333333 0.6824074074074075 0.053125 0.20555555555555555
0 0.06588541666666667 0.6370370370370371 0.015104166666666667 0.08333333333333333
0 0.17604166666666668 0.6893518518518519 0.051041666666666666 0.2212962962962963
0 0.8346354166666666 0.663425925925926 0.03802083333333333 0.16574074074074074
0 0.24869791666666666 0.6328703703703704 0.015104166666666667 0.06388888888888888
0 0.07942708333333333 0.6328703703703704 0.0171875 0.07314814814814814
0 0.26588541666666665 0.6375 0.0140625 0.07314814814814814
