0 0.22213541666666667 0.7111111111111111 0.07864583333333333 0.3111111111111111
0 0.10833333333333334 0.6287037037037037 0.01875 0.07592592592592592
0 0.440625 0.65 0.022916666666666665 0.08333333333333333
0 0.5833333333333334 0.6328703703703704 0.016666666666666666 0.058333333333333334
0 0.19557291666666668 0.7291666666666666 0.06302083333333333 0.3435185185185185
0 0.05859375 0.6828703703703703 0.0578125 0.2212962962962963
0 0.7372395833333333 0.6657407407407407 0.027604166666666666 0.15
0 0.6328125 0.6337962962962963 0.022916666666666665 0.08611111111111111
0 0.04791666666666667 0.5810185185185185 0.016666666666666666 0.07314814814814814
0 0.3190104166666667 0.7175925925925926 0.07552083333333333 0.26296296296296295
0 0.9916666666666667 0.6388888888888888 0.015625 0.18333333333333332
0 0.86171875 0.6342592592592593 0.027604166666666666 0.12222222222222222
0 0.19973958333333333 0.7319444444444444 0.0859375 0.39351851851851855
0 0.7184895833333333 0.6615740740740741 0.033854166666666664 0.1712962962962963
0 0.22682291666666668 0.6995370370370371 0.05260416666666667 0.24537037037037038
0 0.128125 0.6351851851851852 0.01875 0.08333333333333333
0 0.21432291666666667 0.6814814814814815 0.0578125 0.20925925925925926
0 0.06588541666666667 0.6370370370370371 0.015104166666666667 0.08333333333333333
0 0.18932291666666667 0.6888888888888889 0.05364583333333333 0.2222222222222222
0 0.83984375 0.6611111111111111 0.0390625 0.17037037037037037
0 0.24713541666666666 0.6328703703703704 0.015104166666666667 0.06388888888888888
0 0.0828125 0.6347222222222222 0.016666666666666666 0.07314814814814814
0 0.26588541666666665 0.6375 0.0140625 0.07314814814814814
