0 0.14791666666666667 0.7143518518518519 0.05416666666666667 0.3138888888888889
0 0.13333333333333333 0.6277777777777778 0.01875 0.07592592592592592
0 0.4786458333333333 0.65 0.022916666666666665 0.08333333333333333
0 0.5833333333333334 0.6328703703703704 0.016666666666666666 0.058333333333333334
0 0.11484375 0.7212962962962963 0.0828125 0.31851851851851853
0 0.11901041666666666 0.6842592592592592 0.06197916666666667 0.23148148148148148
0 0.7684895833333333 0.6699074074074074 0.027604166666666666 0.15462962962962962
0 0.6286458333333333 0.6333333333333333 0.021875 0.08518518518518518
0 0.04791666666666667 0.5810185185185185 0.016666666666666666 0.07314814814814814
0 0.2515625 0.7166666666666667 0.06354166666666666 0.25555555555555554
0 0.9703125 0.649074074074074 0.040625 0.19814814814814816
0 0.8528645833333334 0.6370370370370371 0.027604166666666666 0.13333333333333333
0 0.10989583333333333 0.7319444444444444 0.075 0.36574074074074076
0 0.74609375 0.6615740740740741 0.03697916666666667 0.18981481481481483
0 0.15885416666666666 0.7018518518518518 0.06666666666666667 0.2388888888888889
0 0.1265625 0.6351851851851852 0.01875 0.08333333333333333
0 0.2791666666666667 0.6851851851851852 0.05625 0.21666666666666667
0 0.06588541666666667 0.6370370370370371 0.015104166666666667 0.08333333333333333
0 0.24713541666666666 0.6875 0.05677083333333333 0.22870370370370371
0 0.8708333333333333 0.6532407407407408 0.042708333333333334 0.1935185185185185
0 0.23411458333333332 0.6328703703703704 0.015104166666666667 0.06388888888888888
0 0.10546875 0.6347222222222222 0.016145833333333335 0.07314814814814814
0 0.9861979166666667 0.6592592592592592 0.0265625 0.1685185185185185
0 0.26588541666666665 0.6375 0.0140625 0.07314814814814814
