0 0.11666666666666667 0.7078703703703704 0.07083333333333333 0.2972222222222222
0 0.14427083333333332 0.6277777777777778 0.01875 0.07592592592592592
0 0.49635416666666665 0.65 0.022916666666666665 0.08333333333333333
0 0.5833333333333334 0.6328703703703704 0.016666666666666666 0.058333333333333334
0 0.09635416666666667 0.7199074074074074 0.06875 0.30462962962962964
0 0.15078125 0.6851851851851852 0.06302083333333333 0.23333333333333334
0 0.78359375 0.6685185185185185 0.0296875 0.16296296296296298
0 0.6268229166666667 0.6328703703703704 0.021354166666666667 0.08425925925925926
0 0.04791666666666667 0.5810185185185185 0.016666666666666666 0.07314814814814814
0 0.22135416666666666 0.7194444444444444 0.06875 0.25
0 0.9536458333333333 0.6518518518518519 0.04791666666666667 0.2
0 0.84921875 0.637962962962963 0.027604166666666666 0.1388888888888889
0 0.07682291666666667 0.7194444444444444 0.06614583333333333 0.35
0 0.75859375 0.6620370370370371 0.0390625 0.1925925925925926
0 0.13098958333333333 0.7013888888888888 0.050520833333333334 0.24166666666666667
0 0.12604166666666666 0.6342592592592593 0.01875 0.08333333333333333
0 0.30859375 0.6805555555555556 0.044270833333333336 0.22777777777777777
0 0.06588541666666667 0.6370370370370371 0.015104166666666667 0.08333333333333333
0 0.284375 0.6888888888888889 0.06666666666666667 0.23703703703703705
0 0.8880208333333334 0.6537037037037037 0.042708333333333334 0.2037037037037037
0 0.22942708333333334 0.6328703703703704 0.015104166666666667 0.06388888888888888
0 0.11536458333333334 0.6347222222222222 0.016145833333333335 0.07314814814814814
0 0.9778645833333334 0.6625 0.0359375 0.17685185185185184
0 0.26588541666666665 0.6375 0.0140625 0.07314814814814814
