0 0.10755208333333334 0.7055555555555556 0.06927083333333334 0.2962962962962963
0 0.14895833333333333 0.6277777777777778 0.01875 0.07592592592592592
0 0.503125 0.65 0.022916666666666665 0.08333333333333333
0 0.5833333333333334 0.6328703703703704 0.016666666666666666 0.058333333333333334
0 0.08177083333333333 0.7166666666666667 0.057291666666666664 0.31666666666666665
0 0.16588541666666667 0.6875 0.0703125 0.22685185185185186
0 0.790625 0.6671296296296296 0.03125 0.1675925925925926
0 0.6260416666666667 0.6324074074074074 0.020833333333333332 0.08333333333333333
0 0.04791666666666667 0.5810185185185185 0.016666666666666666 0.07314814814814814
0 0.21041666666666667 0.7152777777777778 0.058333333333333334 0.25092592592592594
0 0.9458333333333333 0.6527777777777778 0.05 0.2
0 0.8481770833333333 0.637962962962963 0.027604166666666666 0.14074074074074075
0 0.06536458333333334 0.7222222222222222 0.08489583333333334 0.34444444444444444
0 0.76328125 0.6592592592592592 0.04010416666666667 0.19814814814814816
0 0.12265625 0.7032407407407407 0.0578125 0.23796296296296296
0 0.12552083333333333 0.6342592592592593 0.01875 0.08333333333333333
0 0.31796875 0.6819444444444445 0.06510416666666667 0.225
0 0.06588541666666667 0.6370370370370371 0.015104166666666667 0.08333333333333333
0 0.2981770833333333 0.6875 0.0578125 0.24166666666666667
0 0.8947916666666667 0.6532407407407408 0.042708333333333334 0.20833333333333334
0 0.22734375 0.6328703703703704 0.015104166666666667 0.06388888888888888
0 0.11953125 0.6347222222222222 0.016145833333333335 0.07314814814814814
0 0.97421875 0.663425925925926 0.0390625 0.18055555555555555
0 0.26588541666666665 0.6375 0.0140625 0.07314814814814814
