0 0.09609375 0.7041666666666667 0.06614583333333333 0.2972222222222222
0 0.15260416666666668 0.6282407407407408 0.01875 0.07685185185185185
0 0.5088541666666667 0.65 0.022916666666666665 0.08333333333333333
0 0.5833333333333334 0.6328703703703704 0.016666666666666666 0.058333333333333334
0 0.07213541666666666 0.7208333333333333 0.0640625 0.3101851851851852
0 0.17526041666666667 0.687037037037037 0.07552083333333333 0.22592592592592592
0 0.7955729166666666 0.6662037037037037 0.0328125 0.1712962962962963
0 0.6255208333333333 0.6333333333333333 0.020833333333333332 0.08333333333333333
0 0.04791666666666667 0.5810185185185185 0.016666666666666666 0.07314814814814814
0 0.20052083333333334 0.7148148148148148 0.059375 0.25
0 0.9401041666666666 0.6532407407407408 0.052083333333333336 0.19907407407407407
0 0.84765625 0.6393518518518518 0.027604166666666666 0.14166666666666666
0 0.05755208333333333 0.7212962962962963 0.0796875 0.337037037037037
0 0.7671875 0.6578703703703703 0.040625 0.20277777777777778
0 0.11666666666666667 0.7023148148148148 0.053125 0.2361111111111111
0 0.12552083333333333 0.6342592592592593 0.01875 0.08333333333333333
0 0.32369791666666664 0.6814814814814815 0.06197916666666667 0.22037037037037038
0 0.06588541666666667 0.6370370370370371 0.015104166666666667 0.08333333333333333
0 0.30833333333333335 0.6875 0.06666666666666667 0.24166666666666667
0 0.8994791666666667 0.6537037037037037 0.042708333333333334 0.2111111111111111
0 0.22578125 0.6328703703703704 0.015104166666666667 0.06388888888888888
0 0.12265625 0.6347222222222222 0.016145833333333335 0.07314814814814814
0 0.9713541666666666 0.663425925925926 0.041666666666666664 0.1824074074074074
0 0.26588541666666665 0.6375 0.0140625 0.07314814814814814
