0 0.084375 0.7032407407407407 0.06354166666666666 0.2935185185185185
0 0.1578125 0.6296296296296297 0.01875 0.07777777777777778
0 0.5177083333333333 0.65 0.022916666666666665 0.08333333333333333
0 0.5833333333333334 0.6328703703703704 0.016666666666666666 0.058333333333333334
0 0.057291666666666664 0.7199074074074074 0.0625 0.30092592592592593
0 0.18671875 0.6856481481481481 0.06614583333333333 0.23055555555555557
0 0.80390625 0.6657407407407407 0.034895833333333334 0.17777777777777778
0 0.62421875 0.6337962962962963 0.0203125 0.0824074074074074
0 0.04791666666666667 0.5810185185185185 0.016666666666666666 0.07314814814814814
0 0.1890625 0.7157407407407408 0.06770833333333333 0.24814814814814815
0 0.9354166666666667 0.6504629629629629 0.05625 0.20092592592592592
0 0.8473958333333333 0.6402777777777777 0.028125 0.14351851851851852
0 0.0390625 0.7171296296296297 0.06666666666666667 0.3398148148148148
0 0.7734375 0.6560185185185186 0.041666666666666664 0.2101851851851852
0 0.103125 0.700925925925926 0.04375 0.2388888888888889
0 0.125 0.6342592592592593 0.01875 0.08333333333333333
0 0.33828125 0.6787037037037037 0.04635416666666667 0.2222222222222222
0 0.06588541666666667 0.6370370370370371 0.015104166666666667 0.08333333333333333
0 0.3265625 0.687037037037037 0.08229166666666667 0.24259259259259258
0 0.9078125 0.6537037037037037 0.042708333333333334 0.21666666666666667
0 0.22317708333333333 0.6328703703703704 0.015104166666666667 0.06388888888888888
0 0.12734375 0.6347222222222222 0.016145833333333335 0.07314814814814814
0 0.9645833333333333 0.6611111111111111 0.04583333333333333 0.18703703703703703
0 0.26588541666666665 0.6375 0.0140625 0.07314814814814814
