0 0.09973958333333334 0.7046296296296296 0.0671875 0.2962962962962963
0 0.15104166666666666 0.6282407407407408 0.01875 0.07685185185185185
0 0.5067708333333333 0.65 0.022916666666666665 0.08333333333333333
0 0.5833333333333334 0.6328703703703704 0.016666666666666666 0.058333333333333334
0 0.075 0.7189814814814814 0.06145833333333333 0.31203703703703706
0 0.17161458333333332 0.6875 0.0734375 0.22685185185185186
0 0.79375 0.6666666666666666 0.03229166666666667 0.17037037037037037
0 0.6255208333333333 0.6324074074074074 0.020833333333333332 0.08333333333333333
0 0.04791666666666667 0.5810185185185185 0.016666666666666666 0.07314814814814814
0 0.20416666666666666 0.7152777777777778 0.059375 0.25092592592592594
0 0.9419270833333333 0.6523148148148148 0.0515625 0.19907407407407407
0 0.84765625 0.6393518518518518 0.027604166666666666 0.14166666666666666
0 0.06067708333333333 0.7217592592592592 0.08177083333333333 0.3398148148148148
0 0.7661458333333333 0.6592592592592592 0.040625 0.20185185185185187
0 0.11901041666666666 0.7027777777777777 0.0546875 0.23703703703703705
0 0.12552083333333333 0.6342592592592593 0.01875 0.08333333333333333
0 0.3221354166666667 0.6810185185185185 0.06302083333333333 0.2212962962962963
0 0.06588541666666667 0.6370370370370371 0.015104166666666667 0.08333333333333333
0 0.3046875 0.6875 0.06354166666666666 0.24166666666666667
0 0.8979166666666667 0.6532407407407408 0.042708333333333334 0.2101851851851852
0 0.22630208333333332 0.6328703703703704 0.015104166666666667 0.06388888888888888
0 0.12161458333333333 0.6347222222222222 0.016145833333333335 0.07314814814814814
0 0.97265625 0.6638888888888889 0.04010416666666667 0.1814814814814815
0 0.26588541666666665 0.6375 0.0140625 0.07314814814814814
