0 0.04192708333333333 0.7 0.05677083333333333 0.2740740740740741
0 0.1828125 0.6351851851851852 0.01875 0.08148148148148149
0 0.553125 0.6472222222222223 0.022916666666666665 0.08333333333333333
0 0.5833333333333334 0.6328703703703704 0.016666666666666666 0.058333333333333334
0 0.01875 0.7087962962962963 0.0375 0.27870370370370373
0 0.2518229166666667 0.6865740740740741 0.07135416666666666 0.2361111111111111
0 0.8401041666666667 0.6643518518518519 0.03958333333333333 0.20462962962962963
0 0.61875 0.6351851851851852 0.017708333333333333 0.07777777777777778
0 0.04791666666666667 0.5810185185185185 0.016666666666666666 0.07314814814814814
0 0.13489583333333333 0.7134259259259259 0.06875 0.24166666666666667
0 0.9010416666666666 0.6453703703703704 0.03958333333333333 0.2222222222222222
0 0.8450520833333334 0.6449074074074074 0.028645833333333332 0.14907407407407408
0 0.8015625 0.662962962962963 0.04479166666666667 0.23703703703703705
0 0.05286458333333333 0.700462962962963 0.050520833333333334 0.23425925925925925
0 0.1234375 0.637962962962963 0.01875 0.08333333333333333
0 0.56640625 0.6319444444444444 0.013020833333333334 0.05462962962962963
0 0.40572916666666664 0.6851851851851852 0.06458333333333334 0.22592592592592592
0 0.06588541666666667 0.6370370370370371 0.015104166666666667 0.08333333333333333
0 0.3997395833333333 0.6902777777777778 0.06822916666666666 0.25277777777777777
0 0.9596354166666666 0.6513888888888889 0.04635416666666667 0.24166666666666667
0 0.21223958333333334 0.6347222222222222 0.015104166666666667 0.06388888888888888
0 0.15208333333333332 0.6375 0.017708333333333333 0.075
0 0.9359375 0.6574074074074074 0.04791666666666667 0.2037037037037037
0 0.26588541666666665 0.638425925925926 0.0140625 0.07314814814814814
