0 0.054947916666666666 0.6962962962962963 0.049479166666666664 0.2814814814814815
0 0.17291666666666666 0.6328703703703704 0.01875 0.08055555555555556
0 0.5385416666666667 0.6481481481481481 0.022916666666666665 0.08333333333333333
0 0.5833333333333334 0.6328703703703704 0.016666666666666666 0.058333333333333334
0 0.03125 0.7148148148148148 0.0625 0.28888888888888886
0 0.22708333333333333 0.6865740740740741 0.08333333333333333 0.23796296296296296
0 0.8255208333333334 0.662962962962963 0.03958333333333333 0.19444444444444445
0 0.6213541666666667 0.6342592592592593 0.01875 0.07962962962962963
0 0.04791666666666667 0.5810185185185185 0.016666666666666666 0.07314814814814814
0 0.15442708333333333 0.7148148148148148 0.0671875 0.2462962962962963
0 0.9143229166666667 0.6435185185185185 0.04635416666666667 0.21851851851851853
0 0.8453125 0.6430555555555556 0.028125 0.14722222222222223
0 0.01328125 0.7175925925925926 0.0265625 0.3148148148148148
0 0.7901041666666667 0.6601851851851852 0.04375 0.22592592592592592
0 0.07265625 0.6995370370370371 0.058854166666666666 0.23425925925925925
0 0.12395833333333334 0.6361111111111111 0.01875 0.08333333333333333
0 0.37135416666666665 0.6777777777777778 0.051041666666666666 0.22592592592592592
0 0.06588541666666667 0.6370370370370371 0.015104166666666667 0.08333333333333333
0 0.37135416666666665 0.6875 0.0625 0.2490740740740741
0 0.9333333333333333 0.6518518518518519 0.05 0.22962962962962963
0 0.21692708333333333 0.6337962962962963 0.015104166666666667 0.06388888888888888
0 0.14192708333333334 0.6361111111111111 0.0171875 0.07407407407407407
0 0.9450520833333333 0.6555555555555556 0.04739583333333333 0.2
0 0.26588541666666665 0.6375 0.0140625 0.07314814814814814
