0 0.0453125 0.6990740740740741 0.058333333333333334 0.2777777777777778
0 0.17864583333333334 0.6342592592592593 0.01875 0.08148148148148149
0 0.546875 0.6472222222222223 0.022916666666666665 0.08333333333333333
0 0.5833333333333334 0.6328703703703704 0.016666666666666666 0.058333333333333334
0 0.02578125 0.7106481481481481 0.0515625 0.28425925925925927
0 0.23880208333333333 0.687962962962963 0.07239583333333334 0.23333333333333334
0 0.8338541666666667 0.6638888888888889 0.03958333333333333 0.2
0 0.6200520833333333 0.6347222222222222 0.018229166666666668 0.0787037037037037
0 0.04791666666666667 0.5810185185185185 0.016666666666666666 0.07314814814814814
0 0.14375 0.7134259259259259 0.06770833333333333 0.23981481481481481
0 0.90625 0.6449074074074074 0.04583333333333333 0.22685185185185186
0 0.8450520833333334 0.6444444444444445 0.028645833333333332 0.14814814814814814
0 0.005208333333333333 0.7134259259259259 0.010416666666666666 0.30648148148148147
0 0.7966145833333333 0.6625 0.044270833333333336 0.2324074074074074
0 0.05859375 0.6976851851851852 0.04114583333333333 0.2324074074074074
0 0.12395833333333334 0.6370370370370371 0.01875 0.08333333333333333
0 0.39114583333333336 0.6805555555555556 0.04479166666666667 0.23333333333333334
0 0.06588541666666667 0.6370370370370371 0.015104166666666667 0.08333333333333333
0 0.38671875 0.6888888888888889 0.06510416666666667 0.2518518518518518
0 0.9486979166666667 0.6518518518518519 0.0484375 0.23703703703703705
0 0.21432291666666667 0.6337962962962963 0.015104166666666667 0.06388888888888888
0 0.14765625 0.6370370370370371 0.0171875 0.07407407407407407
0 0.9380208333333333 0.6541666666666667 0.04791666666666667 0.20462962962962963
0 0.26588541666666665 0.6375 0.0140625 0.07314814814814814
