0 0.04609375 0.6986111111111111 0.058854166666666666 0.27870370370370373
0 0.17708333333333334 0.6342592592592593 0.01875 0.08148148148148149
0 0.5453125 0.6472222222222223 0.022916666666666665 0.08333333333333333
0 0.5833333333333334 0.6328703703703704 0.016666666666666666 0.058333333333333334
0 0.027604166666666666 0.711574074074074 0.05520833333333333 0.2861111111111111
0 0.23541666666666666 0.6884259259259259 0.07291666666666667 0.2324074074074074
0 0.8322916666666667 0.663425925925926 0.03958333333333333 0.19907407407407407
0 0.6200520833333333 0.6347222222222222 0.018229166666666668 0.0787037037037037
0 0.04791666666666667 0.5810185185185185 0.016666666666666666 0.07314814814814814
0 0.14609375 0.7134259259259259 0.0671875 0.23981481481481481
0 0.9075520833333334 0.6444444444444445 0.04739583333333333 0.22777777777777777
0 0.8450520833333334 0.6444444444444445 0.028645833333333332 0.14814814814814814
0 0.0067708333333333336 0.7166666666666667 0.013541666666666667 0.3037037037037037
0 0.7950520833333333 0.6615740740740741 0.044270833333333336 0.23055555555555557
0 0.059895833333333336 0.6967592592592593 0.03854166666666667 0.2324074074074074
0 0.12395833333333334 0.6370370370370371 0.01875 0.08333333333333333
0 0.38776041666666666 0.6796296296296296 0.04010416666666667 0.2351851851851852
0 0.06588541666666667 0.6370370370370371 0.015104166666666667 0.08333333333333333
0 0.38333333333333336 0.6884259259259259 0.06458333333333334 0.25092592592592594
0 0.9458333333333333 0.6513888888888889 0.04895833333333333 0.2361111111111111
0 0.21484375 0.6337962962962963 0.015104166666666667 0.06388888888888888
0 0.14661458333333333 0.6370370370370371 0.0171875 0.07407407407407407
0 0.9395833333333333 0.6546296296296297 0.04791666666666667 0.2037037037037037
0 0.26588541666666665 0.6375 0.0140625 0.07314814814814814
