0 0.016927083333333332 0.7032407407407407 0.033854166666666664 0.2657407407407407
0 0.19739583333333333 0.637962962962963 0.01875 0.08148148148148149
0 0.57578125 0.6444444444444445 0.025520833333333333 0.08333333333333333
0 0.5833333333333334 0.6328703703703704 0.016666666666666666 0.058333333333333334
0 0.28984375 0.6865740740740741 0.0703125 0.23425925925925925
0 0.8619791666666666 0.6648148148148149 0.03958333333333333 0.2222222222222222
0 0.6166666666666667 0.6351851851851852 0.017708333333333333 0.07777777777777778
0 0.04739583333333333 0.5810185185185185 0.016666666666666666 0.07314814814814814
0 0.08359375 0.7166666666666667 0.0609375 0.2388888888888889
0 0.8817708333333333 0.649074074074074 0.042708333333333334 0.22592592592592592
0 0.8486979166666667 0.6439814814814815 0.028645833333333332 0.14907407407407408
0 0.8325520833333333 0.6671296296296296 0.049479166666666664 0.262037037037037
0 0.01875 0.6986111111111111 0.0375 0.22685185185185186
0 0.121875 0.6398148148148148 0.01875 0.08333333333333333
0 0.56953125 0.6337962962962963 0.013020833333333334 0.05648148148148148
0 0.45208333333333334 0.687962962962963 0.06770833333333333 0.22962962962962963
0 0.06588541666666667 0.6370370370370371 0.015104166666666667 0.08333333333333333
0 0.4552083333333333 0.6953703703703704 0.075 0.24814814814814815
0 0.98515625 0.6504629629629629 0.028645833333333332 0.24722222222222223
0 0.20338541666666668 0.6337962962962963 0.015104166666666667 0.06388888888888888
0 0.16953125 0.6398148148148148 0.019270833333333334 0.07592592592592592
0 0.9161458333333333 0.6620370370370371 0.046875 0.21666666666666667
0 0.26588541666666665 0.6393518518518518 0.0140625 0.07314814814814814
