0 0.20364583333333333 0.6388888888888888 0.01875 0.08148148148148149
0 0.5809895833333333 0.6444444444444445 0.03177083333333333 0.08333333333333333
0 0.584375 0.6328703703703704 0.016666666666666666 0.058333333333333334
0 0.31302083333333336 0.6856481481481481 0.0875 0.2361111111111111
0 0.8765625 0.6685185185185185 0.03958333333333333 0.22962962962962963
0 0.615625 0.6342592592592593 0.017708333333333333 0.07777777777777778
0 0.04583333333333333 0.5810185185185185 0.016666666666666666 0.07314814814814814
0 0.06484375 0.7171296296296297 0.06302083333333333 0.23981481481481481
0 0.014322916666666666 0.6967592592592593 0.028645833333333332 0.19166666666666668
0 0.8736979166666666 0.6518518518518519 0.04739583333333333 0.22592592592592592
0 0.85390625 0.6444444444444445 0.028645833333333332 0.15
0 0.8453125 0.6597222222222222 0.058333333333333334 0.25833333333333336
0 0.015104166666666667 0.7013888888888888 0.030208333333333334 0.22685185185185186
0 0.12135416666666667 0.6398148148148148 0.01875 0.08333333333333333
0 0.57109375 0.6342592592592593 0.013020833333333334 0.05740740740740741
0 0.46458333333333335 0.687962962962963 0.05520833333333333 0.24074074074074073
0 0.06588541666666667 0.6370370370370371 0.015104166666666667 0.08333333333333333
0 0.47630208333333335 0.6953703703703704 0.05260416666666667 0.24444444444444444
0 0.19973958333333333 0.6328703703703704 0.015104166666666667 0.06388888888888888
0 0.1765625 0.6412037037037037 0.019791666666666666 0.07685185185185185
0 0.9145833333333333 0.6606481481481481 0.04479166666666667 0.225
0 0.26588541666666665 0.6402777777777777 0.0140625 0.07314814814814814
