0 0.21822916666666667 0.6430555555555556 0.01875 0.08425925925925926
0 0.603125 0.6416666666666667 0.041666666666666664 0.08333333333333333
0 0.5859375 0.6319444444444444 0.016666666666666666 0.058333333333333334
0 0.35625 0.687037037037037 0.08229166666666667 0.23333333333333334
0 0.9299479166666667 0.6703703703703704 0.0515625 0.2537037037037037
0 0.6138020833333333 0.6347222222222222 0.0171875 0.07685185185185185
0 0.0421875 0.5819444444444445 0.016666666666666666 0.07314814814814814
0 0.029947916666666668 0.7162037037037037 0.0546875 0.23981481481481481
0 0.02421875 0.7037037037037037 0.044270833333333336 0.19444444444444445
0 0.8565104166666667 0.6578703703703703 0.05677083333333333 0.24537037037037038
0 0.8677083333333333 0.6467592592592593 0.029166666666666667 0.1527777777777778
0 0.8921875 0.6708333333333333 0.058333333333333334 0.30833333333333335
0 0.11875 0.6398148148148148 0.01875 0.08333333333333333
0 0.57421875 0.6365740740740741 0.013020833333333334 0.06018518518518518
0 0.5143229166666666 0.6888888888888889 0.05260416666666667 0.2388888888888889
0 0.062239583333333334 0.6370370370370371 0.015104166666666667 0.08333333333333333
0 0.5315104166666667 0.6990740740740741 0.05677083333333333 0.25555555555555554
0 0.18932291666666667 0.6319444444444444 0.016145833333333335 0.06574074074074074
0 0.19505208333333332 0.6439814814814815 0.021354166666666667 0.0787037037037037
0 0.9026041666666667 0.6578703703703703 0.042708333333333334 0.23425925925925925
0 0.2643229166666667 0.6421296296296296 0.0140625 0.07314814814814814
