0 0.22083333333333333 0.6430555555555556 0.01875 0.08425925925925926
0 0.6080729166666666 0.6412037037037037 0.04114583333333333 0.08425925925925926
0 0.5864583333333333 0.6319444444444444 0.016666666666666666 0.058333333333333334
0 0.37083333333333335 0.6875 0.09479166666666666 0.22870370370370371
0 0.9401041666666666 0.6726851851851852 0.051041666666666666 0.25833333333333336
0 0.6135416666666667 0.6351851851851852 0.016666666666666666 0.07592592592592592
0 0.041666666666666664 0.5819444444444445 0.016666666666666666 0.07314814814814814
0 0.025260416666666667 0.7166666666666667 0.050520833333333334 0.2388888888888889
0 0.027083333333333334 0.7041666666666667 0.04583333333333333 0.19722222222222222
0 0.8541666666666666 0.6606481481481481 0.0625 0.2490740740740741
0 0.8705729166666667 0.6467592592592593 0.0296875 0.1527777777777778
0 0.9041666666666667 0.6717592592592593 0.05416666666666667 0.3101851851851852
0 0.11822916666666666 0.6398148148148148 0.01875 0.08333333333333333
0 0.5747395833333333 0.6370370370370371 0.013020833333333334 0.06111111111111111
0 0.528125 0.6884259259259259 0.046875 0.24722222222222223
0 0.061197916666666664 0.6370370370370371 0.015104166666666667 0.08333333333333333
0 0.5427083333333333 0.6995370370370371 0.06145833333333333 0.25833333333333336
0 0.18697916666666667 0.6328703703703704 0.016666666666666666 0.06759259259259259
0 0.19869791666666667 0.6449074074074074 0.021354166666666667 0.0787037037037037
0 0.90390625 0.6597222222222222 0.04114583333333333 0.23796296296296296
0 0.26328125 0.6430555555555556 0.0140625 0.07314814814814814
