0 0.22916666666666666 0.6462962962962963 0.01875 0.08703703703703704
0 0.6229166666666667 0.6421296296296296 0.03958333333333333 0.08611111111111111
0 0.5864583333333333 0.6319444444444444 0.016666666666666666 0.058333333333333334
0 0.3885416666666667 0.687962962962963 0.07708333333333334 0.23148148148148148
0 0.9713541666666666 0.6787037037037037 0.05 0.2722222222222222
0 0.61328125 0.6365740740740741 0.016145833333333335 0.075
0 0.03958333333333333 0.5810185185185185 0.016666666666666666 0.07314814814814814
0 0.0067708333333333336 0.7180555555555556 0.013541666666666667 0.22685185185185186
0 0.03515625 0.7050925925925926 0.049479166666666664 0.20462962962962963
0 0.8515625 0.6606481481481481 0.053125 0.25833333333333336
0 0.87734375 0.6472222222222223 0.0296875 0.15555555555555556
0 0.9466145833333334 0.674074074074074 0.05677083333333333 0.32037037037037036
0 0.11614583333333334 0.6388888888888888 0.01875 0.08333333333333333
0 0.5768229166666666 0.638425925925926 0.013020833333333334 0.062037037037037036
0 0.5567708333333333 0.6916666666666667 0.06145833333333333 0.24259259259259258
0 0.05755208333333333 0.637962962962963 0.015104166666666667 0.08333333333333333
0 0.5734375 0.7032407407407407 0.07083333333333333 0.2601851851851852
0 0.18125 0.6351851851851852 0.01875 0.07592592592592592
0 0.2078125 0.6472222222222223 0.021875 0.07962962962962963
0 0.9096354166666667 0.6662037037037037 0.04114583333333333 0.2490740740740741
0 0.26171875 0.6439814814814815 0.0140625 0.07314814814814814
