0 0.23072916666666668 0.6462962962962963 0.01875 0.08703703703703704
0 0.6263020833333334 0.6421296296296296 0.0390625 0.08611111111111111
0 0.5864583333333333 0.6319444444444444 0.016666666666666666 0.058333333333333334
0 0.39296875 0.6884259259259259 0.0765625 0.2324074074074074
0 0.9747395833333333 0.6773148148148148 0.049479166666666664 0.27685185185185185
0 0.61328125 0.6361111111111111 0.016145833333333335 0.07407407407407407
0 0.0390625 0.5810185185185185 0.016666666666666666 0.07314814814814814
0 0.036458333333333336 0.7055555555555556 0.04895833333333333 0.2074074074074074
0 0.8494791666666667 0.6606481481481481 0.053125 0.262037037037037
0 0.87890625 0.6472222222222223 0.0296875 0.15555555555555556
0 0.953125 0.675 0.052083333333333336 0.32037037037037036
0 0.115625 0.6388888888888888 0.01875 0.08333333333333333
0 0.5768229166666666 0.6388888888888888 0.013020833333333334 0.06296296296296296
0 0.56328125 0.6912037037037037 0.05677083333333333 0.24722222222222223
0 0.05703125 0.637962962962963 0.015104166666666667 0.08333333333333333
0 0.5859375 0.7027777777777777 0.057291666666666664 0.2611111111111111
0 0.17942708333333332 0.6356481481481482 0.019270833333333334 0.07685185185185185
0 0.20989583333333334 0.6476851851851851 0.021875 0.08055555555555556
0 0.9119791666666667 0.6671296296296296 0.042708333333333334 0.25092592592592594
0 0.26171875 0.6439814814814815 0.0140625 0.07314814814814814
