0 0.25677083333333334 0.6537037037037037 0.01875 0.08888888888888889
0 0.6716145833333333 0.6421296296296296 0.033854166666666664 0.09166666666666666
0 0.5864583333333333 0.6319444444444444 0.016666666666666666 0.058333333333333334
0 0.47369791666666666 0.6893518518518519 0.0828125 0.22685185185185186
0 0.6111979166666667 0.6388888888888888 0.0140625 0.07037037037037037
0 0.03177083333333333 0.5782407407407407 0.016666666666666666 0.07314814814814814
0 0.058333333333333334 0.711574074074074 0.04791666666666667 0.2175925925925926
0 0.8263020833333333 0.6708333333333333 0.07552083333333333 0.28425925925925927
0 0.89921875 0.6476851851851851 0.0296875 0.1638888888888889
0 0.1078125 0.6370370370370371 0.01875 0.08333333333333333
0 0.5825520833333333 0.6402777777777777 0.013020833333333334 0.06574074074074074
0 0.6635416666666667 0.6939814814814815 0.06041666666666667 0.25092592592592594
0 0.04869791666666667 0.6407407407407407 0.015104166666666667 0.08333333333333333
0 0.7005208333333334 0.7027777777777777 0.0625 0.26666666666666666
0 0.15677083333333333 0.6342592592592593 0.021875 0.08333333333333333
0 0.23697916666666666 0.6564814814814814 0.021875 0.08333333333333333
0 0.9408854166666667 0.6726851851851852 0.05364583333333333 0.2638888888888889
0 0.26067708333333334 0.6449074074074074 0.0140625 0.07314814814814814
