0 0.26510416666666664 0.6555555555555556 0.01875 0.08888888888888889
0 0.6864583333333333 0.6430555555555556 0.03229166666666667 0.09351851851851851
0 0.5888020833333333 0.6337962962962963 0.0171875 0.058333333333333334
0 0.49375 0.6875 0.07708333333333334 0.23055555555555557
0 0.6096354166666667 0.637962962962963 0.0140625 0.07037037037037037
0 0.0296875 0.5791666666666667 0.016666666666666666 0.07314814814814814
0 0.06927083333333334 0.7148148148148148 0.05416666666666667 0.21481481481481482
0 0.8127604166666667 0.674537037037037 0.06197916666666667 0.30648148148148147
0 0.9065104166666667 0.649537037037037 0.0296875 0.1638888888888889
0 0.10416666666666667 0.637962962962963 0.01875 0.08333333333333333
0 0.5846354166666666 0.6393518518518518 0.013020833333333334 0.06574074074074074
0 0.69765625 0.6962962962962963 0.05677083333333333 0.25555555555555554
0 0.04609375 0.6416666666666667 0.015104166666666667 0.08333333333333333
0 0.7458333333333333 0.6990740740740741 0.06875 0.27037037037037037
0 0.1484375 0.6337962962962963 0.021875 0.08611111111111111
0 0.24635416666666668 0.6574074074074074 0.021875 0.08333333333333333
0 0.9440104166666666 0.6782407407407407 0.0546875 0.2657407407407407
0 0.26015625 0.6449074074074074 0.0140625 0.07314814814814814
