0 0.25885416666666666 0.6537037037037037 0.01875 0.08888888888888889
0 0.6752604166666667 0.6421296296296296 0.033854166666666664 0.09166666666666666
0 0.5869791666666667 0.6319444444444444 0.016666666666666666 0.058333333333333334
0 0.47734375 0.6888888888888889 0.07864583333333333 0.22777777777777777
0 0.6106770833333334 0.6388888888888888 0.0140625 0.07037037037037037
0 0.03125 0.5791666666666667 0.016666666666666666 0.07314814814814814
0 0.06041666666666667 0.7129629629629629 0.051041666666666666 0.21666666666666667
0 0.82421875 0.6722222222222223 0.0734375 0.28703703703703703
0 0.90078125 0.6476851851851851 0.0296875 0.1638888888888889
0 0.10677083333333333 0.637962962962963 0.01875 0.08333333333333333
0 0.5830729166666667 0.6402777777777777 0.013020833333333334 0.06574074074074074
0 0.6708333333333333 0.6944444444444444 0.058333333333333334 0.2518518518518518
0 0.048177083333333336 0.6407407407407407 0.015104166666666667 0.08333333333333333
0 0.7091145833333333 0.7023148148148148 0.05364583333333333 0.2675925925925926
0 0.1546875 0.6333333333333333 0.021875 0.08333333333333333
0 0.2390625 0.6564814814814814 0.021875 0.08333333333333333
0 0.9419270833333333 0.674074074074074 0.05364583333333333 0.26481481481481484
0 0.26067708333333334 0.6449074074074074 0.0140625 0.07314814814814814
