0 0.278125 0.6555555555555556 0.01875 0.08888888888888889
0 0.7033854166666667 0.6430555555555556 0.030729166666666665 0.09537037037037037
0 0.5247395833333334 0.6884259259259259 0.0828125 0.22314814814814815
0 0.6080729166666666 0.6370370370370371 0.0140625 0.07037037037037037
0 0.027083333333333334 0.5800925925925926 0.016666666666666666 0.07314814814814814
0 0.090625 0.7162037037037037 0.06041666666666667 0.22870370370370371
0 0.7981770833333334 0.6782407407407407 0.06197916666666667 0.3138888888888889
0 0.9138020833333333 0.6513888888888889 0.0296875 0.1638888888888889
0 0.10104166666666667 0.6388888888888888 0.01875 0.08333333333333333
0 0.5861979166666667 0.638425925925926 0.013020833333333334 0.06574074074074074
0 0.734375 0.6958333333333333 0.06041666666666667 0.25277777777777777
0 0.04401041666666667 0.6407407407407407 0.015104166666666667 0.08333333333333333
0 0.7794270833333333 0.687962962962963 0.07447916666666667 0.26851851851851855
0 0.13984375 0.6342592592592593 0.022395833333333334 0.08888888888888889
0 0.25625 0.6583333333333333 0.021875 0.08333333333333333
0 0.9463541666666667 0.6805555555555556 0.0625 0.2759259259259259
0 0.25755208333333335 0.6449074074074074 0.0140625 0.075
