0 0.33151041666666664 0.6527777777777778 0.022395833333333334 0.08888888888888889
0 0.7934895833333333 0.6416666666666667 0.030729166666666665 0.1111111111111111
0 0.6190104166666667 0.6810185185185185 0.06927083333333334 0.20833333333333334
0 0.5981770833333333 0.6388888888888888 0.0140625 0.07037037037037037
0 0.023958333333333335 0.5810185185185185 0.016666666666666666 0.07314814814814814
0 0.2125 0.7203703703703703 0.07604166666666666 0.23703703703703705
0 0.6614583333333334 0.7171296296296297 0.084375 0.3435185185185185
0 0.9341145833333333 0.649074074074074 0.0296875 0.17222222222222222
0 0.09635416666666667 0.6388888888888888 0.01875 0.08333333333333333
0 0.5950520833333334 0.6416666666666667 0.013020833333333334 0.06666666666666667
0 0.8536458333333333 0.6875 0.06770833333333333 0.24537037037037038
0 0.03984375 0.6388888888888888 0.015104166666666667 0.08333333333333333
0 0.9013020833333333 0.6722222222222223 0.0671875 0.26296296296296295
0 0.10833333333333334 0.6412037037037037 0.023958333333333335 0.09722222222222222
0 0.3145833333333333 0.6546296296296297 0.021875 0.08333333333333333
0 0.8705729166666667 0.6976851851851852 0.06510416666666667 0.33611111111111114
0 0.25286458333333334 0.6467592592592593 0.0140625 0.0787037037037037
