0 0.3640625 0.6509259259259259 0.025 0.08888888888888889
0 0.8559895833333333 0.637962962962963 0.030729166666666665 0.1111111111111111
0 0.6684895833333333 0.6810185185185185 0.05364583333333333 0.19907407407407407
0 0.5921875 0.638425925925926 0.014583333333333334 0.06759259259259259
0 0.023958333333333335 0.5810185185185185 0.016666666666666666 0.07314814814814814
0 0.30364583333333334 0.7199074074074074 0.06145833333333333 0.2361111111111111
0 0.5453125 0.7194444444444444 0.09375 0.34629629629629627
0 0.9419270833333333 0.6504629629629629 0.0296875 0.175
0 0.0953125 0.6398148148148148 0.01875 0.08333333333333333
0 0.59921875 0.6435185185185185 0.013020833333333334 0.07222222222222222
0 0.8966145833333333 0.6685185185185185 0.05364583333333333 0.23703703703703705
0 0.03828125 0.6370370370370371 0.015104166666666667 0.08333333333333333
0 0.9479166666666666 0.6717592592592593 0.04791666666666667 0.24166666666666667
0 0.090625 0.6444444444444445 0.023958333333333335 0.1037037037037037
0 0.35208333333333336 0.6555555555555556 0.021875 0.08333333333333333
0 0.7518229166666667 0.7314814814814815 0.11510416666666666 0.36666666666666664
0 0.25286458333333334 0.6467592592592593 0.0140625 0.0787037037037037
