0 0.3703125 0.6509259259259259 0.025 0.08888888888888889
0 0.8674479166666667 0.6370370370370371 0.030729166666666665 0.1111111111111111
0 0.67890625 0.6828703703703703 0.0484375 0.19722222222222222
0 0.590625 0.638425925925926 0.014583333333333334 0.06759259259259259
0 0.023958333333333335 0.5810185185185185 0.016666666666666666 0.07314814814814814
0 0.31614583333333335 0.7199074074074074 0.075 0.2324074074074074
0 0.5135416666666667 0.7162037037037037 0.06979166666666667 0.3453703703703704
0 0.9434895833333333 0.6504629629629629 0.0296875 0.175
0 0.0953125 0.6398148148148148 0.01875 0.08333333333333333
0 0.5997395833333333 0.6439814814814815 0.013020833333333334 0.07314814814814814
0 0.9078125 0.6694444444444444 0.065625 0.2388888888888889
0 0.037760416666666664 0.6370370370370371 0.015104166666666667 0.08333333333333333
0 0.95703125 0.6717592592592593 0.0546875 0.24166666666666667
0 0.0875 0.6444444444444445 0.023958333333333335 0.1037037037037037
0 0.359375 0.6555555555555556 0.021875 0.08333333333333333
0 0.7229166666666667 0.7425925925925926 0.08333333333333333 0.35555555555555557
0 0.25286458333333334 0.6467592592592593 0.0140625 0.0787037037037037
