0 0.3953125 0.649074074074074 0.025 0.08888888888888889
0 0.9153645833333334 0.6324074074074074 0.030729166666666665 0.1111111111111111
0 0.7091145833333333 0.6754629629629629 0.050520833333333334 0.18425925925925926
0 0.5846354166666666 0.637962962962963 0.015104166666666667 0.06481481481481481
0 0.023958333333333335 0.5810185185185185 0.016666666666666666 0.07314814814814814
0 0.39427083333333335 0.7129629629629629 0.059375 0.22407407407407406
0 0.40911458333333334 0.7092592592592593 0.09739583333333333 0.34444444444444444
0 0.9442708333333333 0.6518518518518519 0.03229166666666667 0.17777777777777778
0 0.0953125 0.6398148148148148 0.01875 0.08333333333333333
0 0.6018229166666667 0.6421296296296296 0.013020833333333334 0.07314814814814814
0 0.9479166666666666 0.6712962962962963 0.051041666666666666 0.2222222222222222
0 0.03567708333333333 0.6342592592592593 0.015104166666666667 0.08333333333333333
0 0.9833333333333333 0.6657407407407407 0.03229166666666667 0.23148148148148148
0 0.07135416666666666 0.6472222222222223 0.023958333333333335 0.1037037037037037
0 0.3875 0.6546296296296297 0.021875 0.08333333333333333
0 0.57890625 0.7430555555555556 0.10885416666666667 0.36574074074074076
0 0.25286458333333334 0.6467592592592593 0.0140625 0.0787037037037037
