0 0.4015625 0.6481481481481481 0.025 0.08888888888888889
0 0.9268229166666667 0.6305555555555555 0.030729166666666665 0.1111111111111111
0 0.7151041666666667 0.6768518518518518 0.053125 0.1814814814814815
0 0.58359375 0.637962962962963 0.015104166666666667 0.06481481481481481
0 0.023958333333333335 0.5810185185185185 0.016666666666666666 0.07314814814814814
0 0.4078125 0.7138888888888889 0.07083333333333333 0.22407407407407406
0 0.3875 0.7083333333333334 0.10104166666666667 0.3425925925925926
0 0.94375 0.6523148148148148 0.034375 0.1787037037037037
0 0.0953125 0.6398148148148148 0.01875 0.08333333333333333
0 0.6018229166666667 0.6421296296296296 0.013020833333333334 0.07314814814814814
0 0.9575520833333333 0.6712962962962963 0.0484375 0.21666666666666667
0 0.03463541666666667 0.6333333333333333 0.015104166666666667 0.08333333333333333
0 0.98671875 0.6657407407407407 0.025520833333333333 0.22962962962962963
0 0.06875 0.6472222222222223 0.023958333333333335 0.1037037037037037
0 0.3932291666666667 0.6537037037037037 0.021875 0.08333333333333333
0 0.5515625 0.7439814814814815 0.10729166666666666 0.3675925925925926
0 0.25286458333333334 0.6467592592592593 0.0140625 0.0787037037037037
