0 0.7731770833333333 0.6787037037037037 0.016145833333333335 0.09444444444444444
0 0.98046875 0.6486111111111111 0.009895833333333333 0.03981481481481482
0 0.98984375 0.6337962962962963 0.015104166666666667 0.058333333333333334
0 0.04765625 0.6763888888888889 0.03697916666666667 0.1638888888888889
0 0.975 0.6314814814814815 0.010416666666666666 0.044444444444444446
0 0.9677083333333333 0.6305555555555555 0.010416666666666666 0.03888888888888889
0 0.68984375 0.6893518518518519 0.015104166666666667 0.08055555555555556
0 0.971875 0.6416666666666667 0.0125 0.05925925925925926
0 0.7088541666666667 0.6777777777777778 0.010416666666666666 0.053703703703703705
0 0.07708333333333334 0.6810185185185185 0.036458333333333336 0.16203703703703703
