0 0.7684895833333333 0.6796296296296296 0.016145833333333335 0.09444444444444444
0 0.9716145833333333 0.649537037037037 0.0109375 0.041666666666666664
0 0.98203125 0.6361111111111111 0.016145833333333335 0.06111111111111111
0 0.030729166666666665 0.675 0.035416666666666666 0.1648148148148148
0 0.9674479166666666 0.6333333333333333 0.0078125 0.044444444444444446
0 0.9604166666666667 0.6333333333333333 0.010416666666666666 0.03888888888888889
0 0.6828125 0.6907407407407408 0.015625 0.08148148148148149
0 0.9635416666666666 0.6439814814814815 0.0125 0.058333333333333334
0 0.7020833333333333 0.6782407407407407 0.010416666666666666 0.05277777777777778
0 0.06015625 0.6787037037037037 0.0390625 0.1648148148148148
