0 0.7513020833333334 0.6842592592592592 0.0203125 0.0962962962962963
0 0.9364583333333333 0.6587962962962963 0.011458333333333333 0.03796296296296296
0 0.9479166666666666 0.6444444444444445 0.016666666666666666 0.06481481481481481
0 0.93828125 0.6412037037037037 0.0078125 0.04351851851851852
0 0.9291666666666667 0.6421296296296296 0.00625 0.03981481481481482
0 0.65546875 0.6935185185185185 0.0171875 0.08333333333333333
0 0.93125 0.6537037037037037 0.014583333333333334 0.053703703703703705
0 0.6734375 0.6819444444444445 0.010416666666666666 0.05277777777777778
0 0.96953125 0.6300925925925925 0.0067708333333333336 0.030555555555555555
0 0.0078125 0.6685185185185185 0.015625 0.17407407407407408
