0 0.7080729166666667 0.6893518518518519 0.021354166666666667 0.10462962962962963
0 0.85546875 0.6736111111111112 0.009895833333333333 0.03981481481481482
0 0.8638020833333333 0.6597222222222222 0.016145833333333335 0.062037037037037036
0 0.9221354166666667 0.6388888888888888 0.008854166666666666 0.03148148148148148
0 0.86953125 0.6537037037037037 0.0067708333333333336 0.04259259259259259
0 0.85859375 0.6550925925925926 0.005729166666666666 0.03796296296296296
0 0.58671875 0.7013888888888888 0.0203125 0.08796296296296297
0 0.84921875 0.6662037037037037 0.013020833333333334 0.058333333333333334
0 0.6049479166666667 0.6884259259259259 0.008854166666666666 0.05462962962962963
0 0.89765625 0.6430555555555556 0.005729166666666666 0.030555555555555555
