0 0.7190104166666667 0.6884259259259259 0.018229166666666668 0.10277777777777777
0 0.87578125 0.6694444444444444 0.008854166666666666 0.03888888888888889
0 0.88515625 0.6560185185185186 0.016145833333333335 0.06388888888888888
0 0.9408854166666667 0.6351851851851852 0.0078125 0.02962962962962963
0 0.8869791666666667 0.6513888888888889 0.007291666666666667 0.04351851851851852
0 0.8763020833333334 0.6523148148148148 0.005729166666666666 0.03981481481481482
0 0.60390625 0.6986111111111111 0.019270833333333334 0.08611111111111111
0 0.86953125 0.6625 0.0140625 0.05648148148148148
0 0.621875 0.6861111111111111 0.009375 0.053703703703703705
0 0.9158854166666667 0.6407407407407407 0.0067708333333333336 0.03148148148148148
