0 0.69140625 0.6912037037037037 0.025520833333333333 0.10833333333333334
0 0.8231770833333333 0.6759259259259259 0.009895833333333333 0.037037037037037035
0 0.8302083333333333 0.662962962962963 0.015625 0.06111111111111111
0 0.8932291666666666 0.6416666666666667 0.007291666666666667 0.02962962962962963
0 0.8416666666666667 0.6550925925925926 0.007291666666666667 0.041666666666666664
0 0.8315104166666667 0.6555555555555556 0.0078125 0.03888888888888889
0 0.5611979166666666 0.7013888888888888 0.021354166666666667 0.09166666666666666
0 0.8184895833333333 0.6680555555555555 0.0140625 0.05648148148148148
0 0.5770833333333333 0.6875 0.009375 0.05462962962962963
0 0.8692708333333333 0.6453703703703704 0.00625 0.02962962962962963
0 0.58984375 0.687962962962963 0.005729166666666666 0.03888888888888889
