0 0.6877604166666667 0.6912037037037037 0.024479166666666666 0.11018518518518519
0 0.8153645833333333 0.6763888888888889 0.009895833333333333 0.03611111111111111
0 0.8216145833333334 0.6625 0.0140625 0.062037037037037036
0 0.8861979166666667 0.6421296296296296 0.0067708333333333336 0.028703703703703703
0 0.83515625 0.6555555555555556 0.0078125 0.040740740740740744
0 0.8244791666666667 0.6560185185185186 0.007291666666666667 0.03796296296296296
0 0.5549479166666667 0.700925925925926 0.021354166666666667 0.09259259259259259
0 0.8109375 0.6685185185185185 0.014583333333333334 0.05555555555555555
0 0.5705729166666667 0.6875 0.009895833333333333 0.05462962962962963
0 0.8622395833333333 0.6453703703703704 0.0067708333333333336 0.02962962962962963
0 0.5841145833333333 0.687037037037037 0.0067708333333333336 0.03888888888888889
