0 0.6622395833333333 0.6925925925925925 0.030729166666666665 0.11666666666666667
0 0.7591145833333334 0.6833333333333333 0.0109375 0.03888888888888889
0 0.7643229166666666 0.6694444444444444 0.016145833333333335 0.06111111111111111
0 0.83828125 0.6486111111111111 0.0078125 0.030555555555555555
0 0.78828125 0.6620370370370371 0.008854166666666666 0.040740740740740744
0 0.77890625 0.6625 0.0078125 0.03611111111111111
0 0.5125 0.7041666666666667 0.022916666666666665 0.10092592592592593
0 0.7541666666666667 0.6768518518518518 0.016666666666666666 0.05555555555555555
0 0.5236979166666667 0.6888888888888889 0.008854166666666666 0.05555555555555555
0 0.8153645833333333 0.6527777777777778 0.0067708333333333336 0.02962962962962963
0 0.5455729166666666 0.6875 0.0078125 0.03796296296296296
