0 0.6645833333333333 0.6925925925925925 0.03229166666666667 0.11666666666666667
0 0.76328125 0.6828703703703703 0.0109375 0.03796296296296296
0 0.7682291666666666 0.6685185185185185 0.015625 0.06111111111111111
0 0.8411458333333334 0.649074074074074 0.007291666666666667 0.03148148148148148
0 0.7919270833333333 0.6620370370370371 0.008854166666666666 0.040740740740740744
0 0.78203125 0.662962962962963 0.0078125 0.037037037037037035
0 0.5151041666666667 0.7027777777777777 0.022916666666666665 0.1
0 0.7578125 0.6759259259259259 0.016666666666666666 0.05555555555555555
0 0.5265625 0.6888888888888889 0.008333333333333333 0.05555555555555555
0 0.81875 0.6523148148148148 0.00625 0.030555555555555555
0 0.5484375 0.687037037037037 0.008333333333333333 0.03888888888888889
