0 0.6325520833333333 0.6958333333333333 0.022395833333333334 0.13055555555555556
0 0.6736979166666667 0.6939814814814815 0.008854166666666666 0.03611111111111111
0 0.678125 0.6805555555555556 0.016666666666666666 0.06111111111111111
0 0.971875 0.6361111111111111 0.01875 0.07222222222222222
0 0.7721354166666666 0.6606481481481481 0.0078125 0.026851851851851852
0 0.7192708333333333 0.6717592592592593 0.008333333333333333 0.03981481481481482
0 0.7122395833333334 0.6712962962962963 0.0078125 0.037037037037037035
0 0.4661458333333333 0.7129629629629629 0.022916666666666665 0.11296296296296296
0 0.6684895833333333 0.687037037037037 0.013020833333333334 0.05555555555555555
0 0.9934895833333334 0.6356481481481482 0.0109375 0.062037037037037036
0 0.45338541666666665 0.6893518518518519 0.009895833333333333 0.05648148148148148
0 0.74921875 0.6620370370370371 0.0067708333333333336 0.027777777777777776
0 0.49166666666666664 0.6888888888888889 0.009375 0.040740740740740744
