0 0.6315104166666666 0.6944444444444444 0.021354166666666667 0.14074074074074075
0 0.6247395833333333 0.6986111111111111 0.0067708333333333336 0.03425925925925926
0 0.6270833333333333 0.6861111111111111 0.008333333333333333 0.05740740740740741
0 0.99453125 0.6291666666666667 0.009895833333333333 0.07314814814814814
0 0.9565104166666667 0.6398148148148148 0.0203125 0.07407407407407407
0 0.7388020833333333 0.663425925925926 0.0078125 0.025
0 0.6833333333333333 0.6736111111111112 0.009375 0.03981481481481482
0 0.67734375 0.674537037037037 0.0078125 0.03611111111111111
0 0.4625 0.7157407407407408 0.030208333333333334 0.11851851851851852
0 0.6190104166666667 0.6888888888888889 0.008854166666666666 0.05555555555555555
0 0.9794270833333333 0.6361111111111111 0.015104166666666667 0.06296296296296296
0 0.41822916666666665 0.6884259259259259 0.010416666666666666 0.058333333333333334
0 0.7184895833333333 0.6662037037037037 0.008854166666666666 0.025
0 0.46901041666666665 0.6875 0.008854166666666666 0.041666666666666664
