0 0.6369791666666667 0.6958333333333333 0.03333333333333333 0.1398148148148148
0 0.61953125 0.6962962962962963 0.008854166666666666 0.040740740740740744
0 0.6213541666666667 0.687037037037037 0.010416666666666666 0.05740740740740741
0 0.9966145833333333 0.6291666666666667 0.005729166666666666 0.07314814814814814
0 0.9559895833333333 0.6402777777777777 0.0203125 0.07314814814814814
0 0.7364583333333333 0.6643518518518519 0.008333333333333333 0.026851851851851852
0 0.67890625 0.674537037037037 0.009895833333333333 0.03981481481481482
0 0.67265625 0.674074074074074 0.0078125 0.03518518518518519
0 0.4630208333333333 0.7157407407407408 0.03229166666666667 0.11851851851851852
0 0.6145833333333334 0.6898148148148148 0.010416666666666666 0.05555555555555555
0 0.97890625 0.6361111111111111 0.015104166666666667 0.06296296296296296
0 0.41484375 0.6898148148148148 0.0109375 0.05925925925925926
0 0.7151041666666667 0.6657407407407407 0.008333333333333333 0.024074074074074074
0 0.46848958333333335 0.687962962962963 0.008854166666666666 0.04259259259259259
