0 0.6442708333333333 0.6967592592592593 0.03229166666666667 0.14351851851851852
0 0.6080729166666666 0.6981481481481482 0.009895833333333333 0.037037037037037035
0 0.6104166666666667 0.6861111111111111 0.015625 0.06111111111111111
0 0.9955729166666667 0.6296296296296297 0.0078125 0.07407407407407407
0 0.9546875 0.6398148148148148 0.016666666666666666 0.07592592592592592
0 0.73125 0.6652777777777777 0.008333333333333333 0.028703703703703703
0 0.6703125 0.6754629629629629 0.010416666666666666 0.03981481481481482
0 0.6658854166666667 0.6754629629629629 0.008854166666666666 0.03611111111111111
0 0.4666666666666667 0.7157407407407408 0.028125 0.12222222222222222
0 0.6033854166666667 0.6912037037037037 0.0140625 0.05648148148148148
0 0.978125 0.6361111111111111 0.014583333333333334 0.06296296296296296
0 0.4083333333333333 0.6902777777777778 0.011458333333333333 0.058333333333333334
0 0.7098958333333333 0.6666666666666666 0.008333333333333333 0.024074074074074074
0 0.4669270833333333 0.6865740740740741 0.009895833333333333 0.04351851851851852
