0 0.6997395833333333 0.6916666666666667 0.0359375 0.16296296296296298
0 0.54453125 0.6995370370370371 0.0078125 0.03981481481481482
0 0.5458333333333333 0.687962962962963 0.016666666666666666 0.06111111111111111
0 0.9598958333333333 0.6361111111111111 0.01875 0.07592592592592592
0 0.7065104166666667 0.6652777777777777 0.0078125 0.028703703703703703
0 0.9911458333333333 0.6685185185185185 0.016666666666666666 0.2962962962962963
0 0.6276041666666666 0.6768518518518518 0.009375 0.03888888888888889
0 0.62421875 0.6763888888888889 0.0140625 0.03611111111111111
0 0.51484375 0.7162037037037037 0.03697916666666667 0.13240740740740742
0 0.54140625 0.6921296296296297 0.011979166666666667 0.05648148148148148
0 0.9799479166666667 0.6347222222222222 0.016145833333333335 0.06388888888888888
0 0.3807291666666667 0.6888888888888889 0.010416666666666666 0.05925925925925926
0 0.6859375 0.6662037037037037 0.010416666666666666 0.028703703703703703
0 0.4674479166666667 0.687962962962963 0.009895833333333333 0.046296296296296294
