0 0.7440104166666667 0.6861111111111111 0.043229166666666666 0.1648148148148148
0 0.52734375 0.7013888888888888 0.0109375 0.03981481481481482
0 0.5278645833333333 0.6902777777777778 0.011979166666666667 0.062037037037037036
0 0.9716145833333333 0.6342592592592593 0.019270833333333334 0.07592592592592592
0 0.70703125 0.6652777777777777 0.0067708333333333336 0.028703703703703703
0 0.990625 0.6703703703703704 0.017708333333333333 0.3
0 0.6151041666666667 0.6768518518518518 0.00625 0.03888888888888889
0 0.615625 0.6777777777777778 0.010416666666666666 0.03888888888888889
0 0.5497395833333333 0.7157407407407408 0.030729166666666665 0.1388888888888889
0 0.5252604166666667 0.6958333333333333 0.015104166666666667 0.05648148148148148
0 0.98984375 0.6393518518518518 0.011979166666666667 0.05648148148148148
0 0.3807291666666667 0.6893518518518519 0.009375 0.058333333333333334
0 0.68203125 0.6671296296296296 0.0046875 0.026851851851851852
0 0.47890625 0.6884259259259259 0.009895833333333333 0.04722222222222222
