0 0.7341145833333333 0.6875 0.0421875 0.1638888888888889
0 0.5309895833333333 0.700462962962963 0.009895833333333333 0.03981481481481482
0 0.5317708333333333 0.6893518518518519 0.0125 0.06388888888888888
0 0.9697916666666667 0.6347222222222222 0.019791666666666666 0.075
0 0.7065104166666667 0.6657407407407407 0.0067708333333333336 0.027777777777777776
0 0.990625 0.6699074074074074 0.017708333333333333 0.29907407407407405
0 0.61796875 0.6768518518518518 0.0067708333333333336 0.03888888888888889
0 0.6171875 0.6777777777777778 0.010416666666666666 0.03888888888888889
0 0.5421875 0.7152777777777778 0.035416666666666666 0.1361111111111111
0 0.5283854166666667 0.6944444444444444 0.013020833333333334 0.05555555555555555
0 0.9869791666666666 0.6365740740740741 0.0125 0.06018518518518518
0 0.3809895833333333 0.6888888888888889 0.009895833333333333 0.05925925925925926
0 0.6830729166666667 0.6671296296296296 0.0046875 0.026851851851851852
0 0.47630208333333335 0.6884259259259259 0.008854166666666666 0.04722222222222222
