0 0.78671875 0.6787037037037037 0.0421875 0.16666666666666666
0 0.5065104166666666 0.7037037037037037 0.008854166666666666 0.037037037037037035
0 0.50859375 0.6907407407407408 0.0140625 0.05925925925925926
0 0.9786458333333333 0.6314814814814815 0.017708333333333333 0.07777777777777778
0 0.7067708333333333 0.6652777777777777 0.007291666666666667 0.028703703703703703
0 0.9901041666666667 0.6717592592592593 0.01875 0.30092592592592593
0 0.6010416666666667 0.6805555555555556 0.008333333333333333 0.03888888888888889
0 0.6010416666666667 0.6824074074074075 0.010416666666666666 0.03888888888888889
0 0.5916666666666667 0.7185185185185186 0.03854166666666667 0.15
0 0.5036458333333333 0.6967592592592593 0.0125 0.05648148148148148
0 0.37838541666666664 0.6888888888888889 0.009895833333333333 0.06296296296296296
0 0.67734375 0.6703703703703704 0.0046875 0.027777777777777776
0 0.4947916666666667 0.6898148148148148 0.0125 0.04814814814814815
