0 0.8052083333333333 0.6759259259259259 0.04375 0.1685185185185185
0 0.49921875 0.7050925925925926 0.008854166666666666 0.03796296296296296
0 0.49921875 0.6907407407407408 0.011979166666666667 0.05925925925925926
0 0.9799479166666667 0.6310185185185185 0.0171875 0.0787037037037037
0 0.7057291666666666 0.6666666666666666 0.00625 0.02962962962962963
0 0.9903645833333333 0.6726851851851852 0.018229166666666668 0.30277777777777776
0 0.5955729166666667 0.6814814814814815 0.008854166666666666 0.03888888888888889
0 0.5942708333333333 0.6833333333333333 0.010416666666666666 0.03888888888888889
0 0.6046875 0.7194444444444444 0.03229166666666667 0.15555555555555556
0 0.4953125 0.6976851851851852 0.014583333333333334 0.05648148148148148
0 0.3765625 0.6893518518518519 0.010416666666666666 0.062037037037037036
0 0.67578125 0.6712962962962963 0.0046875 0.027777777777777776
0 0.5010416666666667 0.687962962962963 0.007291666666666667 0.044444444444444446
