0 0.7934895833333333 0.6777777777777778 0.0453125 0.16666666666666666
0 0.5033854166666667 0.7037037037037037 0.008854166666666666 0.037037037037037035
0 0.5052083333333334 0.6907407407407408 0.013541666666666667 0.05925925925925926
0 0.9791666666666666 0.6314814814814815 0.017708333333333333 0.07777777777777778
0 0.70625 0.6652777777777777 0.007291666666666667 0.028703703703703703
0 0.9901041666666667 0.6717592592592593 0.01875 0.30092592592592593
0 0.5984375 0.6805555555555556 0.008333333333333333 0.03888888888888889
0 0.5984375 0.6833333333333333 0.010416666666666666 0.03888888888888889
0 0.5966145833333333 0.7189814814814814 0.03802083333333333 0.15092592592592594
0 0.50078125 0.6967592592592593 0.013020833333333334 0.05648148148148148
0 0.378125 0.6884259259259259 0.010416666666666666 0.062037037037037036
0 0.6768229166666667 0.6703703703703704 0.0046875 0.027777777777777776
0 0.49635416666666665 0.6893518518518519 0.010416666666666666 0.04722222222222222
