0 0.81015625 0.674074074074074 0.043229166666666666 0.1685185185185185
0 0.49765625 0.7055555555555556 0.008854166666666666 0.03888888888888889
0 0.49661458333333336 0.6907407407407408 0.0109375 0.05925925925925926
0 0.9802083333333333 0.6300925925925925 0.016666666666666666 0.0787037037037037
0 0.7049479166666667 0.6662037037037037 0.005729166666666666 0.030555555555555555
0 0.990625 0.674074074074074 0.017708333333333333 0.3037037037037037
0 0.5940104166666667 0.6814814814814815 0.008854166666666666 0.03888888888888889
0 0.5921875 0.6833333333333333 0.010416666666666666 0.03888888888888889
0 0.6078125 0.7189814814814814 0.035416666666666666 0.15648148148148147
0 0.4934895833333333 0.6976851851851852 0.015104166666666667 0.05648148148148148
0 0.37604166666666666 0.6893518518518519 0.010416666666666666 0.062037037037037036
0 0.6752604166666667 0.6712962962962963 0.0046875 0.027777777777777776
0 0.503125 0.6902777777777778 0.011458333333333333 0.04722222222222222
