0 0.8171875 0.6736111111111112 0.046875 0.16944444444444445
0 0.4934895833333333 0.7055555555555556 0.009895833333333333 0.03888888888888889
0 0.49166666666666664 0.6907407407407408 0.010416666666666666 0.05925925925925926
0 0.9807291666666667 0.6296296296296297 0.015625 0.07962962962962963
0 0.70390625 0.6662037037037037 0.005729166666666666 0.030555555555555555
0 0.9908854166666666 0.6754629629629629 0.0171875 0.30648148148148147
0 0.5916666666666667 0.6828703703703703 0.011458333333333333 0.03796296296296296
0 0.5880208333333333 0.6833333333333333 0.010416666666666666 0.03888888888888889
0 0.61484375 0.7199074074074074 0.04114583333333333 0.15833333333333333
0 0.48828125 0.6976851851851852 0.015104166666666667 0.05648148148148148
0 0.37447916666666664 0.6902777777777778 0.010416666666666666 0.062037037037037036
0 0.67421875 0.6712962962962963 0.0046875 0.027777777777777776
0 0.5033854166666667 0.6898148148148148 0.009895833333333333 0.04814814814814815
