0 0.8239583333333333 0.675 0.04583333333333333 0.17222222222222222
0 0.4864583333333333 0.7069444444444445 0.0125 0.03796296296296296
0 0.48359375 0.6925925925925925 0.0109375 0.06111111111111111
0 0.98125 0.6296296296296297 0.0125 0.08148148148148149
0 0.70078125 0.6671296296296296 0.0067708333333333336 0.030555555555555555
0 0.9916666666666667 0.6791666666666667 0.015625 0.3101851851851852
0 0.58515625 0.6837962962962963 0.0078125 0.03981481481481482
0 0.5809895833333333 0.6837962962962963 0.0109375 0.03981481481481482
0 0.6260416666666667 0.7203703703703703 0.04375 0.16111111111111112
0 0.47890625 0.6986111111111111 0.013020833333333334 0.058333333333333334
0 0.37083333333333335 0.6902777777777778 0.010416666666666666 0.06018518518518518
0 0.6731770833333334 0.6722222222222223 0.0046875 0.027777777777777776
0 0.5041666666666667 0.6921296296296297 0.010416666666666666 0.049074074074074076
