0 0.8231770833333333 0.674537037037037 0.0484375 0.1712962962962963
0 0.48723958333333334 0.7060185185185185 0.011979166666666667 0.03796296296296296
0 0.48515625 0.6921296296296297 0.0109375 0.06018518518518518
0 0.9809895833333333 0.6296296296296297 0.013020833333333334 0.08148148148148149
0 0.7015625 0.6657407407407407 0.00625 0.02962962962962963
0 0.99140625 0.6777777777777778 0.016145833333333335 0.30925925925925923
0 0.5864583333333333 0.6833333333333333 0.008333333333333333 0.03888888888888889
0 0.5825520833333333 0.6837962962962963 0.0109375 0.03981481481481482
0 0.6236979166666666 0.7203703703703703 0.044270833333333336 0.16111111111111112
0 0.48072916666666665 0.6981481481481482 0.013541666666666667 0.05740740740740741
0 0.37135416666666665 0.6907407407407408 0.010416666666666666 0.06111111111111111
0 0.6731770833333334 0.6722222222222223 0.0046875 0.027777777777777776
0 0.50390625 0.6912037037037037 0.009895833333333333 0.049074074074074076
