0 0.8489583333333334 0.6791666666666667 0.053125 0.17685185185185184
0 0.4640625 0.711574074074074 0.008333333333333333 0.03981481481481482
0 0.4588541666666667 0.6962962962962963 0.010416666666666666 0.06111111111111111
0 0.978125 0.6375 0.017708333333333333 0.07314814814814814
0 0.6903645833333333 0.6736111111111112 0.005729166666666666 0.030555555555555555
0 0.99296875 0.6847222222222222 0.013020833333333334 0.3175925925925926
0 0.5682291666666667 0.6907407407407408 0.009375 0.03888888888888889
0 0.5653645833333333 0.6916666666666667 0.0109375 0.040740740740740744
0 0.6411458333333333 0.7263888888888889 0.05 0.17314814814814813
0 0.4588541666666667 0.7032407407407407 0.0125 0.06018518518518518
0 0.3572916666666667 0.6949074074074074 0.010416666666666666 0.062037037037037036
0 0.66484375 0.674537037037037 0.0046875 0.028703703703703703
0 0.5028645833333333 0.6967592592592593 0.0140625 0.049074074074074076
