0 0.8309895833333333 0.6759259259259259 0.034895833333333334 0.17777777777777778
0 0.4778645833333333 0.7083333333333334 0.011979166666666667 0.03888888888888889
0 0.47421875 0.6935185185185185 0.0109375 0.06111111111111111
0 0.9802083333333333 0.6314814814814815 0.013541666666666667 0.07962962962962963
0 0.69765625 0.6694444444444444 0.0067708333333333336 0.03148148148148148
0 0.9921875 0.6810185185185185 0.014583333333333334 0.3138888888888889
0 0.57890625 0.6856481481481481 0.0078125 0.03981481481481482
0 0.57578125 0.6875 0.0109375 0.03981481481481482
0 0.6359375 0.7222222222222222 0.03958333333333333 0.1648148148148148
0 0.4708333333333333 0.7 0.0125 0.05925925925925926
0 0.36614583333333334 0.6925925925925925 0.010416666666666666 0.06111111111111111
0 0.6721354166666667 0.6731481481481482 0.0046875 0.027777777777777776
0 0.5052083333333334 0.6935185185185185 0.013541666666666667 0.04814814814814815
