0 0.85546875 0.6759259259259259 0.04010416666666667 0.18518518518518517
0 0.44453125 0.712037037037037 0.0109375 0.040740740740740744
0 0.43984375 0.6976851851851852 0.009895833333333333 0.062037037037037036
0 0.9716145833333333 0.6388888888888888 0.018229166666666668 0.07592592592592592
0 0.67890625 0.674537037037037 0.005729166666666666 0.030555555555555555
0 0.99375 0.687962962962963 0.011458333333333333 0.32222222222222224
0 0.55234375 0.6916666666666667 0.0109375 0.03888888888888889
0 0.5479166666666667 0.6912037037037037 0.010416666666666666 0.041666666666666664
0 0.6486979166666667 0.7282407407407407 0.0328125 0.18425925925925926
0 0.4401041666666667 0.7050925925925926 0.014583333333333334 0.06018518518518518
0 0.3424479166666667 0.6944444444444444 0.0109375 0.06296296296296296
0 0.6546875 0.675 0.010416666666666666 0.02962962962962963
0 0.49765625 0.6976851851851852 0.011979166666666667 0.05092592592592592
