0 0.8536458333333333 0.6777777777777778 0.04375 0.18333333333333332
0 0.4515625 0.7129629629629629 0.011458333333333333 0.040740740740740744
0 0.44583333333333336 0.6976851851851852 0.010416666666666666 0.062037037037037036
0 0.9734375 0.638425925925926 0.017708333333333333 0.07685185185185185
0 0.6825520833333333 0.674537037037037 0.005729166666666666 0.030555555555555555
0 0.9934895833333334 0.6875 0.011979166666666667 0.3212962962962963
0 0.5567708333333333 0.6916666666666667 0.010416666666666666 0.03888888888888889
0 0.553125 0.6912037037037037 0.010416666666666666 0.041666666666666664
0 0.64609375 0.7277777777777777 0.0328125 0.1814814814814815
0 0.44557291666666665 0.7050925925925926 0.0140625 0.06018518518518518
0 0.34661458333333334 0.6953703703703704 0.0109375 0.06296296296296296
0 0.6578125 0.675 0.010416666666666666 0.02962962962962963
0 0.49973958333333335 0.6981481481481482 0.013020833333333334 0.05
