0 0.8578125 0.675 0.034375 0.18888888888888888
0 0.434375 0.711574074074074 0.010416666666666666 0.041666666666666664
0 0.43203125 0.6981481481481482 0.009895833333333333 0.06296296296296296
0 0.9690104166666667 0.6388888888888888 0.019270833333333334 0.07407407407407407
0 0.6736979166666667 0.675 0.005729166666666666 0.02962962962962963
0 0.9940104166666667 0.6888888888888889 0.0109375 0.32407407407407407
0 0.5453125 0.6925925925925925 0.011458333333333333 0.03888888888888889
0 0.540625 0.6912037037037037 0.010416666666666666 0.041666666666666664
0 0.6526041666666667 0.7291666666666666 0.042708333333333334 0.18611111111111112
0 0.43203125 0.7060185185185185 0.015104166666666667 0.06018518518518518
0 0.33567708333333335 0.6949074074074074 0.0109375 0.06388888888888888
0 0.6494791666666667 0.674537037037037 0.010416666666666666 0.030555555555555555
0 0.49453125 0.6981481481481482 0.0109375 0.05185185185185185
