0 0.8807291666666667 0.6708333333333333 0.057291666666666664 0.19166666666666668
0 0.4088541666666667 0.7106481481481481 0.010416666666666666 0.04351851851851852
0 0.40625 0.6972222222222222 0.016666666666666666 0.06481481481481481
0 0.9625 0.6342592592592593 0.016666666666666666 0.07222222222222222
0 0.6606770833333333 0.674074074074074 0.005729166666666666 0.02962962962962963
0 0.5260416666666666 0.6907407407407408 0.008333333333333333 0.04259259259259259
0 0.521875 0.6907407407407408 0.010416666666666666 0.04259259259259259
0 0.6669270833333333 0.7282407407407407 0.043229166666666666 0.19907407407407407
0 0.4078125 0.7041666666666667 0.013541666666666667 0.062037037037037036
0 0.31640625 0.6935185185185185 0.011979166666666667 0.06481481481481481
0 0.6369791666666667 0.674537037037037 0.010416666666666666 0.032407407407407406
0 0.48541666666666666 0.6953703703703704 0.0125 0.053703703703703705
