0 0.8729166666666667 0.6731481481481482 0.05 0.18888888888888888
0 0.4205729166666667 0.7106481481481481 0.009895833333333333 0.041666666666666664
0 0.41901041666666666 0.6976851851851852 0.013020833333333334 0.06388888888888888
0 0.9658854166666667 0.6365740740740741 0.018229166666666668 0.07314814814814814
0 0.6666666666666666 0.674537037037037 0.005208333333333333 0.030555555555555555
0 0.5356770833333333 0.6916666666666667 0.009895833333333333 0.040740740740740744
0 0.53125 0.6907407407407408 0.010416666666666666 0.04259259259259259
0 0.6583333333333333 0.7291666666666666 0.05625 0.18796296296296297
0 0.4200520833333333 0.7046296296296296 0.0140625 0.06111111111111111
0 0.3260416666666667 0.6939814814814815 0.011458333333333333 0.06388888888888888
0 0.6432291666666666 0.675 0.010416666666666666 0.03148148148148148
0 0.48984375 0.6967592592592593 0.008854166666666666 0.05277777777777778
