0 0.909375 0.6625 0.041666666666666664 0.2064814814814815
0 0.38046875 0.7106481481481481 0.011979166666666667 0.04537037037037037
0 0.37864583333333335 0.6972222222222222 0.019791666666666666 0.07037037037037037
0 0.9611979166666667 0.6351851851851852 0.015104166666666667 0.07407407407407407
0 0.6479166666666667 0.674074074074074 0.007291666666666667 0.03148148148148148
0 0.50703125 0.6902777777777778 0.008854166666666666 0.04351851851851852
0 0.5015625 0.6893518518518519 0.010416666666666666 0.04351851851851852
0 0.6973958333333333 0.7310185185185185 0.059375 0.22314814814814815
0 0.3807291666666667 0.700925925925926 0.011458333333333333 0.06666666666666667
0 0.2955729166666667 0.6888888888888889 0.011979166666666667 0.06666666666666667
0 0.47942708333333334 0.6944444444444444 0.011979166666666667 0.053703703703703705
