0 0.9033854166666667 0.6648148148148149 0.04635416666666667 0.2037037037037037
0 0.3859375 0.7111111111111111 0.011458333333333333 0.046296296296296294
0 0.3841145833333333 0.6995370370370371 0.019270833333333334 0.06944444444444445
0 0.9606770833333333 0.6351851851851852 0.015104166666666667 0.07407407407407407
0 0.6502604166666667 0.674074074074074 0.0067708333333333336 0.03148148148148148
0 0.5104166666666666 0.6902777777777778 0.008333333333333333 0.04351851851851852
0 0.5052083333333334 0.6930555555555555 0.010416666666666666 0.04351851851851852
0 0.6908854166666667 0.7310185185185185 0.05260416666666667 0.21944444444444444
0 0.38619791666666664 0.7013888888888888 0.011979166666666667 0.06574074074074074
0 0.29973958333333334 0.6898148148148148 0.011979166666666667 0.06666666666666667
0 0.48020833333333335 0.6944444444444444 0.0125 0.053703703703703705
