0 0.9880208333333333 0.6462962962962963 0.021875 0.24814814814814815
0 0.3338541666666667 0.7171296296296297 0.010416666666666666 0.04537037037037037
0 0.3333333333333333 0.6986111111111111 0.015625 0.07685185185185185
0 0.9799479166666667 0.6296296296296297 0.0140625 0.07777777777777778
0 0.63515625 0.6787037037037037 0.009895833333333333 0.03333333333333333
0 0.48098958333333336 0.6958333333333333 0.0109375 0.04537037037037037
0 0.4783854166666667 0.6962962962962963 0.016145833333333335 0.05185185185185185
0 0.8002604166666667 0.7300925925925926 0.0609375 0.2861111111111111
0 0.3359375 0.7064814814814815 0.01875 0.07222222222222222
0 0.2640625 0.6921296296296297 0.0125 0.075
0 0.4765625 0.6995370370370371 0.011458333333333333 0.058333333333333334
