0 0.015625 0.6263888888888889 0.013541666666666667 0.06388888888888888
0 0.3796875 0.6203703703703703 0.013541666666666667 0.05555555555555555
0 0.023958333333333335 0.6212962962962963 0.019791666666666666 0.09074074074074075
0 0.7453125 0.5935185185185186 0.011458333333333333 0.040740740740740744
0 0.2171875 0.6092592592592593 0.010416666666666666 0.04814814814814815
0 0.5833333333333334 0.6101851851851852 0.010416666666666666 0.027777777777777776
0 0.22473958333333333 0.612037037037037 0.0140625 0.06296296296296296
0 0.5885416666666666 0.6046296296296296 0.010416666666666666 0.03333333333333333
0 0.5979166666666667 0.611574074074074 0.011458333333333333 0.049074074074074076
0 0.6067708333333334 0.6064814814814815 0.013541666666666667 0.05925925925925926
