0 0.030729166666666665 0.6259259259259259 0.016666666666666666 0.06111111111111111
0 0.3815104166666667 0.6203703703703703 0.013020833333333334 0.053703703703703705
0 0.039322916666666666 0.6236111111111111 0.0203125 0.08796296296296297
0 0.7403645833333333 0.5958333333333333 0.0109375 0.041666666666666664
0 0.221875 0.6092592592592593 0.010416666666666666 0.04814814814814815
0 0.58125 0.6097222222222223 0.010416666666666666 0.026851851851851852
0 0.22864583333333333 0.6129629629629629 0.013541666666666667 0.06296296296296296
0 0.5864583333333333 0.6055555555555555 0.010416666666666666 0.03518518518518519
0 0.5932291666666667 0.6157407407407407 0.0125 0.046296296296296294
0 0.6049479166666667 0.6083333333333333 0.013020833333333334 0.05925925925925926
