0 0.0203125 0.6259259259259259 0.014583333333333334 0.06296296296296296
0 0.38046875 0.6199074074074075 0.013020833333333334 0.05462962962962963
0 0.028645833333333332 0.6231481481481481 0.019791666666666666 0.08888888888888889
0 0.74375 0.5939814814814814 0.011458333333333333 0.041666666666666664
0 0.21875 0.6092592592592593 0.010416666666666666 0.04814814814814815
0 0.5828125 0.6101851851851852 0.010416666666666666 0.027777777777777776
0 0.22630208333333332 0.612037037037037 0.0140625 0.06296296296296296
0 0.5880208333333333 0.6046296296296296 0.010416666666666666 0.03333333333333333
0 0.5966145833333333 0.6138888888888889 0.011979166666666667 0.04814814814814815
0 0.6059895833333333 0.6069444444444444 0.0140625 0.058333333333333334
