0 0.5169270833333334 0.674074074074074 0.016145833333333335 0.05555555555555555
0 0.56640625 0.6648148148148149 0.0109375 0.06481481481481481
0 0.23828125 0.6527777777777778 0.016145833333333335 0.07037037037037037
0 0.9895833333333334 0.6694444444444444 0.01875 0.1
0 0.10911458333333333 0.6356481481481482 0.019270833333333334 0.09907407407407408
0 0.125 0.6416666666666667 0.021875 0.06666666666666667
0 0.25052083333333336 0.6569444444444444 0.01875 0.0824074074074074
0 0.1640625 0.649074074074074 0.022916666666666665 0.07962962962962963
0 0.5411458333333333 0.6666666666666666 0.010416666666666666 0.05555555555555555
0 0.6690104166666667 0.6689814814814815 0.016145833333333335 0.07685185185185185
