0 0.5190104166666667 0.6708333333333333 0.013020833333333334 0.05462962962962963
0 0.5643229166666667 0.6652777777777777 0.0109375 0.062037037037037036
0 0.25234375 0.6550925925925926 0.015104166666666667 0.06759259259259259
0 0.9625 0.662962962962963 0.022916666666666665 0.08333333333333333
0 0.1296875 0.6365740740740741 0.019791666666666666 0.09166666666666666
0 0.14739583333333334 0.6449074074074074 0.021875 0.06388888888888888
0 0.26197916666666665 0.6592592592592592 0.01875 0.07777777777777778
0 0.18229166666666666 0.6449074074074074 0.021875 0.075
0 0.5385416666666667 0.6685185185185185 0.010416666666666666 0.053703703703703705
0 0.6580729166666667 0.6689814814814815 0.015104166666666667 0.0712962962962963
