0 0.5184895833333333 0.6717592592592593 0.0140625 0.05462962962962963
0 0.56484375 0.6657407407407407 0.0109375 0.06296296296296296
0 0.24947916666666667 0.6550925925925926 0.015625 0.06759259259259259
0 0.9674479166666666 0.6648148148148149 0.021354166666666667 0.08703703703703704
0 0.12447916666666667 0.6365740740740741 0.019791666666666666 0.09351851851851851
0 0.14270833333333333 0.6444444444444445 0.021875 0.06481481481481481
0 0.259375 0.6587962962962963 0.01875 0.0787037037037037
0 0.17734375 0.6435185185185185 0.022395833333333334 0.07592592592592592
0 0.5390625 0.6675925925925926 0.009375 0.053703703703703705
0 0.6614583333333334 0.6689814814814815 0.015625 0.07314814814814814
