0 0.51796875 0.675 0.016145833333333335 0.05555555555555555
0 0.5651041666666666 0.6662037037037037 0.010416666666666666 0.06388888888888888
0 0.24375 0.6541666666666667 0.015625 0.06944444444444445
0 0.9776041666666667 0.6671296296296296 0.017708333333333333 0.09351851851851851
0 0.11979166666666667 0.637962962962963 0.019791666666666666 0.0962962962962963
0 0.13385416666666666 0.6430555555555556 0.021875 0.06574074074074074
0 0.2552083333333333 0.6578703703703703 0.01875 0.08055555555555556
0 0.16692708333333334 0.6425925925925926 0.022395833333333334 0.07777777777777778
0 0.5403645833333334 0.6671296296296296 0.009895833333333333 0.05462962962962963
0 0.6645833333333333 0.6689814814814815 0.015625 0.075
