0 0.5091145833333334 0.6685185185185185 0.0171875 0.06666666666666667
0 0.57578125 0.6606481481481481 0.0171875 0.0712962962962963
0 0.20755208333333333 0.6509259259259259 0.0171875 0.08148148148148149
0 0.04453125 0.6226851851851852 0.018229166666666668 0.1175925925925926
0 0.07083333333333333 0.6361111111111111 0.021875 0.07222222222222222
0 0.21666666666666667 0.6486111111111111 0.01875 0.08796296296296297
0 0.09244791666666667 0.6337962962962963 0.025520833333333333 0.09166666666666666
0 0.19713541666666667 0.6532407407407408 0.016145833333333335 0.06944444444444445
0 0.5502604166666667 0.6638888888888889 0.013020833333333334 0.06296296296296296
0 0.3419270833333333 0.6467592592592593 0.011979166666666667 0.03796296296296296
0 0.70859375 0.6615740740740741 0.018229166666666668 0.09166666666666666
0 0.5864583333333333 0.6555555555555556 0.013541666666666667 0.05185185185185185
