0 0.50546875 0.6671296296296296 0.016145833333333335 0.075
0 0.5778645833333333 0.6578703703703703 0.015104166666666667 0.08425925925925926
0 0.18854166666666666 0.649537037037037 0.01875 0.08425925925925926
0 0.008854166666666666 0.6203703703703703 0.017708333333333333 0.1259259259259259
0 0.040625 0.6300925925925925 0.021875 0.075
0 0.19947916666666668 0.6449074074074074 0.01875 0.08796296296296297
0 0.059375 0.6273148148148148 0.027083333333333334 0.09722222222222222
0 0.17447916666666666 0.6504629629629629 0.017708333333333333 0.08425925925925926
0 0.5544270833333333 0.6625 0.013020833333333334 0.06759259259259259
0 0.5276041666666667 0.6518518518518519 0.010416666666666666 0.03518518518518519
0 0.33828125 0.6462962962962963 0.011979166666666667 0.03888888888888889
0 0.7317708333333334 0.6638888888888889 0.01875 0.09814814814814815
0 0.5942708333333333 0.6555555555555556 0.014583333333333334 0.05555555555555555
