0 0.5026041666666666 0.6643518518518519 0.014583333333333334 0.0787037037037037
0 0.5799479166666667 0.6569444444444444 0.0171875 0.08425925925925926
0 0.17838541666666666 0.6462962962962963 0.019270833333333334 0.08518518518518518
0 0.32083333333333336 0.6462962962962963 0.010416666666666666 0.037037037037037035
0 0.19010416666666666 0.6439814814814815 0.01875 0.08796296296296297
0 0.16276041666666666 0.6430555555555556 0.018229166666666668 0.07314814814814814
0 0.5559895833333334 0.6615740740740741 0.013020833333333334 0.06944444444444445
0 0.528125 0.6518518518518519 0.010416666666666666 0.03518518518518519
0 0.33255208333333336 0.6407407407407407 0.011979166666666667 0.03888888888888889
0 0.74296875 0.6648148148148149 0.019270833333333334 0.10185185185185185
0 0.5981770833333333 0.6564814814814814 0.015104166666666667 0.05740740740740741
0 0.3151041666666667 0.6449074074074074 0.011458333333333333 0.041666666666666664
