0 0.5072916666666667 0.6685185185185185 0.017708333333333333 0.06851851851851852
0 0.5768229166666666 0.6611111111111111 0.0171875 0.07407407407407407
0 0.2015625 0.6504629629629629 0.017708333333333333 0.0824074074074074
0 0.030989583333333334 0.6240740740740741 0.018229166666666668 0.12037037037037036
0 0.0609375 0.6347222222222222 0.021875 0.07314814814814814
0 0.2109375 0.6476851851851851 0.01875 0.08796296296296297
0 0.08125 0.6319444444444444 0.026041666666666668 0.09351851851851851
0 0.18854166666666666 0.6537037037037037 0.016666666666666666 0.07037037037037037
0 0.5513020833333333 0.6638888888888889 0.013020833333333334 0.06481481481481481
0 0.5276041666666667 0.6518518518518519 0.010416666666666666 0.03518518518518519
0 0.34036458333333336 0.6458333333333334 0.011979166666666667 0.03796296296296296
0 0.71640625 0.662962962962963 0.018229166666666668 0.09444444444444444
0 0.5893229166666667 0.6550925925925926 0.0140625 0.05277777777777778
