0 0.4934895833333333 0.6694444444444444 0.0234375 0.08518518518518518
0 0.5877604166666667 0.6583333333333333 0.016145833333333335 0.09074074074074075
0 0.14322916666666666 0.6449074074074074 0.021875 0.09722222222222222
0 0.31015625 0.6458333333333334 0.0109375 0.03796296296296296
0 0.2796875 0.6402777777777777 0.016666666666666666 0.05277777777777778
0 0.14947916666666666 0.6467592592592593 0.020833333333333332 0.10092592592592593
0 0.1171875 0.649074074074074 0.020833333333333332 0.07407407407407407
0 0.5651041666666666 0.6643518518518519 0.014583333333333334 0.07685185185185185
0 0.528125 0.6518518518518519 0.010416666666666666 0.03518518518518519
0 0.3255208333333333 0.6365740740740741 0.011458333333333333 0.03981481481481482
0 0.7890625 0.6574074074074074 0.021875 0.12037037037037036
0 0.6114583333333333 0.6574074074074074 0.017708333333333333 0.06296296296296296
0 0.30625 0.6342592592592593 0.010416666666666666 0.04259259259259259
