0 0.49713541666666666 0.6657407407407407 0.0203125 0.07962962962962963
0 0.5838541666666667 0.6574074074074074 0.01875 0.08518518518518518
0 0.15859375 0.6435185185185185 0.0203125 0.09074074074074075
0 0.31588541666666664 0.6458333333333334 0.0109375 0.03796296296296296
0 0.17161458333333332 0.6430555555555556 0.019270833333333334 0.09166666666666666
0 0.14088541666666668 0.6421296296296296 0.019270833333333334 0.07314814814814814
0 0.5604166666666667 0.6615740740740741 0.013541666666666667 0.07314814814814814
0 0.528125 0.6518518518518519 0.010416666666666666 0.03518518518518519
0 0.32838541666666665 0.6375 0.0109375 0.03981481481481482
0 0.7638020833333333 0.6620370370370371 0.0203125 0.10925925925925926
0 0.6052083333333333 0.6569444444444444 0.016666666666666666 0.06018518518518518
0 0.3104166666666667 0.6398148148148148 0.0125 0.044444444444444446
