0 0.459375 0.6787037037037037 0.027083333333333334 0.11666666666666667
0 0.6143229166666667 0.6638888888888889 0.022395833333333334 0.1259259259259259
0 0.28411458333333334 0.6467592592592593 0.011979166666666667 0.041666666666666664
0 0.24270833333333333 0.6430555555555556 0.017708333333333333 0.058333333333333334
0 0.04114583333333333 0.6620370370370371 0.027083333333333334 0.14629629629629629
0 0.5955729166666667 0.6717592592592593 0.021354166666666667 0.10462962962962963
0 0.5760416666666667 0.6513888888888889 0.016666666666666666 0.05277777777777778
0 0.5307291666666667 0.65 0.010416666666666666 0.03518518518518519
0 0.31484375 0.6416666666666667 0.011979166666666667 0.04259259259259259
0 0.9489583333333333 0.6694444444444444 0.028125 0.17222222222222222
0 0.6578125 0.663425925925926 0.021875 0.08981481481481482
0 0.27682291666666664 0.6481481481481481 0.0109375 0.044444444444444446
