0 0.4546875 0.6800925925925926 0.03229166666666667 0.1175925925925926
0 0.6177083333333333 0.6662037037037037 0.021875 0.1287037037037037
0 0.28203125 0.6472222222222223 0.011979166666666667 0.04259259259259259
0 0.23932291666666666 0.6430555555555556 0.0171875 0.058333333333333334
0 0.03203125 0.662962962962963 0.0265625 0.15
0 0.59921875 0.6731481481481482 0.022395833333333334 0.10740740740740741
0 0.5770833333333333 0.6509259259259259 0.016666666666666666 0.053703703703703705
0 0.53125 0.65 0.010416666666666666 0.03518518518518519
0 0.31171875 0.6421296296296296 0.011979166666666667 0.04351851851851852
0 0.9651041666666667 0.6722222222222223 0.025 0.17777777777777778
0 0.6622395833333333 0.6638888888888889 0.022395833333333334 0.09259259259259259
0 0.275 0.6486111111111111 0.011458333333333333 0.04537037037037037
