0 0.46171875 0.6782407407407407 0.024479166666666666 0.11574074074074074
0 0.6122395833333333 0.662962962962963 0.022395833333333334 0.12407407407407407
0 0.04088541666666667 0.6662037037037037 0.028645833333333332 0.13055555555555556
0 0.28515625 0.6462962962962963 0.011979166666666667 0.040740740740740744
0 0.24453125 0.6425925925925926 0.018229166666666668 0.05740740740740741
0 0.04609375 0.6620370370370371 0.027604166666666666 0.14444444444444443
0 0.5942708333333333 0.6703703703703704 0.020833333333333332 0.1037037037037037
0 0.5755208333333334 0.6513888888888889 0.016666666666666666 0.05277777777777778
0 0.5307291666666667 0.65 0.010416666666666666 0.03518518518518519
0 0.31588541666666664 0.6425925925925926 0.011979166666666667 0.04259259259259259
0 0.9403645833333333 0.6680555555555555 0.0296875 0.16944444444444445
0 0.6557291666666667 0.662962962962963 0.021875 0.08888888888888889
0 0.27786458333333336 0.6481481481481481 0.0109375 0.044444444444444446
