0 0.44114583333333335 0.6865740740740741 0.029166666666666667 0.13055555555555556
0 0.6354166666666666 0.6699074074074074 0.025 0.14537037037037037
0 0.27421875 0.65 0.011979166666666667 0.046296296296296294
0 0.22369791666666666 0.6449074074074074 0.0171875 0.062037037037037036
0 0.6143229166666667 0.6782407407407407 0.0265625 0.1175925925925926
0 0.5822916666666667 0.65 0.016666666666666666 0.05740740740740741
0 0.5333333333333333 0.649074074074074 0.010416666666666666 0.03518518518518519
0 0.30182291666666666 0.6407407407407407 0.011979166666666667 0.044444444444444446
0 0.68125 0.6657407407407407 0.023958333333333335 0.1037037037037037
0 0.26588541666666665 0.6486111111111111 0.013020833333333334 0.04722222222222222
