0 0.43307291666666664 0.6865740740740741 0.0265625 0.1361111111111111
0 0.6419270833333334 0.6699074074074074 0.0265625 0.15092592592592594
0 0.2721354166666667 0.65 0.011979166666666667 0.04814814814814815
0 0.21875 0.6449074074074074 0.017708333333333333 0.06388888888888888
0 0.6200520833333333 0.6777777777777778 0.027604166666666666 0.12037037037037036
0 0.584375 0.649537037037037 0.016666666666666666 0.058333333333333334
0 0.5338541666666666 0.6481481481481481 0.010416666666666666 0.03518518518518519
0 0.29973958333333334 0.6407407407407407 0.011979166666666667 0.044444444444444446
0 0.6919270833333333 0.6662037037037037 0.025520833333333333 0.10833333333333334
0 0.26328125 0.649074074074074 0.013020833333333334 0.04814814814814815
