0 0.40859375 0.6907407407407408 0.03802083333333333 0.15925925925925927
0 0.6721354166666667 0.6736111111111112 0.034895833333333334 0.1787037037037037
0 0.2638020833333333 0.6476851851851851 0.011979166666666667 0.05277777777777778
0 0.20052083333333334 0.6439814814814815 0.025 0.07314814814814814
0 0.6419270833333334 0.6842592592592592 0.034895833333333334 0.13703703703703704
0 0.59375 0.6509259259259259 0.016666666666666666 0.06111111111111111
0 0.62109375 0.6518518518518519 0.015104166666666667 0.06851851851851852
0 0.5375 0.6472222222222223 0.010416666666666666 0.03518518518518519
0 0.29453125 0.6416666666666667 0.011979166666666667 0.046296296296296294
0 0.7328125 0.6666666666666666 0.030208333333333334 0.12777777777777777
0 0.25625 0.649074074074074 0.014583333333333334 0.05555555555555555
