0 0.42265625 0.6842592592592592 0.0390625 0.1425925925925926
0 0.6546875 0.6717592592592593 0.030208333333333334 0.16203703703703703
0 0.26848958333333334 0.6509259259259259 0.011979166666666667 0.05
0 0.21119791666666668 0.6449074074074074 0.0203125 0.06759259259259259
0 0.6291666666666667 0.6782407407407407 0.030208333333333334 0.12685185185185185
0 0.5869791666666667 0.649537037037037 0.016666666666666666 0.06018518518518518
0 0.5348958333333333 0.6481481481481481 0.010416666666666666 0.03518518518518519
0 0.29713541666666665 0.6412037037037037 0.011979166666666667 0.04537037037037037
0 0.7088541666666667 0.6666666666666666 0.027083333333333334 0.11666666666666667
0 0.26015625 0.6486111111111111 0.0140625 0.05092592592592592
