0 0.37447916666666664 0.6935185185185185 0.052083333333333336 0.17592592592592593
0 0.7002604166666667 0.674537037037037 0.04739583333333333 0.20277777777777778
0 0.25859375 0.65 0.011979166666666667 0.053703703703703705
0 0.18229166666666666 0.6421296296296296 0.025 0.08055555555555556
0 0.6575520833333334 0.6912037037037037 0.0390625 0.1675925925925926
0 0.6041666666666666 0.6518518518518519 0.016666666666666666 0.06111111111111111
0 0.6283854166666667 0.6509259259259259 0.015104166666666667 0.07407407407407407
0 0.5411458333333333 0.6453703703703704 0.010416666666666666 0.03518518518518519
0 0.28984375 0.6402777777777777 0.011979166666666667 0.04722222222222222
0 0.7708333333333334 0.6671296296296296 0.034375 0.14537037037037037
0 0.24817708333333333 0.6467592592592593 0.011979166666666667 0.05277777777777778
