0 0.39114583333333336 0.6935185185185185 0.041666666666666664 0.1648148148148148
0 0.6848958333333334 0.6754629629629629 0.03854166666666667 0.18981481481481483
0 0.26276041666666666 0.65 0.011979166666666667 0.053703703703703705
0 0.1921875 0.6430555555555556 0.025 0.07685185185185185
0 0.6494791666666667 0.6921296296296297 0.03854166666666667 0.15648148148148147
0 0.5989583333333334 0.6518518518518519 0.016666666666666666 0.06111111111111111
0 0.62421875 0.6513888888888889 0.015104166666666667 0.0712962962962963
0 0.5390625 0.6462962962962963 0.010416666666666666 0.03518518518518519
0 0.29296875 0.6407407407407407 0.011979166666666667 0.046296296296296294
0 0.7505208333333333 0.6671296296296296 0.03229166666666667 0.1361111111111111
0 0.25234375 0.649074074074074 0.013020833333333334 0.05555555555555555
