0 0.3346354166666667 0.6990740740740741 0.04635416666666667 0.19814814814814816
0 0.7223958333333333 0.6805555555555556 0.04895833333333333 0.22962962962962963
0 0.2596354166666667 0.65 0.011979166666666667 0.053703703703703705
0 0.1640625 0.6412037037037037 0.025 0.08796296296296297
0 0.6658854166666667 0.6958333333333333 0.0515625 0.18055555555555555
0 0.6135416666666667 0.6472222222222223 0.016666666666666666 0.06111111111111111
0 0.6361979166666667 0.6513888888888889 0.015104166666666667 0.08055555555555556
0 0.5453125 0.6444444444444445 0.010416666666666666 0.03518518518518519
0 0.2877604166666667 0.6398148148148148 0.011979166666666667 0.04814814814814815
0 0.8143229166666667 0.6680555555555555 0.03802083333333333 0.16574074074074074
0 0.24401041666666667 0.6472222222222223 0.0140625 0.05555555555555555
