0 0.31145833333333334 0.7027777777777777 0.05625 0.21481481481481482
0 0.725 0.6912037037037037 0.05416666666666667 0.24722222222222223
0 0.25390625 0.6453703703703704 0.011979166666666667 0.053703703703703705
0 0.15416666666666667 0.6407407407407407 0.025 0.09259259259259259
0 0.6708333333333333 0.7046296296296296 0.042708333333333334 0.1925925925925926
0 0.6177083333333333 0.6472222222222223 0.01875 0.06296296296296296
0 0.6393229166666666 0.6509259259259259 0.015104166666666667 0.08148148148148149
0 0.546875 0.6453703703703704 0.010416666666666666 0.03518518518518519
0 0.2872395833333333 0.6402777777777777 0.011979166666666667 0.049074074074074076
0 0.8395833333333333 0.6694444444444444 0.03958333333333333 0.17777777777777778
0 0.24114583333333334 0.6476851851851851 0.014583333333333334 0.05277777777777778
