0 0.21510416666666668 0.7129629629629629 0.053125 0.24814814814814815
0 0.6953125 0.7342592592592593 0.09479166666666666 0.30925925925925923
0 0.2552083333333333 0.65 0.011458333333333333 0.053703703703703705
0 0.125 0.6435185185185185 0.025 0.10185185185185185
0 0.6513020833333333 0.7175925925925926 0.05677083333333333 0.2222222222222222
0 0.6328125 0.6532407407407408 0.022916666666666665 0.08055555555555556
0 0.64453125 0.6527777777777778 0.015104166666666667 0.08148148148148149
0 0.5536458333333333 0.649537037037037 0.010416666666666666 0.03611111111111111
0 0.28359375 0.6439814814814815 0.011979166666666667 0.05277777777777778
0 0.9325520833333333 0.674074074074074 0.0453125 0.21851851851851853
0 0.24114583333333334 0.6476851851851851 0.014583333333333334 0.05277777777777778
