0 0.240625 0.712037037037037 0.057291666666666664 0.2351851851851852
0 0.7052083333333333 0.7236111111111111 0.06979166666666667 0.29907407407407405
0 0.25364583333333335 0.65 0.011458333333333333 0.053703703703703705
0 0.13229166666666667 0.6430555555555556 0.025 0.09907407407407408
0 0.6606770833333333 0.7157407407407408 0.05677083333333333 0.21296296296296297
0 0.6294270833333333 0.6532407407407408 0.0234375 0.07685185185185185
0 0.64453125 0.6518518518518519 0.015104166666666667 0.08148148148148149
0 0.5520833333333334 0.6486111111111111 0.010416666666666666 0.03611111111111111
0 0.28463541666666664 0.6425925925925926 0.011979166666666667 0.05185185185185185
0 0.9114583333333334 0.6726851851851852 0.04375 0.2101851851851852
0 0.24114583333333334 0.6476851851851851 0.014583333333333334 0.05277777777777778
