0 0.15130208333333334 0.7129629629629629 0.049479166666666664 0.2518518518518518
0 0.64140625 0.7425925925925926 0.10989583333333333 0.3388888888888889
0 0.25833333333333336 0.65 0.011458333333333333 0.053703703703703705
0 0.10625 0.6449074074074074 0.025 0.10648148148148148
0 0.6119791666666666 0.7226851851851852 0.06145833333333333 0.23981481481481481
0 0.6380208333333334 0.6541666666666667 0.021875 0.08055555555555556
0 0.64296875 0.6546296296296297 0.015104166666666667 0.08148148148148149
0 0.5557291666666667 0.6523148148148148 0.010416666666666666 0.041666666666666664
0 0.28359375 0.6458333333333334 0.011979166666666667 0.05277777777777778
0 0.2421875 0.6476851851851851 0.014583333333333334 0.05277777777777778
