0 0.07161458333333333 0.7129629629629629 0.0546875 0.2537037037037037
0 0.525 0.75 0.11354166666666667 0.37962962962962965
0 0.25677083333333334 0.65 0.011458333333333333 0.053703703703703705
0 0.08177083333333333 0.6458333333333334 0.025 0.11018518518518519
0 0.5364583333333334 0.7277777777777777 0.058333333333333334 0.29074074074074074
0 0.6588541666666666 0.6578703703703703 0.019791666666666666 0.08611111111111111
0 0.6393229166666666 0.6574074074074074 0.015104166666666667 0.08148148148148149
0 0.5578125 0.6555555555555556 0.010416666666666666 0.046296296296296294
0 0.28463541666666664 0.6486111111111111 0.011979166666666667 0.05277777777777778
0 0.24427083333333333 0.6486111111111111 0.014583333333333334 0.05277777777777778
