0 0.05651041666666667 0.7064814814814815 0.0546875 0.2518518518518518
0 0.50234375 0.7490740740740741 0.1234375 0.38333333333333336
0 0.25625 0.65 0.011458333333333333 0.053703703703703705
0 0.07552083333333333 0.6467592592592593 0.025 0.11203703703703703
0 0.5140625 0.7314814814814815 0.07291666666666667 0.2796296296296296
0 0.6614583333333334 0.6587962962962963 0.019791666666666666 0.08796296296296297
0 0.63828125 0.6583333333333333 0.015104166666666667 0.08148148148148149
0 0.5583333333333333 0.6555555555555556 0.010416666666666666 0.046296296296296294
0 0.28567708333333336 0.6486111111111111 0.013020833333333334 0.05277777777777778
0 0.24479166666666666 0.6486111111111111 0.014583333333333334 0.05277777777777778
