0 0.019270833333333334 0.7134259259259259 0.03854166666666667 0.23425925925925925
0 0.4166666666666667 0.7532407407407408 0.115625 0.39166666666666666
0 0.25494791666666666 0.65 0.0109375 0.053703703703703705
0 0.05677083333333333 0.649074074074074 0.025 0.11666666666666667
0 0.45338541666666665 0.7375 0.07447916666666667 0.27685185185185185
0 0.6703125 0.6625 0.019791666666666666 0.09351851851851851
0 0.6361979166666667 0.6592592592592592 0.015104166666666667 0.08148148148148149
0 0.5598958333333334 0.6564814814814814 0.010416666666666666 0.046296296296296294
0 0.28567708333333336 0.6504629629629629 0.011979166666666667 0.05277777777777778
0 0.2453125 0.649537037037037 0.014583333333333334 0.05277777777777778
