0 0.01796875 0.7143518518518519 0.0359375 0.2324074074074074
0 0.41171875 0.7527777777777778 0.1171875 0.3925925925925926
0 0.25494791666666666 0.65 0.0109375 0.053703703703703705
0 0.05572916666666667 0.649537037037037 0.025 0.1175925925925926
0 0.4484375 0.7375 0.08020833333333334 0.275
0 0.6713541666666667 0.662962962962963 0.019791666666666666 0.09444444444444444
0 0.6356770833333333 0.6592592592592592 0.015104166666666667 0.08148148148148149
0 0.5598958333333334 0.6564814814814814 0.010416666666666666 0.046296296296296294
0 0.28619791666666666 0.65 0.011979166666666667 0.05185185185185185
0 0.2453125 0.649537037037037 0.014583333333333334 0.05277777777777778
